2	0.5	1000	 1	period_start period_step period_end fixed/free
0.0				initial epoch
0.0				initial rotation angle      
0.1				convexity weight      
3 3				degree and order of spherical harmonics      
6				number of rows        
0.5	1			scattering parameters
0.1	1
-0.5	1     
0.1	0			LS coeff                 
50				iteration stop condidion
10				minimum number of iterations (only if the above value < 1)
5				Alamda multiplicative factor
0.1				Alamda initial value
1
105 0 0.12 2006.9-2010.10 V 703_CATALINA
2454008.871935 1.814884e+00 -2.193969e+00 -1.699063e+00 3.315837e-01 -1.199904e+00 -1.577478e+00 3.315830e-01
2454008.883645 1.814649e+00 -2.193889e+00 -1.699151e+00 3.315673e-01 -1.199852e+00 -1.577367e+00 3.315666e-01
2454008.895366 2.181406e+00 -2.193809e+00 -1.699239e+00 3.315508e-01 -1.199800e+00 -1.577255e+00 3.315501e-01
2454008.907117 1.814179e+00 -2.193728e+00 -1.699327e+00 3.315343e-01 -1.199747e+00 -1.577143e+00 3.315336e-01
2454024.914904 2.240217e+00 -2.080381e+00 -1.816125e+00 3.084969e-01 -1.161461e+00 -1.429668e+00 3.084976e-01
2454024.922464 2.042973e+00 -2.080325e+00 -1.816178e+00 3.084858e-01 -1.161458e+00 -1.429602e+00 3.084865e-01
2454030.901415 2.140057e+00 -2.036088e+00 -1.858183e+00 2.995980e-01 -1.163622e+00 -1.379411e+00 2.995992e-01
2454030.906765 2.346439e+00 -2.036048e+00 -1.858221e+00 2.995900e-01 -1.163627e+00 -1.379368e+00 2.995911e-01
2454030.912205 2.346351e+00 -2.036007e+00 -1.858258e+00 2.995818e-01 -1.163633e+00 -1.379324e+00 2.995830e-01
2454030.917675 2.346263e+00 -2.035966e+00 -1.858296e+00 2.995736e-01 -1.163639e+00 -1.379280e+00 2.995748e-01
2454040.765142 2.222207e+00 -1.960907e+00 -1.925452e+00 2.846125e-01 -1.185178e+00 -1.306262e+00 2.846144e-01
2454040.769412 1.685687e+00 -1.960874e+00 -1.925481e+00 2.846059e-01 -1.185192e+00 -1.306234e+00 2.846078e-01
2454040.772442 2.222141e+00 -1.960850e+00 -1.925501e+00 2.846012e-01 -1.185202e+00 -1.306213e+00 2.846032e-01
2454040.776722 2.222102e+00 -1.960817e+00 -1.925530e+00 2.845946e-01 -1.185216e+00 -1.306185e+00 2.845966e-01
2454040.779722 2.671522e+00 -1.960794e+00 -1.925550e+00 2.845900e-01 -1.185225e+00 -1.306165e+00 2.845920e-01
2454040.784012 1.685587e+00 -1.960761e+00 -1.925578e+00 2.845834e-01 -1.185239e+00 -1.306136e+00 2.845854e-01
2454040.787032 2.436385e+00 -1.960737e+00 -1.925598e+00 2.845788e-01 -1.185249e+00 -1.306116e+00 2.845807e-01
2454040.791302 2.026462e+00 -1.960704e+00 -1.925627e+00 2.845722e-01 -1.185263e+00 -1.306087e+00 2.845742e-01
2454050.853211 2.606193e+00 -1.881249e+00 -1.991532e+00 2.688844e-01 -1.227994e+00 -1.247577e+00 2.688871e-01
2454050.861051 2.606176e+00 -1.881186e+00 -1.991582e+00 2.688721e-01 -1.228034e+00 -1.247539e+00 2.688747e-01
2454050.868881 2.167709e+00 -1.881123e+00 -1.991632e+00 2.688597e-01 -1.228075e+00 -1.247500e+00 2.688624e-01
2454050.876741 2.167695e+00 -1.881060e+00 -1.991682e+00 2.688473e-01 -1.228116e+00 -1.247462e+00 2.688500e-01
2454058.728993 1.983927e+00 -1.817168e+00 -2.041129e+00 2.563347e-01 -1.273787e+00 -1.215596e+00 2.563379e-01
2454058.735063 1.809382e+00 -1.817118e+00 -2.041166e+00 2.563250e-01 -1.273826e+00 -1.215576e+00 2.563281e-01
2454058.741123 1.983968e+00 -1.817068e+00 -2.041204e+00 2.563152e-01 -1.273865e+00 -1.215557e+00 2.563184e-01
2454058.747163 1.983989e+00 -1.817018e+00 -2.041241e+00 2.563055e-01 -1.273904e+00 -1.215537e+00 2.563087e-01
2454080.772181 1.671527e+00 -1.629385e+00 -2.170128e+00 2.200308e-01 -1.441085e+00 -1.203612e+00 2.200350e-01
2454080.779511 1.671617e+00 -1.629321e+00 -2.170168e+00 2.200184e-01 -1.441147e+00 -1.203629e+00 2.200226e-01
2454080.786781 1.390465e+00 -1.629257e+00 -2.170208e+00 2.200062e-01 -1.441208e+00 -1.203645e+00 2.200104e-01
2454080.794010 1.054831e+00 -1.629193e+00 -2.170248e+00 2.199940e-01 -1.441268e+00 -1.203662e+00 2.199982e-01
2454109.650192 1.251384e+00 -1.366011e+00 -2.315551e+00 1.701374e-01 -1.676183e+00 -1.382386e+00 1.701420e-01
2454109.657872 1.504610e+00 -1.365938e+00 -2.315586e+00 1.701238e-01 -1.676238e+00 -1.382463e+00 1.701284e-01
2454109.665451 1.251576e+00 -1.365867e+00 -2.315621e+00 1.701104e-01 -1.676293e+00 -1.382540e+00 1.701150e-01
2454109.672971 1.372429e+00 -1.365796e+00 -2.315655e+00 1.700971e-01 -1.676347e+00 -1.382615e+00 1.701017e-01
2454130.624741 1.066544e+00 -1.163759e+00 -2.403009e+00 1.325224e-01 -1.793398e+00 -1.645491e+00 1.325266e-01
2454130.630091 1.282335e+00 -1.163707e+00 -2.403029e+00 1.325127e-01 -1.793418e+00 -1.645571e+00 1.325168e-01
2454130.635490 1.169564e+00 -1.163654e+00 -2.403049e+00 1.325029e-01 -1.793438e+00 -1.645651e+00 1.325070e-01
2454130.640860 8.872507e-01 -1.163601e+00 -2.403070e+00 1.324931e-01 -1.793457e+00 -1.645730e+00 1.324973e-01
2454144.586035 1.106910e+00 -1.024667e+00 -2.452207e+00 1.069698e-01 -1.822184e+00 -1.870277e+00 1.069734e-01
2454144.592505 1.330874e+00 -1.024602e+00 -2.452228e+00 1.069578e-01 -1.822186e+00 -1.870389e+00 1.069615e-01
2454144.598964 1.459358e+00 -1.024536e+00 -2.452249e+00 1.069459e-01 -1.822188e+00 -1.870500e+00 1.069496e-01
2454144.605404 1.459441e+00 -1.024471e+00 -2.452270e+00 1.069341e-01 -1.822191e+00 -1.870611e+00 1.069377e-01
2454168.599944 7.716778e-01 -7.783026e-01 -2.519113e+00 6.229462e-02 -1.749466e+00 -2.313318e+00 6.229674e-02
2454168.604154 1.341062e+00 -7.782587e-01 -2.519123e+00 6.228672e-02 -1.749439e+00 -2.313399e+00 6.228885e-02
2454168.608383 1.341103e+00 -7.782147e-01 -2.519133e+00 6.227879e-02 -1.749411e+00 -2.313480e+00 6.228092e-02
2454168.612593 7.717471e-01 -7.781708e-01 -2.519143e+00 6.227090e-02 -1.749383e+00 -2.313561e+00 6.227302e-02
2454172.582177 1.992724e+00 -7.366924e-01 -2.527975e+00 5.481951e-02 -1.720836e+00 -2.389900e+00 5.482134e-02
2454172.585367 8.698747e-01 -7.366590e-01 -2.527981e+00 5.481351e-02 -1.720811e+00 -2.389961e+00 5.481535e-02
2454172.588567 1.257379e+00 -7.366255e-01 -2.527988e+00 5.480750e-02 -1.720786e+00 -2.390023e+00 5.480934e-02
2454172.591757 9.538398e-01 -7.365921e-01 -2.527995e+00 5.480151e-02 -1.720761e+00 -2.390084e+00 5.480334e-02
2454382.973795 1.073692e+00 1.452876e+00 -2.017072e+00 -3.103135e-01 2.414616e+00 -1.747022e+00 -3.103151e-01
2454382.982455 1.073627e+00 1.452954e+00 -2.017012e+00 -3.103252e-01 2.414651e+00 -1.746819e+00 -3.103268e-01
2454382.986746 8.929765e-01 1.452992e+00 -2.016982e+00 -3.103310e-01 2.414668e+00 -1.746719e+00 -3.103326e-01
2454385.971455 1.263532e+00 1.479531e+00 -1.996196e+00 -3.143351e-01 2.425210e+00 -1.677069e+00 -3.143366e-01
2454385.978135 9.584409e-01 1.479590e+00 -1.996149e+00 -3.143440e-01 2.425230e+00 -1.676914e+00 -3.143455e-01
2454385.984796 9.583946e-01 1.479649e+00 -1.996102e+00 -3.143529e-01 2.425251e+00 -1.676759e+00 -3.143544e-01
2454385.991426 8.740241e-01 1.479708e+00 -1.996056e+00 -3.143617e-01 2.425271e+00 -1.676605e+00 -3.143632e-01
2454411.954086 1.021996e+00 1.699585e+00 -1.801469e+00 -3.468903e-01 2.405971e+00 -1.106363e+00 -3.468905e-01
2454411.960556 9.320162e-01 1.699637e+00 -1.801417e+00 -3.468978e-01 2.405943e+00 -1.106233e+00 -3.468981e-01
2454411.967007 9.319615e-01 1.699689e+00 -1.801366e+00 -3.469054e-01 2.405915e+00 -1.106103e+00 -3.469056e-01
2454411.973497 1.021815e+00 1.699742e+00 -1.801314e+00 -3.469130e-01 2.405888e+00 -1.105972e+00 -3.469132e-01
2454440.936166 8.371343e-01 1.919344e+00 -1.557279e+00 -3.779655e-01 2.194187e+00 -6.110724e-01 -3.779643e-01
2454440.944527 1.326647e+00 1.919403e+00 -1.557205e+00 -3.779736e-01 2.194106e+00 -6.109586e-01 -3.779724e-01
2454440.952907 1.594834e+00 1.919462e+00 -1.557131e+00 -3.779818e-01 2.194024e+00 -6.108446e-01 -3.779805e-01
2454440.961298 1.006180e+00 1.919522e+00 -1.557056e+00 -3.779899e-01 2.193943e+00 -6.107304e-01 -3.779887e-01
2454476.918229 1.270289e+00 2.149451e+00 -1.220195e+00 -4.081534e-01 1.806044e+00 -2.987031e-01 -4.081510e-01
2454476.927599 1.056469e+00 2.149504e+00 -1.220103e+00 -4.081600e-01 1.805943e+00 -2.986680e-01 -4.081575e-01
2454476.936310 1.392559e+00 2.149554e+00 -1.220017e+00 -4.081661e-01 1.805850e+00 -2.986354e-01 -4.081637e-01
2454476.944790 1.056263e+00 2.149602e+00 -1.219934e+00 -4.081721e-01 1.805759e+00 -2.986036e-01 -4.081696e-01
2454496.853320 1.133233e+00 2.254721e+00 -1.020094e+00 -4.206382e-01 1.612004e+00 -2.734988e-01 -4.206354e-01
2454496.863120 1.133133e+00 2.254769e+00 -1.019993e+00 -4.206435e-01 1.611921e+00 -2.735091e-01 -4.206408e-01
2454496.870491 1.242374e+00 2.254805e+00 -1.019918e+00 -4.206476e-01 1.611859e+00 -2.735168e-01 -4.206449e-01
2454496.876591 1.362162e+00 2.254834e+00 -1.019856e+00 -4.206509e-01 1.611807e+00 -2.735233e-01 -4.206482e-01
2454502.850028 1.295829e+00 2.283136e+00 -9.583498e-01 -4.237847e-01 1.564265e+00 -2.834721e-01 -4.237820e-01
2454502.859348 1.295736e+00 2.283179e+00 -9.582533e-01 -4.237894e-01 1.564195e+00 -2.834931e-01 -4.237866e-01
2454502.868729 1.295642e+00 2.283222e+00 -9.581562e-01 -4.237941e-01 1.564126e+00 -2.835143e-01 -4.237913e-01
2454502.878089 1.181555e+00 2.283265e+00 -9.580593e-01 -4.237988e-01 1.564056e+00 -2.835355e-01 -4.237960e-01
2454510.806449 1.775391e+00 2.318469e+00 -8.754408e-01 -4.275204e-01 1.510987e+00 -3.071219e-01 -4.275177e-01
2454510.813099 1.476651e+00 2.318498e+00 -8.753711e-01 -4.275233e-01 1.510948e+00 -3.071462e-01 -4.275206e-01
2454510.819739 1.476595e+00 2.318526e+00 -8.753014e-01 -4.275262e-01 1.510908e+00 -3.071704e-01 -4.275235e-01
2454510.826380 1.476540e+00 2.318554e+00 -8.752318e-01 -4.275292e-01 1.510869e+00 -3.071946e-01 -4.275264e-01
2454525.747299 2.029854e+00 2.377423e+00 -7.170388e-01 -4.331740e-01 1.446982e+00 -3.768203e-01 -4.331715e-01
2454525.754389 1.688348e+00 2.377448e+00 -7.169628e-01 -4.331763e-01 1.446964e+00 -3.768594e-01 -4.331737e-01
2454525.761469 1.539782e+00 2.377474e+00 -7.168870e-01 -4.331785e-01 1.446945e+00 -3.768984e-01 -4.331760e-01
2454525.768519 1.404289e+00 2.377499e+00 -7.168115e-01 -4.331808e-01 1.446927e+00 -3.769373e-01 -4.331782e-01
2454536.704018 1.556449e+00 2.414431e+00 -5.989662e-01 -4.361849e-01 1.433489e+00 -4.415949e-01 -4.361826e-01
2454536.709958 1.556476e+00 2.414450e+00 -5.989018e-01 -4.361863e-01 1.433489e+00 -4.416318e-01 -4.361840e-01
2454536.715888 1.556502e+00 2.414469e+00 -5.988376e-01 -4.361877e-01 1.433490e+00 -4.416686e-01 -4.361854e-01
2454536.721788 1.556528e+00 2.414487e+00 -5.987736e-01 -4.361890e-01 1.433491e+00 -4.417053e-01 -4.361867e-01
2454555.788263 1.318310e+00 2.466162e+00 -3.903119e-01 -4.391338e-01 1.482027e+00 -5.609967e-01 -4.391321e-01
2454555.795672 1.318392e+00 2.466179e+00 -3.902303e-01 -4.391344e-01 1.482064e+00 -5.610412e-01 -4.391327e-01
2454555.803052 1.585153e+00 2.466196e+00 -3.901490e-01 -4.391350e-01 1.482100e+00 -5.610855e-01 -4.391333e-01
2454555.810482 1.318555e+00 2.466213e+00 -3.900672e-01 -4.391355e-01 1.482137e+00 -5.611301e-01 -4.391338e-01
2454592.677578 9.482855e-01 2.519926e+00 1.908032e-02 -4.366376e-01 1.817849e+00 -7.054822e-01 -4.366374e-01
2454592.683998 1.140180e+00 2.519930e+00 1.915182e-02 -4.366362e-01 1.817931e+00 -7.054879e-01 -4.366360e-01
2454592.690418 1.039939e+00 2.519934e+00 1.922331e-02 -4.366349e-01 1.818012e+00 -7.054937e-01 -4.366347e-01
2454592.696817 1.140361e+00 2.519938e+00 1.929458e-02 -4.366335e-01 1.818093e+00 -7.054994e-01 -4.366333e-01
2455456.768875 1.873610e+00 -2.909523e+00 4.141020e-01 5.160518e-01 -1.909659e+00 3.111771e-01 5.160484e-01
2455456.775245 1.558402e+00 -2.909529e+00 4.140413e-01 5.160509e-01 -1.909654e+00 3.112250e-01 5.160475e-01
2455456.781665 1.708756e+00 -2.909534e+00 4.139801e-01 5.160501e-01 -1.909650e+00 3.112732e-01 5.160467e-01
2455456.788075 2.054379e+00 -2.909540e+00 4.139190e-01 5.160492e-01 -1.909646e+00 3.113214e-01 5.160458e-01
2455481.711790 1.409970e+00 -2.920236e+00 1.751311e-01 5.109080e-01 -1.974401e+00 4.938666e-01 5.109029e-01
2455481.718730 1.410031e+00 -2.920236e+00 1.750644e-01 5.109061e-01 -1.974441e+00 4.939126e-01 5.109010e-01
2455481.725660 1.172863e+00 -2.920236e+00 1.749977e-01 5.109041e-01 -1.974482e+00 4.939585e-01 5.108991e-01
2455481.732609 1.286074e+00 -2.920236e+00 1.749309e-01 5.109022e-01 -1.974522e+00 4.940045e-01 5.108971e-01
1 0.5
