2	0.5	1000	 1	period_start period_step period_end fixed/free
0.0				initial epoch
0.0				initial rotation angle      
0.1				convexity weight      
3 3				degree and order of spherical harmonics      
6				number of rows        
0.5	1			scattering parameters
0.1	1
-0.5	1     
0.1	0			LS coeff                 
50				iteration stop condidion
10				minimum number of iterations (only if the above value < 1)
5				Alamda multiplicative factor
0.1				Alamda initial value
7
74 0   0.013   2006-01-31.3   R   Warner
2453766.672898  9.343154e-01     1.82707441  -2.48604251  -0.59170865    1.17995530  -1.74314121  -0.59170616
2453766.675771  9.334553e-01     1.82709775  -2.48602856  -0.59171086    1.17994056  -1.74315990  -0.59170837
2453766.683834  9.464409e-01     1.82716325  -2.48598940  -0.59171707    1.17989923  -1.74321239  -0.59171458
2453766.689603  9.377638e-01     1.82721012  -2.48596138  -0.59172151    1.17986966  -1.74324995  -0.59171902
2453766.692496  9.490595e-01     1.82723362  -2.48594733  -0.59172373    1.17985483  -1.74326878  -0.59172125
2453766.695376  9.325956e-01     1.82725702  -2.48593334  -0.59172595    1.17984007  -1.74328754  -0.59172346
2453766.701138  9.438294e-01     1.82730383  -2.48590536  -0.59173039    1.17981055  -1.74332507  -0.59172790
2453766.704011  9.499341e-01     1.82732717  -2.48589140  -0.59173260    1.17979583  -1.74334378  -0.59173011
2453766.706916  9.516856e-01     1.82735077  -2.48587729  -0.59173483    1.17978095  -1.74336271  -0.59173235
2453766.709810  9.622623e-01     1.82737428  -2.48586323  -0.59173706    1.17976613  -1.74338156  -0.59173457
2453766.717938  9.738532e-01     1.82744031  -2.48582375  -0.59174332    1.17972451  -1.74343452  -0.59174083
2453766.720828  9.649248e-01     1.82746378  -2.48580971  -0.59174554    1.17970972  -1.74345336  -0.59174305
2453766.726590  9.631490e-01     1.82751059  -2.48578172  -0.59174997    1.17968022  -1.74349092  -0.59174749
2453766.729486  9.596072e-01     1.82753411  -2.48576765  -0.59175220    1.17966540  -1.74350980  -0.59174972
2453766.738140  9.534402e-01     1.82760442  -2.48572561  -0.59175886    1.17962111  -1.74356623  -0.59175638
2453766.741012  9.693788e-01     1.82762775  -2.48571166  -0.59176107    1.17960642  -1.74358496  -0.59175859
2453766.752022  9.883108e-01     1.82771718  -2.48565817  -0.59176954    1.17955011  -1.74365678  -0.59176706
2453766.754891  9.828642e-01     1.82774049  -2.48564423  -0.59177175    1.17953544  -1.74367549  -0.59176926
2453766.757795  9.937875e-01     1.82776408  -2.48563012  -0.59177399    1.17952059  -1.74369444  -0.59177150
2453766.760665  9.828642e-01     1.82778739  -2.48561617  -0.59177619    1.17950592  -1.74371317  -0.59177371
2453766.763558  9.855836e-01     1.82781089  -2.48560212  -0.59177842    1.17949113  -1.74373205  -0.59177593
2453766.766441  9.874009e-01     1.82783431  -2.48558811  -0.59178064    1.17947640  -1.74375087  -0.59177815
2453766.769323  9.864918e-01     1.82785771  -2.48557411  -0.59178285    1.17946167  -1.74376968  -0.59178037
2453766.772204  9.846761e-01     1.82788112  -2.48556011  -0.59178507    1.17944694  -1.74378849  -0.59178258
2453766.775083  9.819591e-01     1.82790450  -2.48554612  -0.59178729    1.17943223  -1.74380728  -0.59178480
2453766.777977  9.810551e-01     1.82792801  -2.48553206  -0.59178951    1.17941745  -1.74382618  -0.59178702
2453766.786166  9.874009e-01     1.82799452  -2.48549227  -0.59179581    1.17937562  -1.74387965  -0.59179332
2453766.791938  9.965370e-01     1.82804140  -2.48546422  -0.59180025    1.17934614  -1.74391735  -0.59179776
2453766.797725  1.002983e+00     1.82808840  -2.48543610  -0.59180470    1.17931659  -1.74395516  -0.59180221
2453766.803523  9.883108e-01     1.82813550  -2.48540792  -0.59180916    1.17928699  -1.74399305  -0.59180667
2453766.806404  9.828642e-01     1.82815890  -2.48539392  -0.59181138    1.17927229  -1.74401188  -0.59180889
2453766.809288  1.001137e+00     1.82818233  -2.48537990  -0.59181360    1.17925757  -1.74403073  -0.59181111
2453766.820177  9.855836e-01     1.82827076  -2.48532698  -0.59182197    1.17920201  -1.74410191  -0.59181948
2453766.823059  9.837697e-01     1.82829417  -2.48531297  -0.59182419    1.17918731  -1.74412075  -0.59182170
2453766.828836  9.901328e-01     1.82834109  -2.48528490  -0.59182863    1.17915785  -1.74415853  -0.59182614
2453766.831718  9.919584e-01     1.82836450  -2.48527089  -0.59183085    1.17914315  -1.74417738  -0.59182836
2453766.837493  1.004832e+00     1.82841140  -2.48524282  -0.59183529    1.17911371  -1.74421515  -0.59183280
2453766.840388  9.992944e-01     1.82843491  -2.48522875  -0.59183751    1.17909895  -1.74423409  -0.59183502
2453766.843282  1.002059e+00     1.82845841  -2.48521468  -0.59183974    1.17908420  -1.74425302  -0.59183725
2453766.846162  9.901328e-01     1.82848180  -2.48520068  -0.59184195    1.17906952  -1.74427187  -0.59183946
2453766.854564  9.992944e-01     1.82855003  -2.48515984  -0.59184841    1.17902671  -1.74432685  -0.59184592
2453766.857459  1.020689e+00     1.82857354  -2.48514577  -0.59185064    1.17901196  -1.74434580  -0.59184815
2453766.860339  1.004832e+00     1.82859693  -2.48513177  -0.59185285    1.17899729  -1.74436465  -0.59185036
2453766.863221  1.004832e+00     1.82862035  -2.48511776  -0.59185507    1.17898261  -1.74438353  -0.59185258
2453766.868985  1.017873e+00     1.82866715  -2.48508974  -0.59185950    1.17895325  -1.74442127  -0.59185701
2453766.871863  1.027291e+00     1.82869053  -2.48507575  -0.59186171    1.17893860  -1.74444011  -0.59185922
2453766.877631  1.027291e+00     1.82873737  -2.48504771  -0.59186614    1.17890923  -1.74447789  -0.59186366
2453766.888961  1.029185e+00     1.82882937  -2.48499263  -0.59187485    1.17885157  -1.74455211  -0.59187237
2453766.891844  1.018810e+00     1.82885278  -2.48497861  -0.59187707    1.17883690  -1.74457100  -0.59187458
2453766.894726  1.017873e+00     1.82887619  -2.48496460  -0.59187928    1.17882224  -1.74458989  -0.59187680
2453766.900478  9.965370e-01     1.82892290  -2.48493663  -0.59188371    1.17879298  -1.74462759  -0.59188122
2453766.903372  1.019749e+00     1.82894640  -2.48492256  -0.59188593    1.17877826  -1.74464656  -0.59188344
2453766.906265  1.011331e+00     1.82896989  -2.48490850  -0.59188815    1.17876354  -1.74466552  -0.59188567
2453766.909136  1.027291e+00     1.82899320  -2.48489454  -0.59189036    1.17874895  -1.74468434  -0.59188787
2453766.912030  1.004832e+00     1.82901670  -2.48488047  -0.59189258    1.17873423  -1.74470332  -0.59189010
2453766.914912  1.002059e+00     1.82904010  -2.48486645  -0.59189480    1.17871958  -1.74472222  -0.59189231
2453766.925836  1.020689e+00     1.82912880  -2.48481334  -0.59190319    1.17866405  -1.74479386  -0.59190071
2453766.928717  1.022571e+00     1.82915220  -2.48479932  -0.59190541    1.17864941  -1.74481277  -0.59190292
2453766.931599  1.021630e+00     1.82917561  -2.48478531  -0.59190762    1.17863477  -1.74483168  -0.59190513
2453766.934494  1.026345e+00     1.82919911  -2.48477123  -0.59190985    1.17862006  -1.74485067  -0.59190736
2453766.937385  1.019749e+00     1.82922259  -2.48475717  -0.59191207    1.17860537  -1.74486964  -0.59190958
2453766.948892  1.053158e+00     1.82931602  -2.48470121  -0.59192091    1.17854693  -1.74494517  -0.59191842
2453766.956905  1.053158e+00     1.82938108  -2.48466225  -0.59192707    1.17850625  -1.74499778  -0.59192458
2453766.959785  1.030134e+00     1.82940446  -2.48464824  -0.59192928    1.17849164  -1.74501669  -0.59192679
2453766.962676  1.041582e+00     1.82942793  -2.48463418  -0.59193150    1.17847696  -1.74503567  -0.59192901
2453766.965557  1.066826e+00     1.82945133  -2.48462017  -0.59193371    1.17846234  -1.74505459  -0.59193122
2453766.968440  1.060946e+00     1.82947473  -2.48460615  -0.59193593    1.17844772  -1.74507353  -0.59193344
2453766.971323  1.061924e+00     1.82949814  -2.48459212  -0.59193814    1.17843309  -1.74509247  -0.59193565
2453766.974216  1.061924e+00     1.82952163  -2.48457805  -0.59194036    1.17841841  -1.74511147  -0.59193788
2453766.977098  1.054128e+00     1.82954503  -2.48456404  -0.59194258    1.17840379  -1.74513041  -0.59194009
2453766.979966  1.033936e+00     1.82956831  -2.48455009  -0.59194478    1.17838925  -1.74514925  -0.59194229
2453766.982860  1.037752e+00     1.82959181  -2.48453601  -0.59194700    1.17837457  -1.74516827  -0.59194452
2453766.991193  1.065843e+00     1.82965947  -2.48449547  -0.59195340    1.17833231  -1.74522304  -0.59195092
2453766.994063  1.050252e+00     1.82968277  -2.48448151  -0.59195561    1.17831776  -1.74524191  -0.59195312
33 0   0.012   2006-02-01.2   R   Warner
2453767.600329  9.804652e-01     1.83460167  -2.48152815  -0.59242021    1.17527842  -1.74926496  -0.59241772
2453767.603337  9.750622e-01     1.83462606  -2.48151347  -0.59242251    1.17526352  -1.74928511  -0.59242002
2453767.606330  9.777597e-01     1.83465034  -2.48149886  -0.59242480    1.17524868  -1.74930516  -0.59242231
2453767.612318  9.913620e-01     1.83469889  -2.48146965  -0.59242938    1.17521900  -1.74934528  -0.59242689
2453767.618314  9.840841e-01     1.83474750  -2.48144040  -0.59243396    1.17518930  -1.74938545  -0.59243147
2453767.621311  9.849906e-01     1.83477180  -2.48142577  -0.59243625    1.17517446  -1.74940554  -0.59243376
2453767.629644  9.922754e-01     1.83483936  -2.48138512  -0.59244262    1.17513319  -1.74946139  -0.59244013
2453767.632643  9.840841e-01     1.83486368  -2.48137048  -0.59244491    1.17511834  -1.74948149  -0.59244243
2453767.638650  9.804652e-01     1.83491238  -2.48134117  -0.59244951    1.17508860  -1.74952177  -0.59244702
2453767.641657  1.000535e+00     1.83493676  -2.48132650  -0.59245180    1.17507372  -1.74954193  -0.59244932
2453767.650756  9.941049e-01     1.83501052  -2.48128210  -0.59245876    1.17502870  -1.74960296  -0.59245627
2453767.653811  9.996135e-01     1.83503529  -2.48126719  -0.59246109    1.17501358  -1.74962345  -0.59245861
2453767.656867  1.008863e+00     1.83506007  -2.48125228  -0.59246343    1.17499847  -1.74964395  -0.59246094
2453767.665036  9.968553e-01     1.83512629  -2.48121242  -0.59246967    1.17495807  -1.74969876  -0.59246719
2453767.668034  1.021015e+00     1.83515060  -2.48119778  -0.59247197    1.17494324  -1.74971889  -0.59246948
2453767.671021  1.007934e+00     1.83517482  -2.48118320  -0.59247425    1.17492847  -1.74973893  -0.59247176
2453767.674019  9.941049e-01     1.83519912  -2.48116857  -0.59247654    1.17491365  -1.74975906  -0.59247405
2453767.680025  1.004228e+00     1.83524781  -2.48113926  -0.59248113    1.17488396  -1.74979937  -0.59247864
2453767.706253  1.003303e+00     1.83546043  -2.48101125  -0.59250117    1.17475441  -1.74997553  -0.59249868
2453767.709262  1.015389e+00     1.83548482  -2.48099656  -0.59250347    1.17473955  -1.74999575  -0.59250098
2453767.712213  1.010723e+00     1.83550874  -2.48098216  -0.59250572    1.17472499  -1.75001558  -0.59250323
2453767.715164  1.005153e+00     1.83553266  -2.48096776  -0.59250798    1.17471042  -1.75003541  -0.59250549
2453767.721067  1.023840e+00     1.83558051  -2.48093894  -0.59251249    1.17468129  -1.75007508  -0.59251000
2453767.724018  1.028566e+00     1.83560443  -2.48092454  -0.59251474    1.17466673  -1.75009492  -0.59251225
2453767.734501  1.008863e+00     1.83568941  -2.48087336  -0.59252275    1.17461502  -1.75016541  -0.59252026
2453767.737443  1.002380e+00     1.83571326  -2.48085900  -0.59252500    1.17460051  -1.75018519  -0.59252251
2453767.775313  1.022898e+00     1.83602020  -2.48067411  -0.59255392    1.17441389  -1.75044002  -0.59255143
2453767.778309  1.021015e+00     1.83604448  -2.48065948  -0.59255621    1.17439914  -1.75046019  -0.59255372
2453767.781297  1.008863e+00     1.83606870  -2.48064489  -0.59255849    1.17438443  -1.75048032  -0.59255600
2453767.784305  1.012586e+00     1.83609309  -2.48063020  -0.59256079    1.17436962  -1.75050058  -0.59255830
2453767.787293  9.904491e-01     1.83611731  -2.48061561  -0.59256307    1.17435491  -1.75052070  -0.59256058
2453767.793288  9.849906e-01     1.83616589  -2.48058633  -0.59256764    1.17432541  -1.75056108  -0.59256516
2453767.822176  9.831780e-01     1.83640001  -2.48044526  -0.59258970    1.17418333  -1.75075577  -0.59258721
37 0   0.008   2006-02-02.2   R   Warner
2453768.597051  9.564016e-01     1.84267445  -2.47665382  -0.59317950    1.17043076  -1.75604079  -0.59317701
2453768.600033  9.572828e-01     1.84269857  -2.47663921  -0.59318177    1.17041654  -1.75606136  -0.59317928
2453768.603043  9.617012e-01     1.84272292  -2.47662445  -0.59318405    1.17040219  -1.75608212  -0.59318156
2453768.606017  9.643622e-01     1.84274698  -2.47660987  -0.59318631    1.17038801  -1.75610264  -0.59318382
2453768.618007  9.850091e-01     1.84284398  -2.47655109  -0.59319541    1.17033085  -1.75618538  -0.59319292
2453768.621012  9.581650e-01     1.84286829  -2.47653636  -0.59319769    1.17031653  -1.75620612  -0.59319520
2453768.623955  9.741825e-01     1.84289210  -2.47652193  -0.59319992    1.17030251  -1.75622644  -0.59319743
2453768.631677  9.777777e-01     1.84295458  -2.47648407  -0.59320578    1.17026572  -1.75627976  -0.59320329
2453768.640561  9.904676e-01     1.84302645  -2.47644051  -0.59321252    1.17022341  -1.75634111  -0.59321003
2453768.643563  9.996324e-01     1.84305073  -2.47642579  -0.59321480    1.17020912  -1.75636185  -0.59321231
2453768.646560  9.759785e-01     1.84307498  -2.47641110  -0.59321707    1.17019486  -1.75638255  -0.59321458
2453768.649568  9.831963e-01     1.84309931  -2.47639635  -0.59321935    1.17018054  -1.75640333  -0.59321686
2453768.655564  9.850091e-01     1.84314781  -2.47636695  -0.59322390    1.17015200  -1.75644475  -0.59322141
2453768.658572  1.001475e+00     1.84317215  -2.47635220  -0.59322618    1.17013769  -1.75646554  -0.59322369
2453768.669430  1.001475e+00     1.84325998  -2.47629896  -0.59323442    1.17008604  -1.75654058  -0.59323193
2453768.678423  9.913800e-01     1.84333272  -2.47625486  -0.59324124    1.17004328  -1.75660275  -0.59323875
2453768.681422  9.987121e-01     1.84335698  -2.47624015  -0.59324352    1.17002902  -1.75662349  -0.59324103
2453768.684426  9.841022e-01     1.84338129  -2.47622541  -0.59324579    1.17001474  -1.75664427  -0.59324331
2453768.690425  9.913800e-01     1.84342981  -2.47619599  -0.59325034    1.16998623  -1.75668576  -0.59324786
2453768.693423  9.959564e-01     1.84345406  -2.47618129  -0.59325262    1.16997199  -1.75670649  -0.59325013
2453768.701183  1.005172e+00     1.84351683  -2.47614323  -0.59325850    1.16993512  -1.75676018  -0.59325601
2453768.704186  1.019155e+00     1.84354112  -2.47612850  -0.59326078    1.16992086  -1.75678096  -0.59325829
2453768.707183  9.950393e-01     1.84356536  -2.47611380  -0.59326305    1.16990663  -1.75680169  -0.59326056
2453768.710180  1.024803e+00     1.84358960  -2.47609911  -0.59326533    1.16989240  -1.75682243  -0.59326284
2453768.713180  1.008882e+00     1.84361386  -2.47608439  -0.59326760    1.16987815  -1.75684320  -0.59326511
2453768.719172  1.011673e+00     1.84366233  -2.47605500  -0.59327214    1.16984971  -1.75688467  -0.59326966
2453768.728172  1.022917e+00     1.84373512  -2.47601086  -0.59327897    1.16980700  -1.75694698  -0.59327648
2453768.735893  1.025747e+00     1.84379758  -2.47597298  -0.59328482    1.16977037  -1.75700045  -0.59328233
2453768.738894  1.007953e+00     1.84382185  -2.47595826  -0.59328710    1.16975614  -1.75702124  -0.59328461
2453768.741880  1.024803e+00     1.84384600  -2.47594361  -0.59328936    1.16974198  -1.75704192  -0.59328687
2453768.744880  1.036192e+00     1.84387026  -2.47592889  -0.59329164    1.16972775  -1.75706270  -0.59328915
2453768.747896  1.020094e+00     1.84389465  -2.47591410  -0.59329392    1.16971345  -1.75708359  -0.59329143
2453768.750898  1.045780e+00     1.84391893  -2.47589937  -0.59329620    1.16969922  -1.75710439  -0.59329371
2453768.753896  1.026692e+00     1.84394318  -2.47588467  -0.59329847    1.16968501  -1.75712517  -0.59329598
2453768.756882  1.029533e+00     1.84396733  -2.47587002  -0.59330073    1.16967086  -1.75714586  -0.59329825
2453768.759891  1.028585e+00     1.84399167  -2.47585526  -0.59330302    1.16965660  -1.75716671  -0.59330053
2453768.762889  1.033333e+00     1.84401591  -2.47584055  -0.59330529    1.16964240  -1.75718749  -0.59330280
40 0   0.011   2006-02-03.3   R   Warner
2453769.646413  1.080422e+00     1.85115459  -2.47149678  -0.59397281    1.16553118  -1.76338837  -0.59397032
2453769.649758  1.083411e+00     1.85118159  -2.47148030  -0.59397533    1.16551591  -1.76341214  -0.59397284
2453769.653115  1.072490e+00     1.85120868  -2.47146376  -0.59397786    1.16550057  -1.76343600  -0.59397537
2453769.656413  1.063636e+00     1.85123530  -2.47144752  -0.59398034    1.16548552  -1.76345943  -0.59397785
2453769.659758  1.073478e+00     1.85126230  -2.47143103  -0.59398286    1.16547024  -1.76348321  -0.59398037
2453769.672407  1.036557e+00     1.85136441  -2.47136871  -0.59399238    1.16541251  -1.76357314  -0.59398989
2453769.682416  1.034649e+00     1.85144519  -2.47131939  -0.59399992    1.16536685  -1.76364431  -0.59399743
2453769.685765  1.026108e+00     1.85147222  -2.47130288  -0.59400244    1.16535158  -1.76366813  -0.59399995
2453769.692505  1.013895e+00     1.85152662  -2.47126967  -0.59400751    1.16532085  -1.76371607  -0.59400502
2453769.711424  1.007380e+00     1.85167931  -2.47117644  -0.59402175    1.16523463  -1.76385070  -0.59401926
2453769.714769  9.990637e-01     1.85170632  -2.47115995  -0.59402427    1.16521939  -1.76387451  -0.59402178
2453769.718122  1.016701e+00     1.85173338  -2.47114342  -0.59402680    1.16520412  -1.76389838  -0.59402431
2453769.721458  1.012962e+00     1.85176030  -2.47112698  -0.59402931    1.16518893  -1.76392213  -0.59402682
2453769.724802  1.006452e+00     1.85178729  -2.47111050  -0.59403182    1.16517371  -1.76394594  -0.59402933
2453769.728171  1.000906e+00     1.85181448  -2.47109390  -0.59403436    1.16515837  -1.76396993  -0.59403187
2453769.731527  1.008308e+00     1.85184156  -2.47107736  -0.59403688    1.16514309  -1.76399383  -0.59403439
2453769.734872  9.981440e-01     1.85186856  -2.47106087  -0.59403940    1.16512787  -1.76401765  -0.59403691
2453769.815980  9.944734e-01     1.85252308  -2.47066102  -0.59410042    1.16475941  -1.76459598  -0.59409793
2453769.825178  9.926433e-01     1.85259730  -2.47061567  -0.59410734    1.16471771  -1.76466165  -0.59410485
2453769.828539  9.826372e-01     1.85262441  -2.47059909  -0.59410986    1.16470248  -1.76468564  -0.59410737
2453769.835228  9.817325e-01     1.85267839  -2.47056611  -0.59411489    1.16467216  -1.76473341  -0.59411240
2453769.841919  9.754235e-01     1.85273237  -2.47053311  -0.59411992    1.16464185  -1.76478120  -0.59411743
2453769.848620  9.880825e-01     1.85278644  -2.47050007  -0.59412496    1.16461150  -1.76482907  -0.59412247
2453769.851977  9.781224e-01     1.85281352  -2.47048351  -0.59412749    1.16459630  -1.76485306  -0.59412500
2453769.855321  9.844490e-01     1.85284050  -2.47046702  -0.59413000    1.16458116  -1.76487695  -0.59412751
2453769.864287  9.754235e-01     1.85291285  -2.47042280  -0.59413674    1.16454057  -1.76494103  -0.59413425
2453769.867647  9.754235e-01     1.85293996  -2.47040623  -0.59413927    1.16452537  -1.76496505  -0.59413678
2453769.870992  9.629266e-01     1.85296694  -2.47038973  -0.59414178    1.16451023  -1.76498896  -0.59413929
2453769.877694  9.772220e-01     1.85302101  -2.47035668  -0.59414682    1.16447992  -1.76503688  -0.59414433
2453769.881039  9.700479e-01     1.85304800  -2.47034018  -0.59414933    1.16446479  -1.76506080  -0.59414684
2453769.884394  9.772220e-01     1.85307507  -2.47032363  -0.59415186    1.16444962  -1.76508479  -0.59414937
2453769.887750  9.763223e-01     1.85310214  -2.47030708  -0.59415438    1.16443445  -1.76510879  -0.59415189
2453769.891096  9.576200e-01     1.85312914  -2.47029057  -0.59415689    1.16441932  -1.76513272  -0.59415440
2453769.894452  9.673712e-01     1.85315621  -2.47027402  -0.59415942    1.16440415  -1.76515673  -0.59415693
2453769.903077  9.602697e-01     1.85322579  -2.47023148  -0.59416590    1.16436518  -1.76521843  -0.59416341
2453769.906409  9.709419e-01     1.85325267  -2.47021504  -0.59416840    1.16435013  -1.76524227  -0.59416591
2453769.909753  9.691549e-01     1.85327966  -2.47019854  -0.59417092    1.16433502  -1.76526621  -0.59416843
2453769.916430  9.781224e-01     1.85333352  -2.47016560  -0.59417593    1.16430487  -1.76531400  -0.59417344
2453769.923143  9.844490e-01     1.85338767  -2.47013249  -0.59418098    1.16427456  -1.76536205  -0.59417849
2453769.926464  9.853561e-01     1.85341446  -2.47011610  -0.59418347    1.16425957  -1.76538583  -0.59418098
32 0   0.016   2006-02-04.3   R   Warner
2453770.741518  1.050147e+00     1.85998366  -2.46608733  -0.59479406    1.16064615  -1.77128556  -0.59479157
2453770.744816  1.056939e+00     1.86001022  -2.46607100  -0.59479652    1.16063179  -1.77130969  -0.59479403
2453770.748103  1.042438e+00     1.86003669  -2.46605472  -0.59479898    1.16061749  -1.77133375  -0.59479649
2453770.751402  1.063776e+00     1.86006325  -2.46603838  -0.59480144    1.16060313  -1.77135789  -0.59479895
2453770.754699  1.058888e+00     1.86008981  -2.46602205  -0.59480390    1.16058879  -1.77138203  -0.59480141
2453770.773392  1.036693e+00     1.86024033  -2.46592946  -0.59481786    1.16050750  -1.77151888  -0.59481537
2453770.776771  1.073619e+00     1.86026753  -2.46591273  -0.59482038    1.16049282  -1.77154362  -0.59481789
2453770.780128  1.052083e+00     1.86029456  -2.46589610  -0.59482289    1.16047823  -1.77156821  -0.59482040
2453770.790233  1.030980e+00     1.86037593  -2.46584604  -0.59483043    1.16043433  -1.77164223  -0.59482794
2453770.796933  1.041478e+00     1.86042987  -2.46581286  -0.59483544    1.16040524  -1.77169132  -0.59483295
2453770.805864  1.032881e+00     1.86050179  -2.46576861  -0.59484210    1.16036646  -1.77175677  -0.59483961
2453770.809208  1.022469e+00     1.86052871  -2.46575204  -0.59484460    1.16035195  -1.77178128  -0.59484211
2453770.812532  9.955203e-01     1.86055547  -2.46573557  -0.59484708    1.16033753  -1.77180564  -0.59484459
2453770.815868  9.973559e-01     1.86058233  -2.46571905  -0.59484957    1.16032305  -1.77183010  -0.59484708
2453770.819212  9.836715e-01     1.86060925  -2.46570248  -0.59485207    1.16030855  -1.77185461  -0.59484958
2453770.822545  1.010299e+00     1.86063609  -2.46568597  -0.59485455    1.16029409  -1.77187905  -0.59485206
2453770.825880  9.946039e-01     1.86066294  -2.46566945  -0.59485704    1.16027963  -1.77190350  -0.59485455
2453770.829223  1.010299e+00     1.86068985  -2.46565288  -0.59485954    1.16026514  -1.77192802  -0.59485705
2453770.832580  9.918593e-01     1.86071688  -2.46563625  -0.59486204    1.16025058  -1.77195264  -0.59485955
2453770.835923  9.818610e-01     1.86074379  -2.46561969  -0.59486454    1.16023609  -1.77197716  -0.59486205
2453770.844721  9.728595e-01     1.86081463  -2.46557609  -0.59487110    1.16019796  -1.77204170  -0.59486861
2453770.851421  9.782506e-01     1.86086857  -2.46554289  -0.59487610    1.16016894  -1.77209086  -0.59487361
2453770.854767  9.836715e-01     1.86089551  -2.46552631  -0.59487860    1.16015445  -1.77211541  -0.59487611
2453770.858112  9.773498e-01     1.86092244  -2.46550974  -0.59488110    1.16013997  -1.77213996  -0.59487861
2453770.861458  9.577456e-01     1.86094937  -2.46549316  -0.59488359    1.16012548  -1.77216452  -0.59488110
2453770.864790  9.612803e-01     1.86097620  -2.46547665  -0.59488608    1.16011106  -1.77218897  -0.59488359
2453770.868132  9.524673e-01     1.86100310  -2.46546009  -0.59488857    1.16009659  -1.77221351  -0.59488608
2453770.871480  9.402646e-01     1.86103005  -2.46544350  -0.59489107    1.16008211  -1.77223808  -0.59488858
2453770.874825  9.299296e-01     1.86105698  -2.46542692  -0.59489357    1.16006763  -1.77226264  -0.59489108
2453770.883210  9.515905e-01     1.86112448  -2.46538537  -0.59489982    1.16003136  -1.77232421  -0.59489733
2453770.886561  9.307864e-01     1.86115145  -2.46536876  -0.59490232    1.16001687  -1.77234882  -0.59489983
2453770.889904  9.359443e-01     1.86117837  -2.46535219  -0.59490482    1.16000241  -1.77237338  -0.59490233
82 0   0.015   2006-02-06.3   R   Warner
2453772.572405  9.893119e-01     1.87469769  -2.45698045  -0.59615196    1.15301288  -1.78499802  -0.59614947
2453772.575767  9.884013e-01     1.87472465  -2.45696366  -0.59615444    1.15299949  -1.78502377  -0.59615195
2453772.579113  9.947944e-01     1.87475149  -2.45694694  -0.59615690    1.15298617  -1.78504941  -0.59615441
2453772.582482  1.020783e+00     1.87477851  -2.45693011  -0.59615939    1.15297276  -1.78507522  -0.59615689
2453772.585837  9.984661e-01     1.87480542  -2.45691335  -0.59616186    1.15295940  -1.78510092  -0.59615937
2453772.589191  9.893119e-01     1.87483232  -2.45689659  -0.59616433    1.15294605  -1.78512663  -0.59616184
2453772.592550  9.902236e-01     1.87485926  -2.45687981  -0.59616680    1.15293268  -1.78515237  -0.59616431
2453772.595895  1.004924e+00     1.87488609  -2.45686310  -0.59616926    1.15291937  -1.78517801  -0.59616677
2453772.599251  9.874914e-01     1.87491301  -2.45684633  -0.59617173    1.15290602  -1.78520373  -0.59616924
2453772.602597  9.784379e-01     1.87493984  -2.45682962  -0.59617420    1.15289271  -1.78522938  -0.59617171
2453772.611355  9.811453e-01     1.87501008  -2.45678586  -0.59618065    1.15285789  -1.78529652  -0.59617816
2453772.614715  9.802420e-01     1.87503702  -2.45676907  -0.59618312    1.15284453  -1.78532228  -0.59618063
2453772.618060  1.003075e+00     1.87506385  -2.45675236  -0.59618558    1.15283124  -1.78534793  -0.59618309
2453772.621402  1.010493e+00     1.87509065  -2.45673566  -0.59618804    1.15281796  -1.78537356  -0.59618555
2453772.624749  9.856741e-01     1.87511749  -2.45671894  -0.59619051    1.15280466  -1.78539923  -0.59618802
2453772.628095  9.993861e-01     1.87514433  -2.45670221  -0.59619297    1.15279137  -1.78542490  -0.59619048
2453772.631437  1.006777e+00     1.87517113  -2.45668551  -0.59619543    1.15277810  -1.78545053  -0.59619294
2453772.634795  1.011424e+00     1.87519806  -2.45666873  -0.59619790    1.15276476  -1.78547629  -0.59619541
2453772.638127  1.014223e+00     1.87522478  -2.45665208  -0.59620036    1.15275154  -1.78550185  -0.59619787
2453772.641479  9.847665e-01     1.87525166  -2.45663534  -0.59620282    1.15273823  -1.78552757  -0.59620033
2453772.653591  9.784379e-01     1.87534878  -2.45657481  -0.59621174    1.15269017  -1.78562051  -0.59620925
2453772.656948  9.721500e-01     1.87537570  -2.45655803  -0.59621421    1.15267686  -1.78564628  -0.59621172
2453772.663659  1.015157e+00     1.87542952  -2.45652450  -0.59621915    1.15265025  -1.78569779  -0.59621666
2453772.670360  9.920495e-01     1.87548326  -2.45649100  -0.59622408    1.15262368  -1.78574924  -0.59622159
2453772.673705  9.911360e-01     1.87551008  -2.45647428  -0.59622654    1.15261043  -1.78577493  -0.59622405
2453772.677061  9.802420e-01     1.87553699  -2.45645751  -0.59622901    1.15259713  -1.78580070  -0.59622652
2453772.689348  1.011424e+00     1.87563551  -2.45639610  -0.59623805    1.15254847  -1.78589506  -0.59623556
2453772.692697  1.012356e+00     1.87566236  -2.45637936  -0.59624052    1.15253521  -1.78592079  -0.59623803
2453772.696055  1.012356e+00     1.87568929  -2.45636258  -0.59624299    1.15252192  -1.78594659  -0.59624050
2453772.699411  9.865822e-01     1.87571620  -2.45634580  -0.59624546    1.15250864  -1.78597237  -0.59624297
2453772.702757  9.721500e-01     1.87574302  -2.45632908  -0.59624792    1.15249540  -1.78599808  -0.59624543
2453772.706116  1.003075e+00     1.87576996  -2.45631229  -0.59625039    1.15248211  -1.78602389  -0.59624790
2453772.709445  9.993861e-01     1.87579666  -2.45629564  -0.59625284    1.15246894  -1.78604948  -0.59625035
2453772.712798  9.902236e-01     1.87582354  -2.45627888  -0.59625531    1.15245568  -1.78607525  -0.59625282
2453772.716146  9.920495e-01     1.87585038  -2.45626215  -0.59625777    1.15244244  -1.78610098  -0.59625528
2453772.719502  9.975468e-01     1.87587729  -2.45624537  -0.59626024    1.15242917  -1.78612678  -0.59625775
2453772.727982  9.984661e-01     1.87594528  -2.45620298  -0.59626648    1.15239566  -1.78619197  -0.59626399
2453772.731332  9.993861e-01     1.87597214  -2.45618623  -0.59626894    1.15238242  -1.78621773  -0.59626645
2453772.734687  1.005850e+00     1.87599904  -2.45616946  -0.59627141    1.15236917  -1.78624352  -0.59626892
2453772.738046  1.003075e+00     1.87602597  -2.45615267  -0.59627388    1.15235590  -1.78626935  -0.59627139
2453772.741376  1.005850e+00     1.87605267  -2.45613602  -0.59627633    1.15234275  -1.78629496  -0.59627384
2453772.744676  1.002151e+00     1.87607912  -2.45611952  -0.59627876    1.15232972  -1.78632034  -0.59627627
2453772.747975  1.020783e+00     1.87610558  -2.45610303  -0.59628119    1.15231670  -1.78634573  -0.59627869
2453772.754571  1.009563e+00     1.87615846  -2.45607005  -0.59628604    1.15229066  -1.78639647  -0.59628355
2453772.757870  9.847665e-01     1.87618491  -2.45605355  -0.59628846    1.15227765  -1.78642185  -0.59628597
2453772.766203  1.006777e+00     1.87625171  -2.45601189  -0.59629459    1.15224478  -1.78648597  -0.59629210
2453772.779594  9.938784e-01     1.87635907  -2.45594493  -0.59630444    1.15219199  -1.78658903  -0.59630195
2453772.782950  9.920495e-01     1.87638597  -2.45592815  -0.59630691    1.15217877  -1.78661487  -0.59630441
2453772.786295  9.957111e-01     1.87641279  -2.45591142  -0.59630937    1.15216559  -1.78664063  -0.59630688
2453772.789649  9.757383e-01     1.87643968  -2.45589465  -0.59631183    1.15215238  -1.78666645  -0.59630934
2453772.793008  9.893119e-01     1.87646661  -2.45587785  -0.59631430    1.15213915  -1.78669232  -0.59631181
2453772.796364  9.856741e-01     1.87649351  -2.45586107  -0.59631677    1.15212593  -1.78671816  -0.59631428
2453772.805134  1.009563e+00     1.87656381  -2.45581722  -0.59632322    1.15209141  -1.78678571  -0.59632073
2453772.808491  9.947944e-01     1.87659072  -2.45580043  -0.59632569    1.15207820  -1.78681156  -0.59632319
2453772.811839  1.012356e+00     1.87661756  -2.45578369  -0.59632815    1.15206503  -1.78683736  -0.59632566
2453772.815193  9.966286e-01     1.87664444  -2.45576691  -0.59633061    1.15205183  -1.78686320  -0.59632812
2453772.818550  1.009563e+00     1.87667135  -2.45575012  -0.59633308    1.15203863  -1.78688906  -0.59633059
2453772.825239  1.027385e+00     1.87672498  -2.45571667  -0.59633800    1.15201233  -1.78694061  -0.59633551
2453772.828584  1.003999e+00     1.87675179  -2.45569994  -0.59634046    1.15199918  -1.78696639  -0.59633796
2453772.831919  1.015157e+00     1.87677853  -2.45568326  -0.59634291    1.15198607  -1.78699209  -0.59634042
2453772.835263  1.017029e+00     1.87680533  -2.45566653  -0.59634537    1.15197293  -1.78701787  -0.59634287
2453772.844221  9.920495e-01     1.87687713  -2.45562173  -0.59635195    1.15193774  -1.78708692  -0.59634946
2453772.847565  9.966286e-01     1.87690394  -2.45560500  -0.59635441    1.15192461  -1.78711271  -0.59635192
2453772.850912  9.893119e-01     1.87693076  -2.45558826  -0.59635687    1.15191147  -1.78713851  -0.59635438
2453772.854263  9.829543e-01     1.87695762  -2.45557150  -0.59635933    1.15189831  -1.78716435  -0.59635684
2453772.857613  9.938784e-01     1.87698447  -2.45555474  -0.59636179    1.15188516  -1.78719019  -0.59635930
2453772.860955  9.802420e-01     1.87701126  -2.45553802  -0.59636425    1.15187205  -1.78721596  -0.59636176
2453772.864303  1.006777e+00     1.87703810  -2.45552128  -0.59636671    1.15185891  -1.78724179  -0.59636422
2453772.867654  9.993861e-01     1.87706496  -2.45550451  -0.59636917    1.15184576  -1.78726764  -0.59636668
2453772.921954  1.000307e+00     1.87750016  -2.45523285  -0.59640906    1.15163307  -1.78768679  -0.59640657
2453772.925296  9.820494e-01     1.87752694  -2.45521612  -0.59641152    1.15162000  -1.78771260  -0.59640903
2453772.928642  1.014223e+00     1.87755376  -2.45519938  -0.59641398    1.15160691  -1.78773845  -0.59641148
2453772.931997  1.005850e+00     1.87758064  -2.45518259  -0.59641644    1.15159380  -1.78776437  -0.59641395
2453772.935342  1.020783e+00     1.87760745  -2.45516586  -0.59641890    1.15158072  -1.78779021  -0.59641641
2453772.942031  9.856741e-01     1.87766105  -2.45513238  -0.59642381    1.15155458  -1.78784190  -0.59642132
2453772.945388  1.023607e+00     1.87768796  -2.45511558  -0.59642627    1.15154146  -1.78786785  -0.59642378
2453772.948733  1.018904e+00     1.87771477  -2.45509884  -0.59642873    1.15152840  -1.78789370  -0.59642624
2453772.961043  1.037847e+00     1.87781342  -2.45503724  -0.59643777    1.15148033  -1.78798886  -0.59643528
2453772.964391  1.042637e+00     1.87784024  -2.45502048  -0.59644023    1.15146726  -1.78801474  -0.59643774
2453772.967738  1.032127e+00     1.87786706  -2.45500373  -0.59644269    1.15145420  -1.78804062  -0.59644020
2453772.971094  1.001229e+00     1.87789396  -2.45498694  -0.59644515    1.15144111  -1.78806657  -0.59644266
2453772.974428  1.012356e+00     1.87792067  -2.45497025  -0.59644760    1.15142810  -1.78809235  -0.59644511
90 0 0.12 2005.11-2010.2 V 703_CATALINA
2453686.944243 1.930876e+01 1.129460e+00 -2.792097e+00 -5.126222e-01 1.764702e+00 -2.033136e+00 -5.126171e-01
2453686.952814 2.117009e+01 1.129540e+00 -2.792073e+00 -5.126326e-01 1.764666e+00 -2.033018e+00 -5.126275e-01
2453686.961404 2.116854e+01 1.129619e+00 -2.792050e+00 -5.126430e-01 1.764631e+00 -2.032900e+00 -5.126379e-01
2453686.969945 1.930454e+01 1.129699e+00 -2.792026e+00 -5.126533e-01 1.764595e+00 -2.032783e+00 -5.126482e-01
2453737.789295 1.595302e+01 1.585387e+00 -2.616145e+00 -5.671249e-01 1.386708e+00 -1.653112e+00 -5.671180e-01
2453737.796615 1.749160e+01 1.585450e+00 -2.616115e+00 -5.671317e-01 1.386646e+00 -1.653108e+00 -5.671249e-01
2453737.803946 1.595203e+01 1.585513e+00 -2.616084e+00 -5.671386e-01 1.386583e+00 -1.653103e+00 -5.671317e-01
2453737.811226 1.595153e+01 1.585575e+00 -2.616054e+00 -5.671453e-01 1.386521e+00 -1.653099e+00 -5.671385e-01
2453754.751323 1.400069e+01 1.729000e+00 -2.542235e+00 -5.821302e-01 1.252913e+00 -1.681141e+00 -5.821240e-01
2453754.758053 1.535144e+01 1.729056e+00 -2.542204e+00 -5.821358e-01 1.252866e+00 -1.681167e+00 -5.821296e-01
2453754.764773 1.535143e+01 1.729112e+00 -2.542173e+00 -5.821415e-01 1.252819e+00 -1.681193e+00 -5.821352e-01
2453754.771503 1.535142e+01 1.729168e+00 -2.542142e+00 -5.821471e-01 1.252771e+00 -1.681219e+00 -5.821409e-01
2453757.762260 3.519775e+01 1.753999e+00 -2.528367e+00 -5.846250e-01 1.232427e+00 -1.693731e+00 -5.846189e-01
2453757.769270 3.519792e+01 1.754057e+00 -2.528334e+00 -5.846308e-01 1.232381e+00 -1.693763e+00 -5.846247e-01
2453757.776280 3.519809e+01 1.754115e+00 -2.528302e+00 -5.846366e-01 1.232335e+00 -1.693795e+00 -5.846304e-01
2453757.783340 3.519826e+01 1.754173e+00 -2.528269e+00 -5.846423e-01 1.232288e+00 -1.693827e+00 -5.846362e-01
2453760.723982 2.031912e+01 1.778440e+00 -2.514511e+00 -5.870293e-01 1.213558e+00 -1.708192e+00 -5.870233e-01
2453760.729812 1.853142e+01 1.778488e+00 -2.514483e+00 -5.870340e-01 1.213522e+00 -1.708222e+00 -5.870280e-01
2453760.735642 1.853158e+01 1.778536e+00 -2.514456e+00 -5.870387e-01 1.213486e+00 -1.708253e+00 -5.870327e-01
2453760.741492 2.031964e+01 1.778584e+00 -2.514428e+00 -5.870434e-01 1.213450e+00 -1.708283e+00 -5.870374e-01
2453768.792045 2.998078e+01 1.844255e+00 -2.475696e+00 -5.933276e-01 1.169506e+00 -1.757387e+00 -5.933220e-01
2453768.798595 2.998149e+01 1.844308e+00 -2.475664e+00 -5.933326e-01 1.169475e+00 -1.757433e+00 -5.933270e-01
2453768.805095 2.998219e+01 1.844360e+00 -2.475632e+00 -5.933375e-01 1.169444e+00 -1.757478e+00 -5.933319e-01
2453788.618086 8.467123e+00 2.001065e+00 -2.373868e+00 -6.072407e-01 1.117702e+00 -1.928729e+00 -6.072364e-01
2453788.624615 8.467561e+00 2.001116e+00 -2.373833e+00 -6.072449e-01 1.117700e+00 -1.928795e+00 -6.072406e-01
2453788.631515 8.468024e+00 2.001169e+00 -2.373796e+00 -6.072494e-01 1.117698e+00 -1.928864e+00 -6.072451e-01
2453788.640264 7.723468e+00 2.001237e+00 -2.373749e+00 -6.072550e-01 1.117696e+00 -1.928952e+00 -6.072507e-01
2453797.713571 2.765614e+01 2.070570e+00 -2.324202e+00 -6.128775e-01 1.125676e+00 -2.024408e+00 -6.128739e-01
2453797.722020 2.765830e+01 2.070634e+00 -2.324155e+00 -6.128825e-01 1.125694e+00 -2.024500e+00 -6.128789e-01
2453797.730290 2.766041e+01 2.070697e+00 -2.324109e+00 -6.128874e-01 1.125711e+00 -2.024590e+00 -6.128838e-01
2453797.738389 2.522848e+01 2.070758e+00 -2.324064e+00 -6.128922e-01 1.125728e+00 -2.024678e+00 -6.128887e-01
2453818.653958 1.636470e+01 2.224487e+00 -2.203173e+00 -6.240679e-01 1.229199e+00 -2.260231e+00 -6.240663e-01
2453818.664638 1.794558e+01 2.224563e+00 -2.203109e+00 -6.240730e-01 1.229283e+00 -2.260351e+00 -6.240713e-01
2453818.675187 1.636841e+01 2.224639e+00 -2.203046e+00 -6.240780e-01 1.229366e+00 -2.260470e+00 -6.240763e-01
2453818.685676 1.637024e+01 2.224714e+00 -2.202983e+00 -6.240830e-01 1.229448e+00 -2.260588e+00 -6.240813e-01
2453834.635467 5.349000e+00 2.336014e+00 -2.104857e+00 -6.309339e-01 1.389402e+00 -2.431829e+00 -6.309338e-01
2453834.650936 5.866027e+00 2.336119e+00 -2.104759e+00 -6.309398e-01 1.389590e+00 -2.431984e+00 -6.309397e-01
2453834.658675 4.879549e+00 2.336172e+00 -2.104710e+00 -6.309428e-01 1.389684e+00 -2.432062e+00 -6.309427e-01
2454062.993756 8.694246e+00 3.282227e+00 -3.165059e-01 -5.775506e-01 3.761667e+00 5.467535e-01 -5.775472e-01
2454062.997126 6.595132e+00 3.282231e+00 -3.164765e-01 -5.775479e-01 3.761620e+00 5.468109e-01 -5.775445e-01
2454063.000486 8.693909e+00 3.282236e+00 -3.164471e-01 -5.775452e-01 3.761573e+00 5.468681e-01 -5.775418e-01
2454063.003816 7.231138e+00 3.282240e+00 -3.164180e-01 -5.775425e-01 3.761526e+00 5.469248e-01 -5.775391e-01
2454094.983471 1.915142e+01 3.310220e+00 -3.626611e-02 -5.493755e-01 3.251224e+00 9.454762e-01 -5.493710e-01
2454094.991861 1.915011e+01 3.310224e+00 -3.619247e-02 -5.493676e-01 3.251082e+00 9.455406e-01 -5.493630e-01
2454095.000262 1.914880e+01 3.310228e+00 -3.611874e-02 -5.493596e-01 3.250939e+00 9.456051e-01 -5.493550e-01
2454095.008643 1.914750e+01 3.310232e+00 -3.604518e-02 -5.493516e-01 3.250797e+00 9.456694e-01 -5.493471e-01
2454171.857231 1.721539e+01 3.269272e+00 6.341017e-01 -4.642062e-01 2.287142e+00 7.845636e-01 -4.642043e-01
2454171.864981 1.887547e+01 3.269260e+00 6.341684e-01 -4.641965e-01 2.287108e+00 7.844979e-01 -4.641946e-01
2454171.872721 1.887463e+01 3.269248e+00 6.342349e-01 -4.641868e-01 2.287074e+00 7.844323e-01 -4.641849e-01
2454171.880461 1.887380e+01 3.269236e+00 6.343015e-01 -4.641771e-01 2.287040e+00 7.843667e-01 -4.641752e-01
2454206.713966 1.941500e+01 3.200924e+00 9.303063e-01 -4.182984e-01 2.297117e+00 4.944282e-01 -4.182992e-01
2454206.719325 1.941525e+01 3.200911e+00 9.303512e-01 -4.182910e-01 2.297143e+00 4.943897e-01 -4.182918e-01
2454206.724675 1.941549e+01 3.200898e+00 9.303961e-01 -4.182836e-01 2.297168e+00 4.943513e-01 -4.182844e-01
2454206.730025 2.128892e+01 3.200885e+00 9.304410e-01 -4.182763e-01 2.297194e+00 4.943129e-01 -4.182771e-01
2454229.769178 1.800421e+01 3.139000e+00 1.121554e+00 -3.857273e-01 2.465836e+00 3.693514e-01 -3.857297e-01
2454229.779397 1.800545e+01 3.138969e+00 1.121638e+00 -3.857125e-01 2.465934e+00 3.693173e-01 -3.857149e-01
2454229.789617 1.800669e+01 3.138939e+00 1.121722e+00 -3.856977e-01 2.466031e+00 3.692833e-01 -3.857001e-01
2454229.799826 1.800793e+01 3.138909e+00 1.121806e+00 -3.856829e-01 2.466129e+00 3.692492e-01 -3.856853e-01
2454239.712676 1.469162e+01 3.108244e+00 1.202646e+00 -3.711760e-01 2.568718e+00 3.469056e-01 -3.711791e-01
2454239.722375 1.339994e+01 3.108213e+00 1.202724e+00 -3.711617e-01 2.568826e+00 3.468947e-01 -3.711647e-01
2454239.732095 1.340096e+01 3.108182e+00 1.202803e+00 -3.711473e-01 2.568933e+00 3.468837e-01 -3.711504e-01
2454239.741784 1.340199e+01 3.108151e+00 1.202882e+00 -3.711330e-01 2.569040e+00 3.468728e-01 -3.711361e-01
2455090.810523 1.908148e+01 -2.638327e+00 -1.358314e-01 4.169870e-01 -1.639579e+00 -2.507025e-01 4.169842e-01
2455090.820853 1.908071e+01 -2.638323e+00 -1.359451e-01 4.169728e-01 -1.639556e+00 -2.506402e-01 4.169701e-01
2455090.831243 1.907993e+01 -2.638318e+00 -1.360594e-01 4.169586e-01 -1.639534e+00 -2.505776e-01 4.169559e-01
2455090.841633 1.907916e+01 -2.638313e+00 -1.361737e-01 4.169445e-01 -1.639512e+00 -2.505150e-01 4.169417e-01
2455090.889974 1.907556e+01 -2.638290e+00 -1.367054e-01 4.168784e-01 -1.639409e+00 -2.502235e-01 4.168757e-01
2455090.898354 1.907494e+01 -2.638286e+00 -1.367976e-01 4.168670e-01 -1.639391e+00 -2.501730e-01 4.168642e-01
2455090.906754 1.907431e+01 -2.638282e+00 -1.368900e-01 4.168555e-01 -1.639373e+00 -2.501224e-01 4.168527e-01
2455090.915245 1.907368e+01 -2.638278e+00 -1.369834e-01 4.168439e-01 -1.639355e+00 -2.500712e-01 4.168411e-01
2455098.847757 3.244558e+01 -2.633276e+00 -2.241912e-01 4.058027e-01 -1.630416e+00 -2.015557e-01 4.057996e-01
2455098.855127 3.244523e+01 -2.633270e+00 -2.242721e-01 4.057922e-01 -1.630415e+00 -2.015103e-01 4.057892e-01
2455098.862577 3.557510e+01 -2.633264e+00 -2.243540e-01 4.057817e-01 -1.630414e+00 -2.014645e-01 4.057786e-01
2455098.869947 3.244452e+01 -2.633258e+00 -2.244349e-01 4.057712e-01 -1.630414e+00 -2.014191e-01 4.057682e-01
2455113.757657 1.726274e+01 -2.616936e+00 -3.874399e-01 3.839887e-01 -1.656562e+00 -1.128326e-01 3.839852e-01
2455113.764927 1.574418e+01 -2.616925e+00 -3.875192e-01 3.839778e-01 -1.656588e+00 -1.127922e-01 3.839743e-01
2455113.772097 1.726356e+01 -2.616915e+00 -3.875974e-01 3.839669e-01 -1.656614e+00 -1.127523e-01 3.839634e-01
2455113.779257 1.574492e+01 -2.616905e+00 -3.876755e-01 3.839561e-01 -1.656640e+00 -1.127124e-01 3.839527e-01
2455120.721748 1.622544e+01 -2.606213e+00 -4.632559e-01 3.733431e-01 -1.687560e+00 -7.615780e-02 3.733395e-01
2455120.729838 1.622614e+01 -2.606200e+00 -4.633437e-01 3.733306e-01 -1.687603e+00 -7.611795e-02 3.733269e-01
2455120.737957 1.622684e+01 -2.606186e+00 -4.634319e-01 3.733180e-01 -1.687646e+00 -7.607795e-02 3.733144e-01
2455120.746037 1.622754e+01 -2.606173e+00 -4.635197e-01 3.733055e-01 -1.687688e+00 -7.603816e-02 3.733018e-01
2455127.787225 2.451718e+01 -2.593336e+00 -5.398126e-01 3.622566e-01 -1.730589e+00 -4.432107e-02 3.622529e-01
2455127.793875 2.451835e+01 -2.593323e+00 -5.398844e-01 3.622460e-01 -1.730635e+00 -4.429416e-02 3.622423e-01
2455127.800504 2.451952e+01 -2.593310e+00 -5.399561e-01 3.622355e-01 -1.730680e+00 -4.426734e-02 3.622318e-01
2455127.807144 2.452068e+01 -2.593297e+00 -5.400278e-01 3.622249e-01 -1.730726e+00 -4.424048e-02 3.622212e-01
2455236.576325 2.100723e+01 -2.153665e+00 -1.632138e+00 1.620658e-01 -2.910039e+00 -9.987164e-01 1.620664e-01
2455236.584034 2.303544e+01 -2.153618e+00 -1.632207e+00 1.620501e-01 -2.910080e+00 -9.988878e-01 1.620507e-01
2455236.591614 2.303689e+01 -2.153573e+00 -1.632275e+00 1.620347e-01 -2.910121e+00 -9.990564e-01 1.620353e-01
2455236.602383 2.101177e+01 -2.153509e+00 -1.632372e+00 1.620128e-01 -2.910178e+00 -9.992959e-01 1.620135e-01
1 1
2 1
3 1
4 1
5 1
6 1
7 0.15
