2	0.5	1000	 1	period_start period_step period_end fixed/free
0.0				initial epoch
0.0				initial rotation angle      
0.1				convexity weight      
3 3				degree and order of spherical harmonics      
6				number of rows        
0.5	1			scattering parameters
0.1	1
-0.5	1     
0.1	0			LS coeff                 
50				iteration stop condidion
10				minimum number of iterations (only if the above value < 1)
5				Alamda multiplicative factor
0.1				Alamda initial value
2
39 0 0.12 2004.12-2005.4 R 703_CATALINA
2453354.965743 5.138040e-01 1.722870e+00 -1.088437e+00 -1.615405e-01 1.829763e+00 -1.100661e-01 -1.615319e-01
2453354.972293 6.772682e-01 1.722912e+00 -1.088367e+00 -1.615422e-01 1.829691e+00 -1.099842e-01 -1.615336e-01
2453354.978724 7.425481e-01 1.722953e+00 -1.088298e+00 -1.615439e-01 1.829620e+00 -1.099038e-01 -1.615353e-01
2453354.985154 7.424864e-01 1.722994e+00 -1.088230e+00 -1.615456e-01 1.829550e+00 -1.098235e-01 -1.615370e-01
2453355.981851 1.059446e+00 1.729348e+00 -1.077550e+00 -1.618008e-01 1.818562e+00 -9.750209e-02 -1.617922e-01
2453355.988872 4.624228e-01 1.729392e+00 -1.077475e+00 -1.618026e-01 1.818484e+00 -9.741624e-02 -1.617940e-01
2453355.995902 9.660501e-01 1.729437e+00 -1.077399e+00 -1.618044e-01 1.818406e+00 -9.733028e-02 -1.617958e-01
2453356.002902 6.682825e-01 1.729481e+00 -1.077324e+00 -1.618062e-01 1.818329e+00 -9.724470e-02 -1.617976e-01
2453358.005597 3.746196e-01 1.742065e+00 -1.055752e+00 -1.623021e-01 1.795989e+00 -7.330069e-02 -1.622934e-01
2453358.012007 7.826252e-01 1.742105e+00 -1.055683e+00 -1.623036e-01 1.795917e+00 -7.322578e-02 -1.622950e-01
2453358.018418 6.509045e-01 1.742145e+00 -1.055614e+00 -1.623052e-01 1.795845e+00 -7.315087e-02 -1.622965e-01
2453358.024818 1.240168e-01 1.742185e+00 -1.055544e+00 -1.623067e-01 1.795773e+00 -7.307609e-02 -1.622981e-01
2453358.997364 7.045514e-01 1.748207e+00 -1.045015e+00 -1.625393e-01 1.784809e+00 -6.184158e-02 -1.625306e-01
2453359.004824 7.724490e-01 1.748253e+00 -1.044934e+00 -1.625410e-01 1.784725e+00 -6.175638e-02 -1.625324e-01
2453359.012355 4.873339e-01 1.748300e+00 -1.044852e+00 -1.625428e-01 1.784640e+00 -6.167040e-02 -1.625341e-01
2453359.019875 7.043418e-01 1.748346e+00 -1.044770e+00 -1.625446e-01 1.784555e+00 -6.158455e-02 -1.625359e-01
2453388.890831 5.067005e-01 1.904380e+00 -7.063001e-01 -1.670481e-01 1.437569e+00 1.597965e-01 -1.670403e-01
2453388.891361 7.323994e-01 1.904382e+00 -7.062939e-01 -1.670481e-01 1.437563e+00 1.597984e-01 -1.670404e-01
2453388.900352 6.091029e-01 1.904421e+00 -7.061882e-01 -1.670487e-01 1.437463e+00 1.598301e-01 -1.670409e-01
2453388.900872 5.066258e-01 1.904423e+00 -7.061821e-01 -1.670488e-01 1.437457e+00 1.598320e-01 -1.670410e-01
2453388.909872 8.028415e-01 1.904461e+00 -7.060762e-01 -1.670493e-01 1.437357e+00 1.598637e-01 -1.670416e-01
2453388.910402 7.321945e-01 1.904463e+00 -7.060700e-01 -1.670494e-01 1.437351e+00 1.598656e-01 -1.670416e-01
2453388.919383 8.027293e-01 1.904502e+00 -7.059644e-01 -1.670499e-01 1.437250e+00 1.598972e-01 -1.670422e-01
2453388.919913 6.676760e-01 1.904504e+00 -7.059582e-01 -1.670500e-01 1.437244e+00 1.598991e-01 -1.670422e-01
2453432.873052 9.543258e-01 2.025394e+00 -1.711541e-01 -1.642222e-01 1.078229e+00 1.217717e-01 -1.642192e-01
2453432.882412 9.542530e-01 2.025405e+00 -1.710377e-01 -1.642204e-01 1.078191e+00 1.217337e-01 -1.642174e-01
2453432.891722 1.046238e+00 2.025417e+00 -1.709219e-01 -1.642186e-01 1.078152e+00 1.216959e-01 -1.642156e-01
2453432.901023 1.046159e+00 2.025428e+00 -1.708062e-01 -1.642168e-01 1.078113e+00 1.216581e-01 -1.642138e-01
2453447.839088 1.536302e+00 2.035685e+00 1.542901e-02 -1.607120e-01 1.041060e+00 5.431124e-02 -1.607110e-01
2453447.846098 1.684501e+00 2.035686e+00 1.551649e-02 -1.607101e-01 1.041054e+00 5.427775e-02 -1.607091e-01
2453447.853078 1.401089e+00 2.035687e+00 1.560360e-02 -1.607081e-01 1.041049e+00 5.424442e-02 -1.607071e-01
2453447.860178 1.277792e+00 2.035688e+00 1.569221e-02 -1.607062e-01 1.041043e+00 5.421051e-02 -1.607052e-01
2453459.826201 1.179534e+00 2.032503e+00 1.648486e-01 -1.569972e-01 1.047840e+00 -2.469520e-03 -1.569979e-01
2453459.834740 1.075783e+00 2.032497e+00 1.649549e-01 -1.569942e-01 1.047856e+00 -2.508670e-03 -1.569949e-01
2453459.843330 1.293417e+00 2.032491e+00 1.650617e-01 -1.569913e-01 1.047873e+00 -2.548040e-03 -1.569920e-01
2453459.851950 1.418250e+00 2.032485e+00 1.651690e-01 -1.569883e-01 1.047889e+00 -2.587550e-03 -1.569890e-01
2453476.785401 7.674656e-01 2.010787e+00 3.746810e-01 -1.504149e-01 1.111187e+00 -7.025046e-02 -1.504179e-01
2453476.795211 1.109437e+00 2.010768e+00 3.748015e-01 -1.504107e-01 1.111240e+00 -7.028186e-02 -1.504137e-01
2453476.805200 1.011922e+00 2.010750e+00 3.749242e-01 -1.504064e-01 1.111295e+00 -7.031383e-02 -1.504093e-01
67 0 0.12 2005.5-2008.5 V 703_CATALINA
2453521.684093 3.922592e-01 1.859329e+00 9.072142e-01 -1.260854e-01 1.508539e+00 -4.408044e-02 -1.260927e-01
2453521.692182 4.716558e-01 1.859290e+00 9.073057e-01 -1.260802e-01 1.508628e+00 -4.403763e-02 -1.260875e-01
2453521.700282 5.172223e-01 1.859251e+00 9.073973e-01 -1.260750e-01 1.508718e+00 -4.399475e-02 -1.260823e-01
2453521.708371 4.302583e-01 1.859212e+00 9.074888e-01 -1.260698e-01 1.508807e+00 -4.395190e-02 -1.260771e-01
2453533.690216 7.406292e-01 1.797029e+00 1.040710e+00 -1.180610e-01 1.642524e+00 3.703654e-02 -1.180688e-01
2453533.697896 4.262345e-01 1.796986e+00 1.040794e+00 -1.180557e-01 1.642610e+00 3.709983e-02 -1.180635e-01
2453533.705355 5.619464e-01 1.796945e+00 1.040875e+00 -1.180505e-01 1.642693e+00 3.716131e-02 -1.180583e-01
2453533.712895 6.756810e-01 1.796903e+00 1.040957e+00 -1.180453e-01 1.642778e+00 3.722347e-02 -1.180531e-01
2453551.653866 7.887005e-01 1.688055e+00 1.231064e+00 -1.050247e-01 1.836416e+00 2.252900e-01 -1.050325e-01
2453551.660256 7.193639e-01 1.688013e+00 1.231130e+00 -1.050198e-01 1.836481e+00 2.253712e-01 -1.050277e-01
2453551.666695 4.539264e-01 1.687970e+00 1.231196e+00 -1.050149e-01 1.836547e+00 2.254530e-01 -1.050228e-01
2453551.673075 5.457854e-01 1.687928e+00 1.231261e+00 -1.050101e-01 1.836611e+00 2.255341e-01 -1.050180e-01
2453992.764120 5.811721e-01 -2.259489e+00 7.174266e-01 1.954409e-01 -1.265329e+00 5.638357e-01 1.954389e-01
2453992.770550 6.987455e-01 -2.259510e+00 7.173610e-01 1.954411e-01 -1.265335e+00 5.638791e-01 1.954390e-01
2453992.776980 6.987686e-01 -2.259532e+00 7.172955e-01 1.954412e-01 -1.265341e+00 5.639224e-01 1.954392e-01
2453992.783390 9.211869e-01 -2.259553e+00 7.172301e-01 1.954414e-01 -1.265347e+00 5.639656e-01 1.954393e-01
2453998.706322 7.246004e-01 -2.278121e+00 6.565576e-01 1.955035e-01 -1.275146e+00 6.042326e-01 1.955020e-01
2453998.712242 7.246307e-01 -2.278138e+00 6.564967e-01 1.955035e-01 -1.275160e+00 6.042730e-01 1.955019e-01
2453998.718212 8.712345e-01 -2.278156e+00 6.564353e-01 1.955035e-01 -1.275174e+00 6.043138e-01 1.955019e-01
2453998.724122 7.946085e-01 -2.278174e+00 6.563745e-01 1.955035e-01 -1.275188e+00 6.043542e-01 1.955019e-01
2454004.712074 6.930676e-01 -2.295154e+00 5.945223e-01 1.954126e-01 -1.293773e+00 6.450884e-01 1.954116e-01
2454004.719224 5.257784e-01 -2.295173e+00 5.944481e-01 1.954124e-01 -1.293801e+00 6.451367e-01 1.954114e-01
2454004.726374 6.931542e-01 -2.295193e+00 5.943740e-01 1.954123e-01 -1.293828e+00 6.451849e-01 1.954112e-01
2454004.733553 6.931978e-01 -2.295212e+00 5.942995e-01 1.954121e-01 -1.293856e+00 6.452334e-01 1.954110e-01
2454386.908025 3.450612e-01 7.154205e-02 -2.145353e+00 -5.542005e-02 1.011682e+00 -1.811062e+00 -5.542154e-02
2454386.915086 4.148174e-01 7.162534e-02 -2.145344e+00 -5.542643e-02 1.011723e+00 -1.810939e+00 -5.542792e-02
2454386.922126 3.449992e-01 7.170840e-02 -2.145335e+00 -5.543279e-02 1.011763e+00 -1.810816e+00 -5.543428e-02
2454386.929137 3.449685e-01 7.179111e-02 -2.145326e+00 -5.543913e-02 1.011804e+00 -1.810694e+00 -5.544062e-02
2454393.941110 3.785184e-01 1.544396e-01 -2.134789e+00 -6.173486e-02 1.045239e+00 -1.689688e+00 -6.173602e-02
2454393.947621 2.618481e-01 1.545163e-01 -2.134778e+00 -6.174066e-02 1.045263e+00 -1.689577e+00 -6.174182e-02
2454393.954211 3.784523e-01 1.545939e-01 -2.134767e+00 -6.174654e-02 1.045288e+00 -1.689464e+00 -6.174770e-02
2454393.960722 4.149288e-01 1.546705e-01 -2.134756e+00 -6.175235e-02 1.045313e+00 -1.689353e+00 -6.175350e-02
2454407.979292 4.499770e-01 3.190907e-01 -2.104182e+00 -7.405407e-02 1.072823e+00 -1.459190e+00 -7.405452e-02
2454407.985282 3.112810e-01 3.191607e-01 -2.104166e+00 -7.405923e-02 1.072824e+00 -1.459097e+00 -7.405969e-02
2454407.991253 3.412833e-01 3.192303e-01 -2.104151e+00 -7.406438e-02 1.072826e+00 -1.459003e+00 -7.406484e-02
2454407.997263 4.932614e-01 3.193005e-01 -2.104135e+00 -7.406957e-02 1.072827e+00 -1.458909e+00 -7.407002e-02
2454437.834983 4.509166e-01 6.615612e-01 -1.996947e+00 -9.866685e-02 9.880779e-01 -1.066822e+00 -9.866578e-02
2454437.842494 4.111920e-01 6.616455e-01 -1.996913e+00 -9.867273e-02 9.880381e-01 -1.066745e+00 -9.867165e-02
2454437.850024 4.508095e-01 6.617299e-01 -1.996879e+00 -9.867862e-02 9.879982e-01 -1.066669e+00 -9.867754e-02
2454437.857514 4.507562e-01 6.618139e-01 -1.996845e+00 -9.868447e-02 9.879585e-01 -1.066592e+00 -9.868339e-02
2454464.998588 4.785869e-01 9.571802e-01 -1.850465e+00 -1.186621e-01 8.154101e-01 -8.774248e-01 -1.186600e-01
2454465.005149 5.753403e-01 9.572491e-01 -1.850425e+00 -1.186666e-01 8.153655e-01 -8.774006e-01 -1.186645e-01
2454465.011719 5.246731e-01 9.573181e-01 -1.850384e+00 -1.186711e-01 8.153208e-01 -8.773765e-01 -1.186690e-01
2454465.018279 6.307435e-01 9.573870e-01 -1.850343e+00 -1.186756e-01 8.152762e-01 -8.773523e-01 -1.186735e-01
2454495.718855 8.028338e-01 1.263431e+00 -1.631543e+00 -1.378180e-01 6.359508e-01 -8.722904e-01 -1.378153e-01
2454495.725425 7.321914e-01 1.263492e+00 -1.631490e+00 -1.378217e-01 6.359234e-01 -8.723103e-01 -1.378190e-01
2454495.731945 7.321895e-01 1.263553e+00 -1.631438e+00 -1.378253e-01 6.358962e-01 -8.723301e-01 -1.378226e-01
2454495.738475 8.028274e-01 1.263615e+00 -1.631386e+00 -1.378289e-01 6.358690e-01 -8.723499e-01 -1.378262e-01
2454499.683522 8.821385e-01 1.300265e+00 -1.599412e+00 -1.399875e-01 6.206630e-01 -8.856784e-01 -1.399847e-01
2454499.689832 9.672546e-01 1.300323e+00 -1.599360e+00 -1.399909e-01 6.206407e-01 -8.857018e-01 -1.399881e-01
2454499.696152 7.337445e-01 1.300381e+00 -1.599308e+00 -1.399943e-01 6.206183e-01 -8.857253e-01 -1.399915e-01
2454523.674406 5.910340e-01 1.507782e+00 -1.387543e+00 -1.514941e-01 5.907760e-01 -1.013927e+00 -1.514915e-01
2454523.681626 5.390695e-01 1.507840e+00 -1.387475e+00 -1.514971e-01 5.907853e-01 -1.013974e+00 -1.514945e-01
2454523.688806 5.911216e-01 1.507898e+00 -1.387407e+00 -1.515001e-01 5.907946e-01 -1.014021e+00 -1.514976e-01
2454523.695985 5.391492e-01 1.507956e+00 -1.387339e+00 -1.515031e-01 5.908039e-01 -1.014069e+00 -1.515006e-01
2454573.704349 4.062728e-01 1.840915e+00 -8.634262e-01 -1.656978e-01 9.499732e-01 -1.326151e+00 -1.656968e-01
2454573.709789 3.705509e-01 1.840943e+00 -8.633643e-01 -1.656986e-01 9.500428e-01 -1.326172e+00 -1.656976e-01
2454573.715139 3.379697e-01 1.840970e+00 -8.633034e-01 -1.656993e-01 9.501113e-01 -1.326194e+00 -1.656983e-01
2454573.720478 4.885481e-01 1.840998e+00 -8.632427e-01 -1.657001e-01 9.501796e-01 -1.326215e+00 -1.656991e-01
2454581.663888 4.095161e-01 1.879841e+00 -7.719104e-01 -1.666552e-01 1.057818e+00 -1.352026e+00 -1.666545e-01
2454581.669278 4.923795e-01 1.879866e+00 -7.718478e-01 -1.666557e-01 1.057895e+00 -1.352039e+00 -1.666550e-01
2454581.674657 2.833536e-01 1.879891e+00 -7.717854e-01 -1.666562e-01 1.057972e+00 -1.352053e+00 -1.666555e-01
2454581.680067 4.491152e-01 1.879916e+00 -7.717226e-01 -1.666567e-01 1.058049e+00 -1.352066e+00 -1.666560e-01
2454592.646667 3.542761e-01 1.926714e+00 -6.428652e-01 -1.673709e-01 1.224263e+00 -1.367055e+00 -1.673707e-01
2454592.652696 3.231263e-01 1.926737e+00 -6.427936e-01 -1.673711e-01 1.224360e+00 -1.367056e+00 -1.673709e-01
2454592.658706 3.231488e-01 1.926761e+00 -6.427221e-01 -1.673713e-01 1.224456e+00 -1.367057e+00 -1.673711e-01
2454592.664725 2.039073e-01 1.926784e+00 -6.426506e-01 -1.673715e-01 1.224552e+00 -1.367058e+00 -1.673713e-01
1 0.5
2 0.5
