2	0.5	1000	 1	period_start period_step period_end fixed/free
0.0				initial epoch
0.0				initial rotation angle      
0.1				convexity weight      
3 3				degree and order of spherical harmonics      
6				number of rows        
0.5	1			scattering parameters
0.1	1
-0.5	1     
0.1	0			LS coeff                 
50				iteration stop condidion
10				minimum number of iterations (only if the above value < 1)
5				Alamda multiplicative factor
0.1				Alamda initial value
1
99 0 0.12 2005.12-2010.5 V 703_CATALINA
2453735.006416 1.039429e+00 2.253192e+00 5.498846e-01 -3.510556e-01 2.102402e+00 1.521605e+00 -3.510487e-01
2453735.012206 1.370164e+00 2.253174e+00 5.499503e-01 -3.510550e-01 2.102284e+00 1.521655e+00 -3.510481e-01
2453735.018016 1.039322e+00 2.253156e+00 5.500163e-01 -3.510545e-01 2.102166e+00 1.521705e+00 -3.510476e-01
2453735.023887 1.039268e+00 2.253138e+00 5.500829e-01 -3.510539e-01 2.102047e+00 1.521756e+00 -3.510470e-01
2453740.996911 6.211200e-01 2.234040e+00 6.176757e-01 -3.503121e-01 1.980766e+00 1.567818e+00 -3.503053e-01
2453741.002832 7.467093e-01 2.234020e+00 6.177425e-01 -3.503112e-01 1.980646e+00 1.567858e+00 -3.503044e-01
2453741.008822 9.842999e-01 2.234000e+00 6.178100e-01 -3.503103e-01 1.980524e+00 1.567899e+00 -3.503036e-01
2453741.014813 1.297488e+00 2.233980e+00 6.178776e-01 -3.503095e-01 1.980403e+00 1.567939e+00 -3.503027e-01
2453762.990972 9.484109e-01 2.148057e+00 8.617327e-01 -3.451105e-01 1.551056e+00 1.644891e+00 -3.451046e-01
2453762.991502 1.140234e+00 2.148055e+00 8.617385e-01 -3.451103e-01 1.551046e+00 1.644891e+00 -3.451045e-01
2453762.999193 1.140139e+00 2.148020e+00 8.618223e-01 -3.451078e-01 1.550904e+00 1.644894e+00 -3.451019e-01
2453762.999733 1.039813e+00 2.148018e+00 8.618282e-01 -3.451076e-01 1.550894e+00 1.644895e+00 -3.451018e-01
2453763.017164 1.502704e+00 2.147940e+00 8.620182e-01 -3.451020e-01 1.550573e+00 1.644902e+00 -3.450961e-01
2453763.017694 1.139911e+00 2.147938e+00 8.620239e-01 -3.451018e-01 1.550563e+00 1.644902e+00 -3.450959e-01
2453763.025335 7.885605e-01 2.147904e+00 8.621072e-01 -3.450993e-01 1.550423e+00 1.644905e+00 -3.450935e-01
2453763.025885 8.646342e-01 2.147901e+00 8.621132e-01 -3.450992e-01 1.550412e+00 1.644905e+00 -3.450933e-01
2453791.943298 1.549614e+00 1.998513e+00 1.167945e+00 -3.324037e-01 1.089983e+00 1.561059e+00 -3.323997e-01
2453791.949809 1.698981e+00 1.998475e+00 1.168011e+00 -3.324001e-01 1.089899e+00 1.561023e+00 -3.323961e-01
2453791.956289 2.042461e+00 1.998437e+00 1.168078e+00 -3.323965e-01 1.089815e+00 1.560986e+00 -3.323925e-01
2453791.962760 1.549242e+00 1.998400e+00 1.168144e+00 -3.323930e-01 1.089731e+00 1.560950e+00 -3.323889e-01
2453803.938306 1.109763e+00 1.925032e+00 1.288512e+00 -3.252347e-01 9.516234e-01 1.484266e+00 -3.252317e-01
2453803.946926 1.216700e+00 1.924977e+00 1.288597e+00 -3.252292e-01 9.515366e-01 1.484205e+00 -3.252262e-01
2453803.955597 1.216568e+00 1.924921e+00 1.288683e+00 -3.252236e-01 9.514493e-01 1.484144e+00 -3.252206e-01
2453803.964358 1.109401e+00 1.924865e+00 1.288769e+00 -3.252180e-01 9.513612e-01 1.484082e+00 -3.252150e-01
2453854.931967 1.668816e+00 1.544723e+00 1.748848e+00 -2.830661e-01 7.608285e-01 1.116642e+00 -2.830680e-01
2453854.938497 1.668766e+00 1.544668e+00 1.748901e+00 -2.830596e-01 7.608421e-01 1.116607e+00 -2.830614e-01
2453854.945027 1.668715e+00 1.544613e+00 1.748954e+00 -2.830530e-01 7.608557e-01 1.116572e+00 -2.830549e-01
2453854.951537 1.668665e+00 1.544558e+00 1.749006e+00 -2.830465e-01 7.608693e-01 1.116537e+00 -2.830484e-01
2453855.834154 1.822451e+00 1.537094e+00 1.756131e+00 -2.821598e-01 7.627831e-01 1.111859e+00 -2.821618e-01
2453855.841754 1.822392e+00 1.537030e+00 1.756192e+00 -2.821522e-01 7.628003e-01 1.111819e+00 -2.821541e-01
2453855.849344 1.998147e+00 1.536965e+00 1.756253e+00 -2.821445e-01 7.628174e-01 1.111780e+00 -2.821465e-01
2453855.856964 1.822272e+00 1.536901e+00 1.756315e+00 -2.821368e-01 7.628346e-01 1.111740e+00 -2.821388e-01
2453875.794486 1.797315e+00 1.361304e+00 1.908724e+00 -2.608062e-01 8.410152e-01 1.040846e+00 -2.608098e-01
2453875.801896 1.797356e+00 1.361236e+00 1.908777e+00 -2.607978e-01 8.410549e-01 1.040833e+00 -2.608014e-01
2453875.809346 1.797396e+00 1.361168e+00 1.908831e+00 -2.607893e-01 8.410947e-01 1.040820e+00 -2.607930e-01
2453875.816756 1.639281e+00 1.361100e+00 1.908884e+00 -2.607810e-01 8.411344e-01 1.040808e+00 -2.607846e-01
2453881.830667 1.680290e+00 1.305660e+00 1.951545e+00 -2.538771e-01 8.753026e-01 1.034479e+00 -2.538811e-01
2453881.840747 1.680378e+00 1.305566e+00 1.951616e+00 -2.538653e-01 8.753629e-01 1.034475e+00 -2.538693e-01
2453881.850827 2.020364e+00 1.305473e+00 1.951686e+00 -2.538536e-01 8.754233e-01 1.034471e+00 -2.538576e-01
2453881.860927 2.215400e+00 1.305379e+00 1.951756e+00 -2.538418e-01 8.754838e-01 1.034467e+00 -2.538458e-01
2453890.836582 1.783512e+00 1.220667e+00 2.012460e+00 -2.431543e-01 9.324771e-01 1.039792e+00 -2.431588e-01
2453890.843182 1.626668e+00 1.220603e+00 2.012503e+00 -2.431463e-01 9.325210e-01 1.039802e+00 -2.431508e-01
2453890.849602 1.783697e+00 1.220542e+00 2.012545e+00 -2.431385e-01 9.325637e-01 1.039813e+00 -2.431430e-01
2453890.856041 1.626835e+00 1.220480e+00 2.012588e+00 -2.431306e-01 9.326065e-01 1.039823e+00 -2.431352e-01
2453906.799491 1.318324e+00 1.064686e+00 2.111427e+00 -2.230797e-01 1.042579e+00 1.095498e+00 -2.230848e-01
2453906.805890 1.318421e+00 1.064622e+00 2.111465e+00 -2.230714e-01 1.042624e+00 1.095533e+00 -2.230765e-01
2453906.812330 1.445727e+00 1.064558e+00 2.111502e+00 -2.230630e-01 1.042669e+00 1.095567e+00 -2.230681e-01
2453906.818760 1.445834e+00 1.064494e+00 2.111540e+00 -2.230547e-01 1.042713e+00 1.095602e+00 -2.230598e-01
2454348.806280 1.428069e+00 -2.697064e+00 5.406058e-01 3.833764e-01 -1.736642e+00 2.334342e-01 3.833734e-01
2454348.812791 1.565836e+00 -2.697080e+00 5.405433e-01 3.833808e-01 -1.736627e+00 2.334780e-01 3.833778e-01
2454348.819581 1.428050e+00 -2.697097e+00 5.404781e-01 3.833853e-01 -1.736610e+00 2.335236e-01 3.833823e-01
2454348.826361 1.302388e+00 -2.697114e+00 5.404131e-01 3.833899e-01 -1.736593e+00 2.335692e-01 3.833869e-01
2454348.863741 1.427986e+00 -2.697208e+00 5.400542e-01 3.834149e-01 -1.736503e+00 2.338206e-01 3.834119e-01
2454348.871311 1.427975e+00 -2.697227e+00 5.399816e-01 3.834200e-01 -1.736484e+00 2.338716e-01 3.834170e-01
2454348.879071 1.565731e+00 -2.697247e+00 5.399071e-01 3.834252e-01 -1.736465e+00 2.339238e-01 3.834222e-01
2454348.886551 1.716778e+00 -2.697266e+00 5.398353e-01 3.834302e-01 -1.736447e+00 2.339741e-01 3.834272e-01
2454357.781497 1.722117e+00 -2.718166e+00 4.541666e-01 3.891750e-01 -1.724566e+00 2.964920e-01 3.891723e-01
2454357.787977 1.570606e+00 -2.718180e+00 4.541040e-01 3.891791e-01 -1.724564e+00 2.965391e-01 3.891764e-01
2454357.794487 1.432426e+00 -2.718194e+00 4.540411e-01 3.891831e-01 -1.724563e+00 2.965864e-01 3.891804e-01
2454384.634610 9.550136e-01 -2.763349e+00 1.929412e-01 4.039416e-01 -1.810193e+00 4.902789e-01 4.039400e-01
2454384.641629 1.380499e+00 -2.763357e+00 1.928726e-01 4.039449e-01 -1.810239e+00 4.903251e-01 4.039433e-01
2454384.648699 1.380585e+00 -2.763366e+00 1.928034e-01 4.039483e-01 -1.810286e+00 4.903717e-01 4.039467e-01
2454384.655759 1.047345e+00 -2.763374e+00 1.927344e-01 4.039517e-01 -1.810332e+00 4.904181e-01 4.039501e-01
2454391.682984 9.303882e-01 -2.770751e+00 1.239571e-01 4.071692e-01 -1.862638e+00 5.341201e-01 4.071680e-01
2454391.691153 1.020233e+00 -2.770759e+00 1.238771e-01 4.071728e-01 -1.862705e+00 5.341677e-01 4.071715e-01
2454391.699323 1.020316e+00 -2.770766e+00 1.237971e-01 4.071764e-01 -1.862773e+00 5.342152e-01 4.071751e-01
2454391.707512 1.226789e+00 -2.770774e+00 1.237169e-01 4.071800e-01 -1.862841e+00 5.342628e-01 4.071787e-01
2454806.705272 2.533486e+00 -4.523601e-01 -2.691092e+00 1.501719e-01 -1.860878e-01 -1.742498e+00 1.501725e-01
2454806.710052 2.310522e+00 -4.523124e-01 -2.691096e+00 1.501649e-01 -1.861206e-01 -1.742480e+00 1.501656e-01
2454806.714812 2.533388e+00 -4.522649e-01 -2.691100e+00 1.501580e-01 -1.861533e-01 -1.742463e+00 1.501587e-01
2454821.805341 2.257805e+00 -3.010892e-01 -2.700503e+00 1.280241e-01 -2.955400e-01 -1.716815e+00 1.280255e-01
2454821.811761 2.257820e+00 -3.010246e-01 -2.700505e+00 1.280146e-01 -2.955877e-01 -1.716816e+00 1.280160e-01
2454821.818201 2.257835e+00 -3.009599e-01 -2.700507e+00 1.280050e-01 -2.956356e-01 -1.716818e+00 1.280064e-01
2454821.824631 2.059183e+00 -3.008952e-01 -2.700509e+00 1.279955e-01 -2.956833e-01 -1.716820e+00 1.279969e-01
2454821.831011 1.878010e+00 -3.008310e-01 -2.700511e+00 1.279861e-01 -2.957307e-01 -1.716822e+00 1.279874e-01
2455157.001400 1.051313e+00 2.291439e+00 -6.328372e-01 -3.203336e-01 2.797649e+00 2.154415e-01 -3.203372e-01
2455157.007430 1.152683e+00 2.291452e+00 -6.327692e-01 -3.203377e-01 2.797572e+00 2.155622e-01 -3.203414e-01
2455157.013571 1.152623e+00 2.291466e+00 -6.327000e-01 -3.203419e-01 2.797493e+00 2.156851e-01 -3.203455e-01
2455157.019581 8.743098e-01 2.291480e+00 -6.326323e-01 -3.203460e-01 2.797416e+00 2.158054e-01 -3.203497e-01
2455162.998180 1.315774e+00 2.304128e+00 -5.650158e-01 -3.243084e-01 2.717439e+00 3.309633e-01 -3.243119e-01
2455163.001820 7.571247e-01 2.304135e+00 -5.649745e-01 -3.243108e-01 2.717388e+00 3.310306e-01 -3.243143e-01
2455163.005410 1.581807e+00 2.304142e+00 -5.649338e-01 -3.243131e-01 2.717338e+00 3.310970e-01 -3.243166e-01
2455163.009041 1.315648e+00 2.304149e+00 -5.648926e-01 -3.243154e-01 2.717288e+00 3.311641e-01 -3.243189e-01
2455241.934668 1.102446e+00 2.299769e+00 3.484906e-01 -3.518480e-01 1.486137e+00 9.081942e-01 -3.518469e-01
2455241.941589 1.747099e+00 2.299754e+00 3.485704e-01 -3.518483e-01 1.486053e+00 9.081754e-01 -3.518472e-01
2455241.948569 1.915478e+00 2.299739e+00 3.486509e-01 -3.518486e-01 1.485968e+00 9.081565e-01 -3.518475e-01
2455241.955570 1.915300e+00 2.299725e+00 3.487316e-01 -3.518489e-01 1.485883e+00 9.081376e-01 -3.518478e-01
2455270.914568 1.222308e+00 2.216736e+00 6.782897e-01 -3.497073e-01 1.226744e+00 7.724542e-01 -3.497043e-01
2455270.921548 1.222219e+00 2.216711e+00 6.783678e-01 -3.497060e-01 1.226705e+00 7.724123e-01 -3.497030e-01
2455270.928578 1.222129e+00 2.216685e+00 6.784465e-01 -3.497047e-01 1.226666e+00 7.723701e-01 -3.497017e-01
2455270.935668 1.114512e+00 2.216660e+00 6.785258e-01 -3.497033e-01 1.226627e+00 7.723275e-01 -3.497003e-01
2455295.785918 1.475413e+00 2.111387e+00 9.511534e-01 -3.424996e-01 1.165454e+00 6.221635e-01 -3.424954e-01
2455295.791578 1.475385e+00 2.111359e+00 9.512141e-01 -3.424974e-01 1.165457e+00 6.221318e-01 -3.424932e-01
2455295.797298 1.617697e+00 2.111331e+00 9.512755e-01 -3.424952e-01 1.165460e+00 6.220999e-01 -3.424910e-01
2455295.803058 1.475329e+00 2.111303e+00 9.513373e-01 -3.424929e-01 1.165463e+00 6.220677e-01 -3.424887e-01
2455322.764718 1.283467e+00 1.963160e+00 1.231690e+00 -3.291683e-01 1.255964e+00 5.123334e-01 -3.291636e-01
2455322.770988 1.407351e+00 1.963122e+00 1.231753e+00 -3.291646e-01 1.256000e+00 5.123204e-01 -3.291598e-01
2455322.777288 1.283569e+00 1.963084e+00 1.231816e+00 -3.291608e-01 1.256037e+00 5.123073e-01 -3.291561e-01
2455322.783568 1.283621e+00 1.963045e+00 1.231879e+00 -3.291571e-01 1.256074e+00 5.122942e-01 -3.291523e-01
1 0.5
