2	0.5	1000	 1	period_start period_step period_end fixed/free
0.0				initial epoch
0.0				initial rotation angle      
0.1				convexity weight      
3 3				degree and order of spherical harmonics      
6				number of rows        
0.5	1			scattering parameters
0.1	1
-0.5	1     
0.1	0			LS coeff                 
50				iteration stop condidion
10				minimum number of iterations (only if the above value < 1)
5				Alamda multiplicative factor
0.1				Alamda initial value
1
104 0 0.12 2005.7-2009.4 V 703_CATALINA
2453562.796858 1.770352e+00 -1.839981e+00 2.145528e+00 -3.413679e-01 -1.508758e+00 1.184389e+00 -3.413755e-01
2453562.804939 1.941017e+00 -1.840041e+00 2.145469e+00 -3.413569e-01 -1.508689e+00 1.184375e+00 -3.413645e-01
2453562.813089 1.472309e+00 -1.840103e+00 2.145410e+00 -3.413459e-01 -1.508620e+00 1.184361e+00 -3.413534e-01
2453562.821199 1.769981e+00 -1.840164e+00 2.145351e+00 -3.413348e-01 -1.508552e+00 1.184347e+00 -3.413424e-01
2453665.596876 1.733557e+00 -2.468699e+00 1.268237e+00 -1.812247e-01 -1.595853e+00 1.746274e+00 -1.812217e-01
2453665.604906 1.733700e+00 -2.468736e+00 1.268160e+00 -1.812109e-01 -1.595958e+00 1.746317e+00 -1.812079e-01
2453665.612945 1.733844e+00 -2.468772e+00 1.268083e+00 -1.811970e-01 -1.596063e+00 1.746360e+00 -1.811941e-01
2453665.620994 1.581416e+00 -2.468809e+00 1.268005e+00 -1.811831e-01 -1.596168e+00 1.746404e+00 -1.811802e-01
2453699.550017 2.007574e+00 -2.602512e+00 9.321589e-01 -1.214707e-01 -2.151119e+00 1.810013e+00 -1.214647e-01
2453699.556376 1.053649e+00 -2.602533e+00 9.320944e-01 -1.214593e-01 -2.151240e+00 1.809998e+00 -1.214533e-01
2453699.562736 1.266837e+00 -2.602554e+00 9.320299e-01 -1.214479e-01 -2.151360e+00 1.809983e+00 -1.214419e-01
2453699.569105 1.389138e+00 -2.602576e+00 9.319652e-01 -1.214365e-01 -2.151481e+00 1.809968e+00 -1.214305e-01
2453705.565073 1.012523e+00 -2.621923e+00 8.709039e-01 -1.106539e-01 -2.266585e+00 1.790724e+00 -1.106475e-01
2453705.569433 1.110251e+00 -2.621937e+00 8.708594e-01 -1.106460e-01 -2.266670e+00 1.790706e+00 -1.106397e-01
2453705.573773 1.334865e+00 -2.621950e+00 8.708150e-01 -1.106382e-01 -2.266755e+00 1.790689e+00 -1.106318e-01
2453705.578112 6.389300e-01 -2.621964e+00 8.707706e-01 -1.106304e-01 -2.266839e+00 1.790671e+00 -1.106240e-01
2453996.889523 4.795210e+00 -1.942885e+00 -2.022332e+00 3.764812e-01 -9.415129e-01 -2.105724e+00 3.764795e-01
2453996.892173 3.988383e+00 -1.942866e+00 -2.022353e+00 3.764844e-01 -9.414908e-01 -2.105699e+00 3.764827e-01
2453996.899023 4.372893e+00 -1.942817e+00 -2.022405e+00 3.764928e-01 -9.414336e-01 -2.105635e+00 3.764910e-01
2453996.901713 3.025226e+00 -1.942798e+00 -2.022426e+00 3.764961e-01 -9.414112e-01 -2.105609e+00 3.764943e-01
2453996.908594 3.987765e+00 -1.942748e+00 -2.022479e+00 3.765044e-01 -9.413538e-01 -2.105545e+00 3.765027e-01
2453996.911264 3.316795e+00 -1.942729e+00 -2.022500e+00 3.765077e-01 -9.413315e-01 -2.105520e+00 3.765059e-01
2453996.918145 4.372104e+00 -1.942679e+00 -2.022553e+00 3.765160e-01 -9.412741e-01 -2.105455e+00 3.765143e-01
2453996.920855 3.636465e+00 -1.942660e+00 -2.022574e+00 3.765193e-01 -9.412516e-01 -2.105430e+00 3.765176e-01
2454038.869248 3.451714e+00 -1.619817e+00 -2.321379e+00 4.230625e-01 -8.236340e-01 -1.727892e+00 4.230643e-01
2454038.874978 3.784628e+00 -1.619770e+00 -2.321417e+00 4.230682e-01 -8.236478e-01 -1.727850e+00 4.230700e-01
2454038.887339 3.147736e+00 -1.619670e+00 -2.321498e+00 4.230806e-01 -8.236775e-01 -1.727761e+00 4.230824e-01
2454038.898289 4.149314e+00 -1.619580e+00 -2.321569e+00 4.230915e-01 -8.237039e-01 -1.727683e+00 4.230933e-01
2454052.773637 3.987195e+00 -1.504437e+00 -2.409279e+00 4.364496e-01 -8.769097e-01 -1.644070e+00 4.364524e-01
2454052.780177 3.316382e+00 -1.504382e+00 -2.409319e+00 4.364557e-01 -8.769434e-01 -1.644039e+00 4.364585e-01
2454052.786727 3.636317e+00 -1.504327e+00 -2.409359e+00 4.364617e-01 -8.769772e-01 -1.644008e+00 4.364646e-01
2454052.793237 3.636294e+00 -1.504272e+00 -2.409399e+00 4.364678e-01 -8.770107e-01 -1.643978e+00 4.364706e-01
2454058.807670 4.791373e+00 -1.453219e+00 -2.445626e+00 4.419330e-01 -9.109913e-01 -1.619355e+00 4.419361e-01
2454058.814260 4.369809e+00 -1.453162e+00 -2.445665e+00 4.419388e-01 -9.110317e-01 -1.619332e+00 4.419420e-01
2454058.820820 4.369833e+00 -1.453106e+00 -2.445704e+00 4.419447e-01 -9.110718e-01 -1.619309e+00 4.419479e-01
2454058.827380 4.369856e+00 -1.453050e+00 -2.445743e+00 4.419505e-01 -9.111120e-01 -1.619287e+00 4.419537e-01
2454080.850587 4.354291e+00 -1.260738e+00 -2.568951e+00 4.602590e-01 -1.073784e+00 -1.602183e+00 4.602632e-01
2454080.857097 4.774602e+00 -1.260680e+00 -2.568985e+00 4.602640e-01 -1.073838e+00 -1.602196e+00 4.602682e-01
2454080.863627 5.235485e+00 -1.260622e+00 -2.569019e+00 4.602690e-01 -1.073892e+00 -1.602210e+00 4.602732e-01
2454080.870137 5.235723e+00 -1.260564e+00 -2.569054e+00 4.602740e-01 -1.073946e+00 -1.602223e+00 4.602782e-01
2454090.731818 2.975485e+00 -1.171959e+00 -2.619335e+00 4.675949e-01 -1.156652e+00 -1.635694e+00 4.675993e-01
2454090.737708 2.975644e+00 -1.171906e+00 -2.619365e+00 4.675991e-01 -1.156701e+00 -1.635722e+00 4.676035e-01
2454090.743608 3.262903e+00 -1.171852e+00 -2.619394e+00 4.676033e-01 -1.156751e+00 -1.635750e+00 4.676077e-01
2454090.749507 2.975962e+00 -1.171799e+00 -2.619423e+00 4.676075e-01 -1.156801e+00 -1.635778e+00 4.676120e-01
2454125.620866 2.755487e+00 -8.482708e-01 -2.772446e+00 4.890836e-01 -1.407950e+00 -1.962584e+00 4.890879e-01
2454125.629615 2.292152e+00 -8.481879e-01 -2.772479e+00 4.890881e-01 -1.407993e+00 -1.962704e+00 4.890924e-01
2454125.638404 2.513558e+00 -8.481047e-01 -2.772513e+00 4.890926e-01 -1.408037e+00 -1.962824e+00 4.890969e-01
2454125.647154 2.292630e+00 -8.480218e-01 -2.772546e+00 4.890971e-01 -1.408080e+00 -1.962944e+00 4.891015e-01
2454144.615022 2.610459e+00 -6.666685e-01 -2.839341e+00 4.978728e-01 -1.464488e+00 -2.257816e+00 4.978764e-01
2454144.621011 3.138675e+00 -6.666108e-01 -2.839360e+00 4.978753e-01 -1.464492e+00 -2.257919e+00 4.978789e-01
2454144.626971 3.138888e+00 -6.665533e-01 -2.839379e+00 4.978777e-01 -1.464497e+00 -2.258021e+00 4.978813e-01
2454144.632950 2.610991e+00 -6.664957e-01 -2.839398e+00 4.978802e-01 -1.464502e+00 -2.258124e+00 4.978838e-01
2454169.598181 1.960473e+00 -4.237485e-01 -2.909514e+00 5.063113e-01 -1.398605e+00 -2.720615e+00 5.063134e-01
2454169.602330 1.960553e+00 -4.237079e-01 -2.909524e+00 5.063124e-01 -1.398579e+00 -2.720695e+00 5.063145e-01
2454169.606520 2.833977e+00 -4.236668e-01 -2.909534e+00 5.063136e-01 -1.398553e+00 -2.720776e+00 5.063156e-01
2454169.610699 2.834094e+00 -4.236259e-01 -2.909544e+00 5.063147e-01 -1.398527e+00 -2.720857e+00 5.063167e-01
2454384.969787 1.549794e+00 1.623947e+00 -2.713863e+00 4.421363e-01 2.575275e+00 -2.411047e+00 4.421347e-01
2454384.976848 4.268309e+00 1.624007e+00 -2.713836e+00 4.421306e-01 2.575297e+00 -2.410904e+00 4.421290e-01
2454384.983958 1.549663e+00 1.624067e+00 -2.713808e+00 4.421249e-01 2.575318e+00 -2.410760e+00 4.421233e-01
2454384.991029 1.549597e+00 1.624128e+00 -2.713780e+00 4.421192e-01 2.575339e+00 -2.410617e+00 4.421176e-01
2454423.920960 2.219862e+00 1.944036e+00 -2.542492e+00 4.079035e-01 2.488365e+00 -1.717592e+00 4.079039e-01
2454423.930261 2.024378e+00 1.944110e+00 -2.542447e+00 4.078947e-01 2.488302e+00 -1.717460e+00 4.078950e-01
2454423.939582 2.024219e+00 1.944183e+00 -2.542401e+00 4.078858e-01 2.488239e+00 -1.717327e+00 4.078862e-01
2454423.948943 1.535406e+00 1.944257e+00 -2.542356e+00 4.078769e-01 2.488176e+00 -1.717193e+00 4.078773e-01
2454477.804766 2.266550e+00 2.343396e+00 -2.250186e+00 3.517007e-01 1.985490e+00 -1.334190e+00 3.517032e-01
2454477.811257 1.885161e+00 2.343441e+00 -2.250148e+00 3.516934e-01 1.985429e+00 -1.334193e+00 3.516958e-01
2454477.817747 2.987664e+00 2.343485e+00 -2.250109e+00 3.516861e-01 1.985368e+00 -1.334195e+00 3.516885e-01
2454477.824227 2.484936e+00 2.343530e+00 -2.250070e+00 3.516787e-01 1.985307e+00 -1.334197e+00 3.516812e-01
2454498.921208 2.760391e+00 2.484587e+00 -2.119989e+00 3.272145e-01 1.814758e+00 -1.397227e+00 3.272173e-01
2454498.928388 2.760366e+00 2.484633e+00 -2.119943e+00 3.272060e-01 1.814712e+00 -1.397265e+00 3.272087e-01
2454498.935548 2.760340e+00 2.484680e+00 -2.119898e+00 3.271975e-01 1.814666e+00 -1.397304e+00 3.272002e-01
2454498.942768 2.760315e+00 2.484726e+00 -2.119852e+00 3.271889e-01 1.814619e+00 -1.397343e+00 3.271916e-01
2454503.750072 3.977458e+00 2.515585e+00 -2.089085e+00 3.214398e-01 1.785953e+00 -1.425638e+00 3.214425e-01
2454503.756652 3.308305e+00 2.515627e+00 -2.089042e+00 3.214319e-01 1.785917e+00 -1.425680e+00 3.214346e-01
2454503.763222 3.308304e+00 2.515669e+00 -2.089000e+00 3.214240e-01 1.785881e+00 -1.425722e+00 3.214267e-01
2454503.769812 3.627483e+00 2.515711e+00 -2.088958e+00 3.214161e-01 1.785845e+00 -1.425764e+00 3.214188e-01
2454505.882694 3.310131e+00 2.529119e+00 -2.075307e+00 3.188695e-01 1.774723e+00 -1.439602e+00 3.188722e-01
2454505.890714 3.629502e+00 2.529170e+00 -2.075255e+00 3.188598e-01 1.774682e+00 -1.439656e+00 3.188625e-01
2454505.898794 3.629518e+00 2.529221e+00 -2.075202e+00 3.188500e-01 1.774642e+00 -1.439711e+00 3.188528e-01
2454505.906844 3.310175e+00 2.529272e+00 -2.075150e+00 3.188403e-01 1.774601e+00 -1.439765e+00 3.188430e-01
2454510.713949 2.768900e+00 2.559427e+00 -2.043802e+00 3.130019e-01 1.752887e+00 -1.474177e+00 3.130046e-01
2454510.720499 2.768933e+00 2.559467e+00 -2.043759e+00 3.129939e-01 1.752861e+00 -1.474226e+00 3.129966e-01
2454510.727039 3.036110e+00 2.559508e+00 -2.043716e+00 3.129860e-01 1.752835e+00 -1.474276e+00 3.129887e-01
2454510.733579 2.525356e+00 2.559549e+00 -2.043673e+00 3.129780e-01 1.752809e+00 -1.474325e+00 3.129807e-01
2454533.693550 1.769539e+00 2.696713e+00 -1.888653e+00 2.842848e-01 1.726158e+00 -1.680188e+00 2.842871e-01
2454533.700540 2.127557e+00 2.696753e+00 -1.888605e+00 2.842758e-01 1.726171e+00 -1.680258e+00 2.842782e-01
2454533.707530 1.613996e+00 2.696793e+00 -1.888556e+00 2.842669e-01 1.726183e+00 -1.680327e+00 2.842693e-01
2454533.714519 1.769798e+00 2.696833e+00 -1.888508e+00 2.842580e-01 1.726196e+00 -1.680397e+00 2.842604e-01
2454537.678744 1.997787e+00 2.719345e+00 -1.860895e+00 2.791755e-01 1.735613e+00 -1.720165e+00 2.791778e-01
2454537.692644 1.822198e+00 2.719424e+00 -1.860797e+00 2.791576e-01 1.735654e+00 -1.720306e+00 2.791599e-01
2454537.700523 1.998121e+00 2.719468e+00 -1.860742e+00 2.791475e-01 1.735677e+00 -1.720385e+00 2.791497e-01
2454537.708413 1.662064e+00 2.719512e+00 -1.860687e+00 2.791373e-01 1.735700e+00 -1.720465e+00 2.791396e-01
2454594.640613 9.475951e-01 3.003245e+00 -1.439706e+00 2.025385e-01 2.325256e+00 -2.187489e+00 2.025386e-01
2454594.646573 1.979919e+00 3.003271e+00 -1.439659e+00 2.025302e-01 2.325356e+00 -2.187512e+00 2.025303e-01
2454594.652532 1.039135e+00 3.003296e+00 -1.439613e+00 2.025219e-01 2.325456e+00 -2.187535e+00 2.025220e-01
2454594.658482 1.647011e+00 3.003322e+00 -1.439567e+00 2.025135e-01 2.325556e+00 -2.187558e+00 2.025137e-01
2454830.021183 1.183495e+00 3.322620e+00 5.581246e-01 -1.456589e-01 3.184960e+00 1.531771e+00 -1.456571e-01
2454830.024963 2.056615e+00 3.322614e+00 5.581571e-01 -1.456644e-01 3.184888e+00 1.531794e+00 -1.456626e-01
2454830.028773 2.472517e+00 3.322607e+00 5.581899e-01 -1.456699e-01 3.184816e+00 1.531817e+00 -1.456682e-01
2454830.032504 1.710511e+00 3.322601e+00 5.582220e-01 -1.456753e-01 3.184745e+00 1.531840e+00 -1.456736e-01
2454938.797945 3.209670e+00 2.992128e+00 1.453711e+00 -2.946817e-01 2.099935e+00 9.935300e-01 -2.946786e-01
2454938.803965 4.231158e+00 2.992102e+00 1.453757e+00 -2.946893e-01 2.099954e+00 9.934841e-01 -2.946862e-01
2454938.809915 2.669673e+00 2.992076e+00 1.453804e+00 -2.946969e-01 2.099973e+00 9.934388e-01 -2.946938e-01
2454938.815905 3.209646e+00 2.992050e+00 1.453850e+00 -2.947044e-01 2.099993e+00 9.933932e-01 -2.947013e-01
1 0.5
