2	0.5	1000	 1	period_start period_step period_end fixed/free
0.0				initial epoch
0.0				initial rotation angle      
0.1				convexity weight      
3 3				degree and order of spherical harmonics      
6				number of rows        
0.5	1			scattering parameters
0.1	1
-0.5	1     
0.1	0			LS coeff                 
50				iteration stop condidion
10				minimum number of iterations (only if the above value < 1)
5				Alamda multiplicative factor
0.1				Alamda initial value
1
105 0 0.12 2006.10-2008.6 V 703_CATALINA
2454024.875248 5.866524e+00 -2.031753e+00 -2.056180e+00 9.071362e-02 -1.112558e+00 -1.670350e+00 9.071429e-02
2454024.882808 5.866151e+00 -2.031696e+00 -2.056231e+00 9.069933e-02 -1.112553e+00 -1.670281e+00 9.070000e-02
2454024.889938 5.865800e+00 -2.031642e+00 -2.056279e+00 9.068585e-02 -1.112549e+00 -1.670216e+00 9.068653e-02
2454041.885648 5.255417e+00 -1.899133e+00 -2.166476e+00 5.842724e-02 -1.135891e+00 -1.532411e+00 5.842928e-02
2454041.891118 5.255295e+00 -1.899089e+00 -2.166511e+00 5.841682e-02 -1.135909e+00 -1.532373e+00 5.841886e-02
2454041.896579 5.762183e+00 -1.899046e+00 -2.166545e+00 5.840641e-02 -1.135926e+00 -1.532336e+00 5.840846e-02
2454041.902059 4.792662e+00 -1.899002e+00 -2.166579e+00 5.839597e-02 -1.135944e+00 -1.532298e+00 5.839802e-02
2454050.780040 6.156284e+00 -1.827058e+00 -2.221092e+00 4.145509e-02 -1.172837e+00 -1.477963e+00 4.145777e-02
2454050.802180 6.156072e+00 -1.826876e+00 -2.221225e+00 4.141278e-02 -1.172947e+00 -1.477846e+00 4.141546e-02
2454050.813221 6.155967e+00 -1.826786e+00 -2.221291e+00 4.139169e-02 -1.173002e+00 -1.477788e+00 4.139437e-02
2454050.815041 6.155950e+00 -1.826771e+00 -2.221302e+00 4.138821e-02 -1.173011e+00 -1.477778e+00 4.139089e-02
2454050.823781 7.400979e+00 -1.826699e+00 -2.221355e+00 4.137151e-02 -1.173055e+00 -1.477732e+00 4.137419e-02
2454050.841321 6.155700e+00 -1.826555e+00 -2.221460e+00 4.133799e-02 -1.173143e+00 -1.477640e+00 4.134068e-02
2454056.791247 8.865805e+00 -1.777325e+00 -2.256770e+00 2.996047e-02 -1.205872e+00 -1.449913e+00 2.996353e-02
2454056.798227 8.865825e+00 -1.777267e+00 -2.256811e+00 2.994711e-02 -1.205914e+00 -1.449885e+00 2.995018e-02
2454056.812257 8.865867e+00 -1.777150e+00 -2.256893e+00 2.992027e-02 -1.205998e+00 -1.449828e+00 2.992333e-02
2454066.709344 6.850470e+00 -1.693526e+00 -2.313404e+00 1.096796e-02 -1.271988e+00 -1.421201e+00 1.097156e-02
2454066.709874 7.511402e+00 -1.693522e+00 -2.313407e+00 1.096695e-02 -1.271992e+00 -1.421200e+00 1.097055e-02
2454066.719434 6.850701e+00 -1.693440e+00 -2.313460e+00 1.094863e-02 -1.272062e+00 -1.421183e+00 1.095223e-02
2454066.729564 6.850933e+00 -1.693353e+00 -2.313516e+00 1.092922e-02 -1.272136e+00 -1.421166e+00 1.093282e-02
2454066.730094 6.850945e+00 -1.693349e+00 -2.313519e+00 1.092820e-02 -1.272139e+00 -1.421165e+00 1.093181e-02
2454066.739673 6.851165e+00 -1.693267e+00 -2.313573e+00 1.090985e-02 -1.272209e+00 -1.421149e+00 1.091345e-02
2454066.740223 6.851177e+00 -1.693262e+00 -2.313576e+00 1.090880e-02 -1.272213e+00 -1.421148e+00 1.091240e-02
2454083.700545 4.748918e+00 -1.545159e+00 -2.403739e+00 -2.158736e-02 -1.407358e+00 -1.429066e+00 -2.158307e-02
2454083.706434 4.331255e+00 -1.545106e+00 -2.403769e+00 -2.159863e-02 -1.407408e+00 -1.429082e+00 -2.159435e-02
2454083.712324 4.331445e+00 -1.545054e+00 -2.403799e+00 -2.160991e-02 -1.407457e+00 -1.429098e+00 -2.160563e-02
2454083.718204 4.749543e+00 -1.545001e+00 -2.403829e+00 -2.162117e-02 -1.407507e+00 -1.429114e+00 -2.161689e-02
2454130.649101 4.309409e+00 -1.107402e+00 -2.606461e+00 -1.107602e-01 -1.737370e+00 -1.849213e+00 -1.107560e-01
2454130.654070 4.309627e+00 -1.107354e+00 -2.606479e+00 -1.107695e-01 -1.737389e+00 -1.849286e+00 -1.107653e-01
2454130.659020 5.181572e+00 -1.107306e+00 -2.606496e+00 -1.107788e-01 -1.737408e+00 -1.849358e+00 -1.107746e-01
2454130.663929 5.681764e+00 -1.107258e+00 -2.606514e+00 -1.107880e-01 -1.737427e+00 -1.849430e+00 -1.107838e-01
2454140.623809 4.759694e+00 -1.009908e+00 -2.640152e+00 -1.293846e-01 -1.764242e+00 -2.004350e+00 -1.293808e-01
2454140.630228 5.219226e+00 -1.009845e+00 -2.640173e+00 -1.293965e-01 -1.764252e+00 -2.004455e+00 -1.293927e-01
2454140.636648 4.341435e+00 -1.009782e+00 -2.640193e+00 -1.294085e-01 -1.764262e+00 -2.004561e+00 -1.294047e-01
2454140.643097 4.341707e+00 -1.009718e+00 -2.640214e+00 -1.294205e-01 -1.764272e+00 -2.004667e+00 -1.294167e-01
2454147.610659 3.859206e+00 -9.408283e-01 -2.661711e+00 -1.423316e-01 -1.768730e+00 -2.122811e+00 -1.423282e-01
2454147.617699 3.859460e+00 -9.407583e-01 -2.661732e+00 -1.423446e-01 -1.768728e+00 -2.122934e+00 -1.423412e-01
2454147.624728 4.640396e+00 -9.406885e-01 -2.661753e+00 -1.423576e-01 -1.768726e+00 -2.123056e+00 -1.423542e-01
2454147.631748 4.232368e+00 -9.406188e-01 -2.661774e+00 -1.423706e-01 -1.768724e+00 -2.123179e+00 -1.423671e-01
2454157.588741 4.629266e+00 -8.411417e-01 -2.689545e+00 -1.606616e-01 -1.752406e+00 -2.302625e+00 -1.606587e-01
2454157.595990 5.565952e+00 -8.410689e-01 -2.689564e+00 -1.606748e-01 -1.752384e+00 -2.302759e+00 -1.606720e-01
2454157.603210 4.222470e+00 -8.409964e-01 -2.689583e+00 -1.606880e-01 -1.752362e+00 -2.302892e+00 -1.606851e-01
2454157.610449 4.630137e+00 -8.409236e-01 -2.689602e+00 -1.607012e-01 -1.752340e+00 -2.303026e+00 -1.606984e-01
2454168.618273 3.847285e+00 -7.296754e-01 -2.716210e+00 -1.806769e-01 -1.700909e+00 -2.510725e+00 -1.806748e-01
2454168.624722 3.508943e+00 -7.296099e-01 -2.716224e+00 -1.806885e-01 -1.700869e+00 -2.510848e+00 -1.806864e-01
2454168.631142 3.847674e+00 -7.295446e-01 -2.716239e+00 -1.807001e-01 -1.700828e+00 -2.510971e+00 -1.806979e-01
2454168.637571 3.509298e+00 -7.294793e-01 -2.716253e+00 -1.807117e-01 -1.700787e+00 -2.511093e+00 -1.807095e-01
2454381.959870 4.263718e+00 1.434559e+00 -2.352113e+00 -4.741980e-01 2.401152e+00 -2.098832e+00 -4.741998e-01
2454381.964780 3.234255e+00 1.434603e+00 -2.352086e+00 -4.742020e-01 2.401174e+00 -2.098724e+00 -4.742037e-01
2454381.969680 3.234149e+00 1.434648e+00 -2.352059e+00 -4.742059e-01 2.401196e+00 -2.098616e+00 -4.742076e-01
2454381.974611 2.949482e+00 1.434692e+00 -2.352032e+00 -4.742099e-01 2.401217e+00 -2.098507e+00 -4.742116e-01
2454387.982749 3.402501e+00 1.488864e+00 -2.318480e+00 -4.789210e-01 2.422346e+00 -1.966895e+00 -4.789224e-01
2454387.986669 3.402407e+00 1.488899e+00 -2.318458e+00 -4.789240e-01 2.422356e+00 -1.966810e+00 -4.789254e-01
2454387.990529 3.402314e+00 1.488933e+00 -2.318436e+00 -4.789269e-01 2.422366e+00 -1.966726e+00 -4.789284e-01
2454387.994389 4.090369e+00 1.488968e+00 -2.318414e+00 -4.789299e-01 2.422376e+00 -1.966642e+00 -4.789313e-01
2454394.959368 4.672638e+00 1.550853e+00 -2.278100e+00 -4.840979e-01 2.433397e+00 -1.817463e+00 -4.840990e-01
2454394.964889 4.261318e+00 1.550901e+00 -2.278068e+00 -4.841018e-01 2.433400e+00 -1.817347e+00 -4.841029e-01
2454394.970419 2.947988e+00 1.550950e+00 -2.278035e+00 -4.841058e-01 2.433403e+00 -1.817230e+00 -4.841069e-01
2454394.975990 4.260959e+00 1.550999e+00 -2.278002e+00 -4.841098e-01 2.433407e+00 -1.817113e+00 -4.841109e-01
2454417.936397 3.516326e+00 1.747600e+00 -2.134686e+00 -4.988839e-01 2.376406e+00 -1.370523e+00 -4.988839e-01
2454417.944138 3.206702e+00 1.747664e+00 -2.134635e+00 -4.988883e-01 2.376365e+00 -1.370387e+00 -4.988883e-01
2454417.951939 2.667029e+00 1.747729e+00 -2.134583e+00 -4.988928e-01 2.376324e+00 -1.370251e+00 -4.988927e-01
2454417.959699 3.206248e+00 1.747793e+00 -2.134532e+00 -4.988972e-01 2.376283e+00 -1.370116e+00 -4.988971e-01
2454440.909728 2.566986e+00 1.931936e+00 -1.976176e+00 -5.101336e-01 2.207224e+00 -1.030094e+00 -5.101324e-01
2454440.916189 2.566818e+00 1.931986e+00 -1.976129e+00 -5.101363e-01 2.207165e+00 -1.030017e+00 -5.101350e-01
2454440.922679 3.085791e+00 1.932036e+00 -1.976082e+00 -5.101389e-01 2.207106e+00 -1.029940e+00 -5.101377e-01
2454440.929160 2.566481e+00 1.932087e+00 -1.976036e+00 -5.101416e-01 2.207048e+00 -1.029862e+00 -5.101404e-01
2454449.958722 2.813669e+00 2.000880e+00 -1.909853e+00 -5.135821e-01 2.121301e+00 -9.330120e-01 -5.135805e-01
2454449.965972 3.382523e+00 2.000934e+00 -1.909799e+00 -5.135846e-01 2.121229e+00 -9.329433e-01 -5.135830e-01
2454449.973203 3.084669e+00 2.000988e+00 -1.909745e+00 -5.135871e-01 2.121158e+00 -9.328747e-01 -5.135855e-01
2454449.980424 3.084441e+00 2.001042e+00 -1.909691e+00 -5.135897e-01 2.121087e+00 -9.328062e-01 -5.135881e-01
2454498.796505 5.623028e+00 2.333806e+00 -1.518145e+00 -5.225298e-01 1.665587e+00 -7.939175e-01 -5.225271e-01
2454498.802765 5.622871e+00 2.333844e+00 -1.518091e+00 -5.225299e-01 1.665544e+00 -7.939375e-01 -5.225272e-01
2454498.808985 5.127976e+00 2.333882e+00 -1.518038e+00 -5.225300e-01 1.665502e+00 -7.939572e-01 -5.225273e-01
2454498.815245 5.622556e+00 2.333920e+00 -1.517984e+00 -5.225302e-01 1.665459e+00 -7.939772e-01 -5.225274e-01
2454510.801584 4.519473e+00 2.404868e+00 -1.414115e+00 -5.222373e-01 1.597436e+00 -8.457273e-01 -5.222346e-01
2454510.808224 4.519439e+00 2.404906e+00 -1.414057e+00 -5.222369e-01 1.597406e+00 -8.457629e-01 -5.222342e-01
2454510.814874 4.121747e+00 2.404945e+00 -1.413998e+00 -5.222364e-01 1.597376e+00 -8.457985e-01 -5.222337e-01
2454523.881371 3.798873e+00 2.477189e+00 -1.297771e+00 -5.208102e-01 1.558788e+00 -9.274676e-01 -5.208076e-01
2454523.889641 4.567351e+00 2.477233e+00 -1.297696e+00 -5.208089e-01 1.558776e+00 -9.275256e-01 -5.208064e-01
2454523.897920 4.165570e+00 2.477277e+00 -1.297621e+00 -5.208077e-01 1.558765e+00 -9.275837e-01 -5.208051e-01
2454523.906210 4.165665e+00 2.477321e+00 -1.297547e+00 -5.208064e-01 1.558753e+00 -9.276418e-01 -5.208038e-01
2454528.741159 5.092106e+00 2.502677e+00 -1.253803e+00 -5.199875e-01 1.554983e+00 -9.625937e-01 -5.199850e-01
2454528.747629 3.862861e+00 2.502710e+00 -1.253744e+00 -5.199863e-01 1.554982e+00 -9.626418e-01 -5.199838e-01
2454528.754099 3.862964e+00 2.502744e+00 -1.253685e+00 -5.199851e-01 1.554981e+00 -9.626898e-01 -5.199826e-01
2454536.643179 5.303645e+00 2.542498e+00 -1.181510e+00 -5.183138e-01 1.561739e+00 -1.023101e+00 -5.183115e-01
2454536.649839 4.411560e+00 2.542531e+00 -1.181448e+00 -5.183122e-01 1.561752e+00 -1.023153e+00 -5.183099e-01
2454536.656498 4.837376e+00 2.542564e+00 -1.181387e+00 -5.183106e-01 1.561764e+00 -1.023206e+00 -5.183083e-01
2454536.663198 4.411922e+00 2.542597e+00 -1.181325e+00 -5.183091e-01 1.561777e+00 -1.023258e+00 -5.183067e-01
2454549.848936 4.444820e+00 2.604514e+00 -1.058623e+00 -5.145963e-01 1.609771e+00 -1.127528e+00 -5.145944e-01
2454549.856235 4.445105e+00 2.604547e+00 -1.058554e+00 -5.145939e-01 1.609810e+00 -1.127585e+00 -5.145920e-01
2454549.863575 4.445391e+00 2.604579e+00 -1.058485e+00 -5.145915e-01 1.609850e+00 -1.127643e+00 -5.145896e-01
2454549.870925 4.445678e+00 2.604612e+00 -1.058416e+00 -5.145891e-01 1.609890e+00 -1.127700e+00 -5.145872e-01
2454557.631819 4.779976e+00 2.638375e+00 -9.850810e-01 -5.118715e-01 1.659638e+00 -1.187044e+00 -5.118699e-01
2454557.641069 4.780411e+00 2.638414e+00 -9.849932e-01 -5.118680e-01 1.659706e+00 -1.187112e+00 -5.118664e-01
2454557.650288 4.360180e+00 2.638452e+00 -9.849056e-01 -5.118646e-01 1.659775e+00 -1.187181e+00 -5.118629e-01
2454557.659528 4.360576e+00 2.638491e+00 -9.848178e-01 -5.118611e-01 1.659843e+00 -1.187249e+00 -5.118595e-01
2454582.680281 2.730108e+00 2.733587e+00 -7.436018e-01 -5.004681e-01 1.921484e+00 -1.337981e+00 -5.004675e-01
2454582.686730 2.993719e+00 2.733609e+00 -7.435388e-01 -5.004647e-01 1.921570e+00 -1.338008e+00 -5.004640e-01
2454582.693170 2.993934e+00 2.733631e+00 -7.434759e-01 -5.004612e-01 1.921655e+00 -1.338035e+00 -5.004606e-01
2454582.699579 2.994148e+00 2.733652e+00 -7.434132e-01 -5.004578e-01 1.921740e+00 -1.338062e+00 -5.004572e-01
2454630.661524 4.930378e+00 2.856294e+00 -2.665299e-01 -4.678827e-01 2.721988e+00 -1.273240e+00 -4.678840e-01
2454630.668033 3.411191e+00 2.856305e+00 -2.664643e-01 -4.678773e-01 2.722108e+00 -1.273189e+00 -4.678787e-01
2454630.674563 3.740519e+00 2.856316e+00 -2.663986e-01 -4.678720e-01 2.722229e+00 -1.273139e+00 -4.678733e-01
2454630.681232 3.411602e+00 2.856328e+00 -2.663314e-01 -4.678665e-01 2.722352e+00 -1.273087e+00 -4.678678e-01
1 0.5
