2	0.5	1000	 1	period_start period_step period_end fixed/free
0.0				initial epoch
0.0				initial rotation angle      
0.1				convexity weight      
3 3				degree and order of spherical harmonics      
6				number of rows        
0.5	1			scattering parameters
0.1	1
-0.5	1     
0.1	0			LS coeff                 
50				iteration stop condidion
10				minimum number of iterations (only if the above value < 1)
5				Alamda multiplicative factor
0.1				Alamda initial value
3
48 0   0.062   2010-02-16.2   R   Warner
2455243.559743  1.088457e+00     1.16431353  -2.32574035   0.06480862    0.33471477  -1.78939848   0.06480739
2455243.563463  1.062738e+00     1.16434797  -2.32572070   0.06480540    0.33471343  -1.78943282   0.06480417
2455243.567174  1.154627e+00     1.16438234  -2.32570109   0.06480218    0.33471209  -1.78946708   0.06480095
2455243.570889  1.070673e+00     1.16441673  -2.32568147   0.06479896    0.33471075  -1.78950137   0.06479773
2455243.574603  1.139913e+00     1.16445111  -2.32566185   0.06479574    0.33470942  -1.78953566   0.06479451
2455243.578316  1.258019e+00     1.16448548  -2.32564223   0.06479253    0.33470809  -1.78956994   0.06479130
2455243.582033  1.174092e+00     1.16451989  -2.32562260   0.06478930    0.33470676  -1.78960426   0.06478807
2455243.585748  1.276784e+00     1.16455429  -2.32560297   0.06478608    0.33470544  -1.78963857   0.06478485
2455243.590102  1.364379e+00     1.16459460  -2.32557996   0.06478231    0.33470389  -1.78967877   0.06478108
2455243.594459  1.298234e+00     1.16463493  -2.32555695   0.06477853    0.33470235  -1.78971900   0.06477731
2455243.598173  1.260573e+00     1.16466931  -2.32553732   0.06477531    0.33470104  -1.78975330   0.06477409
2455243.601886  1.145469e+00     1.16470368  -2.32551771   0.06477210    0.33469973  -1.78978759   0.06477087
2455243.605601  1.131874e+00     1.16473808  -2.32549807   0.06476887    0.33469842  -1.78982191   0.06476765
2455243.609318  1.131914e+00     1.16477249  -2.32547843   0.06476565    0.33469712  -1.78985624   0.06476443
2455243.613032  1.044789e+00     1.16480687  -2.32545881   0.06476243    0.33469582  -1.78989054   0.06476121
2455243.616744  1.057411e+00     1.16484123  -2.32543919   0.06475922    0.33469452  -1.78992483   0.06475799
2455243.620451  1.087074e+00     1.16487555  -2.32541961   0.06475600    0.33469323  -1.78995907   0.06475478
2455243.624155  1.094143e+00     1.16490983  -2.32540003   0.06475279    0.33469194  -1.78999329   0.06475157
2455243.628516  1.089160e+00     1.16495021  -2.32537698   0.06474901    0.33469043  -1.79003359   0.06474779
2455243.647708  1.046093e+00     1.16512786  -2.32527555   0.06473238    0.33468384  -1.79021093   0.06473116
2455243.651420  9.315051e-01     1.16516222  -2.32525593   0.06472916    0.33468257  -1.79024523   0.06472794
2455243.655134  9.358374e-01     1.16519660  -2.32523630   0.06472594    0.33468131  -1.79027955   0.06472472
2455243.658843  8.880052e-01     1.16523093  -2.32521669   0.06472272    0.33468005  -1.79031383   0.06472151
2455243.662548  7.461579e-01     1.16526522  -2.32519711   0.06471951    0.33467880  -1.79034808   0.06471829
2455243.666883  7.468759e-01     1.16530536  -2.32517419   0.06471575    0.33467734  -1.79038816   0.06471454
2455243.671223  6.786816e-01     1.16534552  -2.32515125   0.06471199    0.33467588  -1.79042827   0.06471077
2455243.674938  7.120021e-01     1.16537991  -2.32513161   0.06470877    0.33467463  -1.79046262   0.06470756
2455243.678650  7.054991e-01     1.16541427  -2.32511199   0.06470555    0.33467339  -1.79049693   0.06470434
2455243.693510  6.329320e-01     1.16555181  -2.32503342   0.06469267    0.33466845  -1.79063433   0.06469146
2455243.697226  6.016893e-01     1.16558620  -2.32501377   0.06468945    0.33466722  -1.79066870   0.06468824
2455243.700947  5.641407e-01     1.16562064  -2.32499410   0.06468623    0.33466600  -1.79070311   0.06468501
2455243.705348  5.831840e-01     1.16566138  -2.32497082   0.06468241    0.33466455  -1.79074381   0.06468120
2455243.709749  5.730908e-01     1.16570211  -2.32494755   0.06467859    0.33466311  -1.79078452   0.06467738
2455243.713470  5.652475e-01     1.16573655  -2.32492788   0.06467537    0.33466190  -1.79081893   0.06467416
2455243.717189  5.183867e-01     1.16577097  -2.32490821   0.06467214    0.33466069  -1.79085333   0.06467093
2455243.790419  1.092831e+00     1.16644868  -2.32452083   0.06460866    0.33463752  -1.79153107   0.06460745
2455243.794130  1.147542e+00     1.16648302  -2.32450119   0.06460544    0.33463638  -1.79156543   0.06460424
2455243.797843  1.133923e+00     1.16651739  -2.32448154   0.06460222    0.33463524  -1.79159982   0.06460102
2455243.801561  1.143402e+00     1.16655179  -2.32446187   0.06459900    0.33463410  -1.79163425   0.06459780
2455243.805275  1.157215e+00     1.16658616  -2.32444221   0.06459578    0.33463297  -1.79166864   0.06459458
2455243.808990  1.210680e+00     1.16662053  -2.32442256   0.06459255    0.33463184  -1.79170305   0.06459136
2455243.812715  1.248086e+00     1.16665500  -2.32440284   0.06458932    0.33463071  -1.79173755   0.06458813
2455243.816436  1.216354e+00     1.16668943  -2.32438315   0.06458610    0.33462959  -1.79177201   0.06458490
2455243.820867  1.157385e+00     1.16673044  -2.32435970   0.06458226    0.33462825  -1.79181306   0.06458106
2455243.825293  1.077199e+00     1.16677139  -2.32433627   0.06457842    0.33462693  -1.79185406   0.06457722
2455243.829006  1.008117e+00     1.16680575  -2.32431662   0.06457520    0.33462582  -1.79188846   0.06457400
2455243.832720  1.081250e+00     1.16684011  -2.32429697   0.06457198    0.33462471  -1.79192286   0.06457078
2455243.836435  9.663658e-01     1.16687450  -2.32427730   0.06456876    0.33462360  -1.79195729   0.06456756
21 0   0.066   2010-02-17.2   R   Warner
2455244.682509  1.120123e+00     1.17469619  -2.31978493   0.06383477    0.33445702  -1.79984035   0.06383369
2455244.688022  1.142059e+00     1.17474711  -2.31975556   0.06382998    0.33445649  -1.79989200   0.06382890
2455244.691673  1.117130e+00     1.17478083  -2.31973612   0.06382681    0.33445615  -1.79992621   0.06382573
2455244.695325  1.100827e+00     1.17481457  -2.31971666   0.06382364    0.33445581  -1.79996044   0.06382256
2455244.699046  1.179599e+00     1.17484893  -2.31969684   0.06382041    0.33445546  -1.79999530   0.06381933
2455244.702697  1.117247e+00     1.17488265  -2.31967739   0.06381724    0.33445512  -1.80002951   0.06381616
2455244.706348  1.061121e+00     1.17491637  -2.31965795   0.06381407    0.33445479  -1.80006373   0.06381300
2455244.710006  9.875968e-01     1.17495015  -2.31963846   0.06381090    0.33445446  -1.80009801   0.06380982
2455244.713653  1.026585e+00     1.17498384  -2.31961903   0.06380773    0.33445413  -1.80013220   0.06380666
2455244.717373  1.058304e+00     1.17501820  -2.31959921   0.06380450    0.33445380  -1.80016706   0.06380343
2455244.721024  9.024547e-01     1.17505192  -2.31957976   0.06380133    0.33445348  -1.80020128   0.06380026
2455244.726566  1.007043e+00     1.17510310  -2.31955024   0.06379652    0.33445300  -1.80025323   0.06379545
2455244.730229  9.142471e-01     1.17513693  -2.31953072   0.06379334    0.33445269  -1.80028756   0.06379227
2455244.733881  9.193453e-01     1.17517066  -2.31951126   0.06379017    0.33445238  -1.80032181   0.06378910
2455244.737536  8.485820e-01     1.17520441  -2.31949178   0.06378700    0.33445207  -1.80035607   0.06378593
2455244.741191  9.262089e-01     1.17523817  -2.31947231   0.06378383    0.33445177  -1.80039034   0.06378276
2455244.744854  9.842926e-01     1.17527199  -2.31945279   0.06378065    0.33445147  -1.80042468   0.06377958
2455244.748516  8.829565e-01     1.17530581  -2.31943328   0.06377747    0.33445117  -1.80045901   0.06377640
2455244.752168  8.773129e-01     1.17533955  -2.31941381   0.06377430    0.33445088  -1.80049327   0.06377323
2455244.755832  9.898509e-01     1.17537338  -2.31939429   0.06377112    0.33445059  -1.80052762   0.06377005
2455244.759484  8.371143e-01     1.17540710  -2.31937483   0.06376795    0.33445030  -1.80056187   0.06376688
34 0 0.12 2005.10-2008.10 V 703_CATALINA
2453670.950838 8.680669e-01 9.141601e-01 -2.454890e+00 8.758454e-02 1.737567e+00 -1.898579e+00 8.758808e-02
2453670.955699 1.144273e+00 9.142073e-01 -2.454870e+00 8.758050e-02 1.737566e+00 -1.898490e+00 8.758404e-02
2453670.960569 6.584248e-01 9.142546e-01 -2.454849e+00 8.757645e-02 1.737565e+00 -1.898400e+00 8.758000e-02
2453670.965429 1.375570e+00 9.143018e-01 -2.454829e+00 8.757241e-02 1.737564e+00 -1.898311e+00 8.757596e-02
2453745.942554 1.689515e+00 1.588033e+00 -2.029359e+00 2.216722e-02 1.252228e+00 -1.105034e+00 2.217384e-02
2453745.951214 1.689385e+00 1.588103e+00 -2.029298e+00 2.215943e-02 1.252155e+00 -1.105024e+00 2.216604e-02
2453745.959845 1.689256e+00 1.588173e+00 -2.029237e+00 2.215165e-02 1.252083e+00 -1.105014e+00 2.215827e-02
2453786.695518 1.168075e+00 1.893937e+00 -1.713324e+00 -1.467403e-02 1.026492e+00 -1.238780e+00 -1.466958e-02
2453786.703048 9.715972e-01 1.893988e+00 -1.713260e+00 -1.468083e-02 1.026479e+00 -1.238830e+00 -1.467638e-02
2453786.710577 1.065373e+00 1.894040e+00 -1.713197e+00 -1.468763e-02 1.026467e+00 -1.238881e+00 -1.468318e-02
2453844.636333 9.703162e-01 2.230606e+00 -1.179570e+00 -6.603350e-02 1.350986e+00 -1.664233e+00 -6.603438e-02
2453844.643873 8.071402e-01 2.230642e+00 -1.179495e+00 -6.603998e-02 1.351082e+00 -1.664272e+00 -6.604086e-02
2453844.651442 8.072067e-01 2.230677e+00 -1.179420e+00 -6.604650e-02 1.351178e+00 -1.664311e+00 -6.604738e-02
2453844.659022 8.072733e-01 2.230713e+00 -1.179345e+00 -6.605302e-02 1.351275e+00 -1.664351e+00 -6.605390e-02
2453875.655876 9.177864e-01 2.355763e+00 -8.619510e-01 -9.205807e-02 1.833469e+00 -1.728592e+00 -9.206166e-02
2453875.660726 5.791097e-01 2.355779e+00 -8.619000e-01 -9.206202e-02 1.833556e+00 -1.728584e+00 -9.206561e-02
2453875.665595 7.634491e-01 2.355796e+00 -8.618488e-01 -9.206599e-02 1.833643e+00 -1.728576e+00 -9.206958e-02
2453875.670445 1.454786e+00 2.355812e+00 -8.617978e-01 -9.206994e-02 1.833729e+00 -1.728569e+00 -9.207354e-02
2454715.863723 1.452919e+00 -2.743556e+00 -1.171098e-01 1.726628e-01 -1.774670e+00 -3.947691e-01 1.726601e-01
2454715.872023 1.452844e+00 -2.743554e+00 -1.171935e-01 1.726675e-01 -1.774631e+00 -3.947160e-01 1.726648e-01
2454715.880344 1.452768e+00 -2.743552e+00 -1.172773e-01 1.726722e-01 -1.774592e+00 -3.946628e-01 1.726695e-01
2454715.888674 1.324871e+00 -2.743550e+00 -1.173613e-01 1.726770e-01 -1.774553e+00 -3.946095e-01 1.726743e-01
2454738.808756 1.351197e+00 -2.727817e+00 -3.476226e-01 1.851114e-01 -1.732424e+00 -2.359058e-01 1.851091e-01
2454738.815366 1.624500e+00 -2.727809e+00 -3.476887e-01 1.851147e-01 -1.732431e+00 -2.358593e-01 1.851125e-01
2454738.821926 1.481565e+00 -2.727802e+00 -3.477543e-01 1.851181e-01 -1.732438e+00 -2.358132e-01 1.851159e-01
2454738.828566 1.351206e+00 -2.727795e+00 -3.478207e-01 1.851215e-01 -1.732445e+00 -2.357665e-01 1.851193e-01
2454747.810721 1.650307e+00 -2.716084e+00 -4.374472e-01 1.896237e-01 -1.752292e+00 -1.743502e-01 1.896218e-01
2454747.818001 1.505133e+00 -2.716073e+00 -4.375196e-01 1.896273e-01 -1.752316e+00 -1.743023e-01 1.896253e-01
2454747.825210 1.505167e+00 -2.716062e+00 -4.375914e-01 1.896308e-01 -1.752340e+00 -1.742549e-01 1.896288e-01
2454747.832390 1.650421e+00 -2.716052e+00 -4.376629e-01 1.896343e-01 -1.752364e+00 -1.742076e-01 1.896324e-01
2454767.710607 1.172132e+00 -2.679153e+00 -6.340954e-01 1.988226e-01 -1.865616e+00 -6.385911e-02 1.988215e-01
2454767.719437 1.172219e+00 -2.679134e+00 -6.341820e-01 1.988265e-01 -1.865686e+00 -6.382185e-02 1.988253e-01
2454767.728207 1.285407e+00 -2.679114e+00 -6.342679e-01 1.988303e-01 -1.865755e+00 -6.378485e-02 1.988291e-01
2454767.737016 1.172391e+00 -2.679094e+00 -6.343543e-01 1.988341e-01 -1.865825e+00 -6.374769e-02 1.988329e-01
1 1
2 1
3 0.15
