2	0.5	1000	 1	period_start period_step period_end fixed/free
0.0				initial epoch
0.0				initial rotation angle      
0.1				convexity weight      
3 3				degree and order of spherical harmonics      
6				number of rows        
0.5	1			scattering parameters
0.1	1
-0.5	1     
0.1	0			LS coeff                 
50				iteration stop condidion
10				minimum number of iterations (only if the above value < 1)
5				Alamda multiplicative factor
0.1				Alamda initial value
1
100 0 0.12 2005.10-2010.1 V 703_CATALINA
2453665.934531 1.383845e+00 1.267768e+00 -2.471991e+00 1.635804e-01 2.137715e+00 -1.988889e+00 1.635833e-01
2453665.941022 8.731082e-01 1.267828e+00 -2.471971e+00 1.635936e-01 2.137718e+00 -1.988772e+00 1.635965e-01
2453665.947522 1.383720e+00 1.267887e+00 -2.471951e+00 1.636068e-01 2.137722e+00 -1.988654e+00 1.636097e-01
2453665.954052 2.192950e+00 1.267947e+00 -2.471931e+00 1.636200e-01 2.137725e+00 -1.988536e+00 1.636230e-01
2453671.929465 1.593764e+00 1.322495e+00 -2.452836e+00 1.757321e-01 2.136083e+00 -1.882717e+00 1.757357e-01
2453671.935365 2.100899e+00 1.322549e+00 -2.452816e+00 1.757440e-01 2.136077e+00 -1.882615e+00 1.757477e-01
2453671.941226 1.915960e+00 1.322602e+00 -2.452797e+00 1.757558e-01 2.136071e+00 -1.882513e+00 1.757595e-01
2453684.979508 1.577187e+00 1.439367e+00 -2.407024e+00 2.018810e-01 2.100702e+00 -1.670076e+00 2.018860e-01
2453684.984328 1.091103e+00 1.439410e+00 -2.407006e+00 2.018906e-01 2.100681e+00 -1.670003e+00 2.018956e-01
2453684.989178 1.311742e+00 1.439453e+00 -2.406988e+00 2.019002e-01 2.100661e+00 -1.669929e+00 2.019052e-01
2453684.994009 1.729143e+00 1.439495e+00 -2.406970e+00 2.019098e-01 2.100640e+00 -1.669856e+00 2.019148e-01
2453704.888561 1.452229e+00 1.611317e+00 -2.326695e+00 2.408757e-01 1.977676e+00 -1.411091e+00 2.408820e-01
2453704.896221 1.324356e+00 1.611382e+00 -2.326662e+00 2.408905e-01 1.977616e+00 -1.411010e+00 2.408968e-01
2453704.903762 1.452028e+00 1.611445e+00 -2.326629e+00 2.409050e-01 1.977557e+00 -1.410929e+00 2.409113e-01
2453704.911302 1.451928e+00 1.611509e+00 -2.326597e+00 2.409196e-01 1.977498e+00 -1.410849e+00 2.409259e-01
2453729.824273 1.682664e+00 1.814986e+00 -2.209380e+00 2.879601e-01 1.754252e+00 -1.227734e+00 2.879671e-01
2453729.831983 1.399491e+00 1.815047e+00 -2.209341e+00 2.879744e-01 1.754178e+00 -1.227703e+00 2.879813e-01
2453729.839634 1.682453e+00 1.815107e+00 -2.209302e+00 2.879885e-01 1.754105e+00 -1.227673e+00 2.879954e-01
2453729.847324 2.022628e+00 1.815168e+00 -2.209263e+00 2.880027e-01 1.754031e+00 -1.227643e+00 2.880096e-01
2453739.840585 2.057625e+00 1.892895e+00 -2.157346e+00 3.062608e-01 1.659218e+00 -1.202204e+00 3.062676e-01
2453739.846965 1.711384e+00 1.892944e+00 -2.157312e+00 3.062723e-01 1.659159e+00 -1.202196e+00 3.062792e-01
2453739.853396 1.876414e+00 1.892993e+00 -2.157278e+00 3.062840e-01 1.659099e+00 -1.202188e+00 3.062908e-01
2453739.859816 2.255847e+00 1.893043e+00 -2.157243e+00 3.062956e-01 1.659039e+00 -1.202181e+00 3.063024e-01
2453745.873007 1.503528e+00 1.938695e+00 -2.124716e+00 3.171015e-01 1.604034e+00 -1.199978e+00 3.171081e-01
2453745.881407 2.612710e+00 1.938758e+00 -2.124670e+00 3.171165e-01 1.603959e+00 -1.199982e+00 3.171231e-01
2453745.889897 2.612585e+00 1.938822e+00 -2.124623e+00 3.171316e-01 1.603883e+00 -1.199986e+00 3.171383e-01
2453745.898308 2.864508e+00 1.938885e+00 -2.124577e+00 3.171467e-01 1.603808e+00 -1.199989e+00 3.171533e-01
2453758.753420 2.061710e+00 2.033584e+00 -2.051912e+00 3.397720e-01 1.497354e+00 -1.226503e+00 3.397781e-01
2453758.759901 2.061678e+00 2.033631e+00 -2.051874e+00 3.397833e-01 1.497306e+00 -1.226527e+00 3.397894e-01
2453758.766371 2.260549e+00 2.033678e+00 -2.051836e+00 3.397945e-01 1.497257e+00 -1.226550e+00 3.398006e-01
2453758.772851 2.478604e+00 2.033724e+00 -2.051799e+00 3.398058e-01 1.497209e+00 -1.226574e+00 3.398118e-01
2453765.768737 2.454313e+00 2.083566e+00 -2.010523e+00 3.518365e-01 1.448510e+00 -1.257440e+00 3.518422e-01
2453765.791147 2.691078e+00 2.083724e+00 -2.010389e+00 3.518747e-01 1.448367e+00 -1.257556e+00 3.518804e-01
2453789.688659 2.648685e+00 2.244683e+00 -1.860736e+00 3.913884e-01 1.352887e+00 -1.432191e+00 3.913927e-01
2453789.696178 2.009332e+00 2.244731e+00 -1.860687e+00 3.914005e-01 1.352877e+00 -1.432259e+00 3.914047e-01
2453789.703738 1.832623e+00 2.244780e+00 -1.860638e+00 3.914126e-01 1.352867e+00 -1.432327e+00 3.914168e-01
2453789.711278 2.009530e+00 2.244828e+00 -1.860589e+00 3.914246e-01 1.352858e+00 -1.432396e+00 3.914288e-01
2454628.895072 1.139082e+00 -1.616839e+00 1.445197e+00 -2.779498e-01 -1.780711e+00 4.430626e-01 -2.779511e-01
2454628.902142 1.138971e+00 -1.616890e+00 1.445126e+00 -2.779633e-01 -1.780644e+00 4.429717e-01 -2.779645e-01
2454628.909233 1.038653e+00 -1.616942e+00 1.445055e+00 -2.779768e-01 -1.780576e+00 4.428806e-01 -2.779781e-01
2454628.916363 1.248613e+00 -1.616993e+00 1.444984e+00 -2.779904e-01 -1.780509e+00 4.427890e-01 -2.779917e-01
2454648.899235 1.243462e+00 -1.751863e+00 1.237040e+00 -3.144307e-01 -1.578772e+00 2.351831e-01 -3.144326e-01
2454648.905145 1.243357e+00 -1.751900e+00 1.236976e+00 -3.144410e-01 -1.578711e+00 2.351363e-01 -3.144429e-01
2454648.911045 1.243253e+00 -1.751937e+00 1.236913e+00 -3.144512e-01 -1.578649e+00 2.350896e-01 -3.144532e-01
2454648.916896 1.133766e+00 -1.751974e+00 1.236849e+00 -3.144614e-01 -1.578588e+00 2.350433e-01 -3.144633e-01
2454675.807643 1.360946e+00 -1.901064e+00 9.348075e-01 -3.576558e-01 -1.311784e+00 1.078848e-01 -3.576584e-01
2454675.814083 1.492125e+00 -1.901095e+00 9.347325e-01 -3.576653e-01 -1.311727e+00 1.078737e-01 -3.576678e-01
2454675.820424 1.635951e+00 -1.901125e+00 9.346587e-01 -3.576746e-01 -1.311670e+00 1.078627e-01 -3.576772e-01
2454675.826894 1.635816e+00 -1.901157e+00 9.345834e-01 -3.576841e-01 -1.311612e+00 1.078516e-01 -3.576867e-01
2454731.830646 2.092310e+00 -2.076762e+00 2.488431e-01 -4.218730e-01 -1.073174e+00 2.411904e-01 -4.218754e-01
2454731.837706 2.092377e+00 -2.076772e+00 2.487537e-01 -4.218787e-01 -1.073185e+00 2.412221e-01 -4.218811e-01
2454731.845026 1.740421e+00 -2.076783e+00 2.486611e-01 -4.218846e-01 -1.073196e+00 2.412549e-01 -4.218870e-01
2454731.852256 1.908396e+00 -2.076793e+00 2.485696e-01 -4.218904e-01 -1.073207e+00 2.412874e-01 -4.218928e-01
2454745.698039 1.592428e+00 -2.090154e+00 7.280444e-02 -4.317607e-01 -1.116838e+00 3.008072e-01 -4.317627e-01
2454745.705299 1.592533e+00 -2.090158e+00 7.271208e-02 -4.317652e-01 -1.116873e+00 3.008360e-01 -4.317672e-01
2454745.712509 1.592637e+00 -2.090162e+00 7.262036e-02 -4.317697e-01 -1.116907e+00 3.008645e-01 -4.317717e-01
2454745.719829 1.592742e+00 -2.090166e+00 7.252723e-02 -4.317742e-01 -1.116941e+00 3.008935e-01 -4.317762e-01
2454764.579627 1.635750e+00 -2.088772e+00 -1.673632e-01 -4.411630e-01 -1.244656e+00 3.581452e-01 -4.411643e-01
2454764.602996 1.360966e+00 -2.088756e+00 -1.676599e-01 -4.411717e-01 -1.244860e+00 3.581883e-01 -4.411730e-01
2454764.614696 1.361170e+00 -2.088748e+00 -1.678084e-01 -4.411760e-01 -1.244961e+00 3.582098e-01 -4.411774e-01
2454791.581177 1.368654e+00 -2.047980e+00 -5.070810e-01 -4.463853e-01 -1.539271e+00 3.396913e-01 -4.463853e-01
2454791.589017 1.500867e+00 -2.047961e+00 -5.071784e-01 -4.463854e-01 -1.539371e+00 3.396628e-01 -4.463854e-01
2454791.596796 1.368959e+00 -2.047943e+00 -5.072750e-01 -4.463855e-01 -1.539470e+00 3.396346e-01 -4.463855e-01
2454791.604516 1.248644e+00 -2.047925e+00 -5.073709e-01 -4.463856e-01 -1.539568e+00 3.396065e-01 -4.463856e-01
2454802.619835 1.107761e+00 -2.018496e+00 -6.432244e-01 -4.457460e-01 -1.684152e+00 2.842079e-01 -4.457455e-01
2454802.625224 1.010367e+00 -2.018480e+00 -6.432904e-01 -4.457453e-01 -1.684225e+00 2.841730e-01 -4.457448e-01
2454802.630694 1.107931e+00 -2.018463e+00 -6.433573e-01 -4.457446e-01 -1.684299e+00 2.841377e-01 -4.457441e-01
2454802.636033 1.108014e+00 -2.018447e+00 -6.434226e-01 -4.457439e-01 -1.684370e+00 2.841031e-01 -4.457434e-01
2454804.566862 1.368786e+00 -2.012546e+00 -6.670141e-01 -4.454683e-01 -1.710450e+00 2.711072e-01 -4.454677e-01
2454804.572931 1.368903e+00 -2.012527e+00 -6.670881e-01 -4.454674e-01 -1.710532e+00 2.710648e-01 -4.454668e-01
2454804.578931 1.501099e+00 -2.012508e+00 -6.671613e-01 -4.454665e-01 -1.710613e+00 2.710228e-01 -4.454659e-01
2454804.584970 1.038595e+00 -2.012489e+00 -6.672350e-01 -4.454655e-01 -1.710695e+00 2.709806e-01 -4.454649e-01
2454849.561610 1.406447e+00 -1.815920e+00 -1.191534e+00 -4.257378e-01 -2.277181e+00 -3.225450e-01 -4.257353e-01
2454849.568980 1.406566e+00 -1.815879e+00 -1.191615e+00 -4.257325e-01 -2.277254e+00 -3.226861e-01 -4.257301e-01
2454849.576359 1.542400e+00 -1.815838e+00 -1.191697e+00 -4.257273e-01 -2.277327e+00 -3.228274e-01 -4.257248e-01
2454849.583599 1.406803e+00 -1.815798e+00 -1.191777e+00 -4.257221e-01 -2.277399e+00 -3.229661e-01 -4.257197e-01
2454875.576331 1.855583e+00 -1.655241e+00 -1.466440e+00 -4.034125e-01 -2.457701e+00 -8.912131e-01 -4.034095e-01
2454875.581731 2.034713e+00 -1.655205e+00 -1.466494e+00 -4.034071e-01 -2.457720e+00 -8.913435e-01 -4.034041e-01
2454875.587101 1.692490e+00 -1.655168e+00 -1.466548e+00 -4.034017e-01 -2.457739e+00 -8.914731e-01 -4.033988e-01
2454875.592590 1.407827e+00 -1.655131e+00 -1.466604e+00 -4.033962e-01 -2.457758e+00 -8.916056e-01 -4.033933e-01
2455085.964935 1.250175e+00 3.230211e-01 -2.601206e+00 -3.777790e-02 1.310199e+00 -2.798098e+00 -3.778045e-02
2455085.969165 1.503013e+00 3.230648e-01 -2.601208e+00 -3.776893e-02 1.310256e+00 -2.798029e+00 -3.777148e-02
2455085.973436 1.039811e+00 3.231088e-01 -2.601211e+00 -3.775987e-02 1.310313e+00 -2.797960e+00 -3.776243e-02
2455085.977716 2.382024e+00 3.231529e-01 -2.601213e+00 -3.775080e-02 1.310370e+00 -2.797890e+00 -3.775335e-02
2455091.950647 1.926418e+00 3.846437e-01 -2.603959e+00 -2.507413e-02 1.385126e+00 -2.699397e+00 -2.507695e-02
2455091.957428 1.461289e+00 3.847134e-01 -2.603962e+00 -2.505973e-02 1.385205e+00 -2.699283e+00 -2.506255e-02
2455091.964188 1.215406e+00 3.847829e-01 -2.603964e+00 -2.504538e-02 1.385283e+00 -2.699170e+00 -2.504819e-02
2455091.970978 1.756738e+00 3.848527e-01 -2.603966e+00 -2.503095e-02 1.385362e+00 -2.699057e+00 -2.503377e-02
2455118.943130 1.361038e+00 6.592702e-01 -2.597837e+00 3.228367e-02 1.589867e+00 -2.239001e+00 3.228007e-02
2455118.948030 1.636270e+00 6.593195e-01 -2.597833e+00 3.229407e-02 1.589885e+00 -2.238919e+00 3.229047e-02
2455118.952991 1.636213e+00 6.593693e-01 -2.597829e+00 3.230460e-02 1.589902e+00 -2.238835e+00 3.230100e-02
2455118.957971 1.492191e+00 6.594194e-01 -2.597825e+00 3.231517e-02 1.589920e+00 -2.238752e+00 3.231156e-02
2455202.922297 1.958126e+00 1.455968e+00 -2.401141e+00 2.058935e-01 1.187593e+00 -1.455140e+00 2.058918e-01
2455202.927488 1.958093e+00 1.456014e+00 -2.401121e+00 2.059038e-01 1.187551e+00 -1.455145e+00 2.059021e-01
2455202.932718 2.146969e+00 1.456059e+00 -2.401102e+00 2.059141e-01 1.187509e+00 -1.455150e+00 2.059125e-01
2455202.937918 2.354064e+00 1.456105e+00 -2.401082e+00 2.059244e-01 1.187467e+00 -1.455156e+00 2.059228e-01
2455211.828704 2.535328e+00 1.533485e+00 -2.366096e+00 2.234269e-01 1.119130e+00 -1.473969e+00 2.234258e-01
2455211.836104 2.312235e+00 1.533549e+00 -2.366066e+00 2.234413e-01 1.119076e+00 -1.473993e+00 2.234402e-01
2455211.843624 2.108773e+00 1.533614e+00 -2.366035e+00 2.234560e-01 1.119022e+00 -1.474017e+00 2.234550e-01
2455211.851124 2.108762e+00 1.533679e+00 -2.366005e+00 2.234707e-01 1.118967e+00 -1.474042e+00 2.234696e-01
1 0.5
