2	0.5	1000	 1	period_start period_step period_end fixed/free
0.0				initial epoch
0.0				initial rotation angle      
0.1				convexity weight      
3 3				degree and order of spherical harmonics      
6				number of rows        
0.5	1			scattering parameters
0.1	1
-0.5	1     
0.1	0			LS coeff                 
50				iteration stop condidion
10				minimum number of iterations (only if the above value < 1)
5				Alamda multiplicative factor
0.1				Alamda initial value
1
112 0 0.12 2005.9-2009.4 V 703_CATALINA
2453626.714685 5.077541e+00 -2.742174e+00 9.579994e-01 2.745024e-01 -1.750012e+00 7.909411e-01 2.745005e-01
2453626.722835 5.567659e+00 -2.742210e+00 9.579232e-01 2.744910e-01 -1.750028e+00 7.910026e-01 2.744892e-01
2453626.730945 5.077986e+00 -2.742246e+00 9.578473e-01 2.744797e-01 -1.750043e+00 7.910638e-01 2.744778e-01
2453626.739035 5.568145e+00 -2.742282e+00 9.577717e-01 2.744684e-01 -1.750058e+00 7.911249e-01 2.744665e-01
2453639.698647 5.070655e+00 -2.797244e+00 8.356540e-01 2.560958e-01 -1.796188e+00 8.903420e-01 2.560956e-01
2453639.706617 5.070997e+00 -2.797276e+00 8.355783e-01 2.560844e-01 -1.796230e+00 8.904028e-01 2.560841e-01
2453639.714636 6.097092e+00 -2.797308e+00 8.355022e-01 2.560728e-01 -1.796272e+00 8.904639e-01 2.560726e-01
2453639.722606 5.071682e+00 -2.797340e+00 8.354266e-01 2.560614e-01 -1.796314e+00 8.905247e-01 2.560611e-01
2453646.737116 4.930845e+00 -2.824781e+00 7.686235e-01 2.459031e-01 -1.839570e+00 9.430843e-01 2.459037e-01
2453646.743586 4.931155e+00 -2.824806e+00 7.685617e-01 2.458936e-01 -1.839616e+00 9.431317e-01 2.458943e-01
2453646.749985 4.497544e+00 -2.824830e+00 7.685005e-01 2.458843e-01 -1.839661e+00 9.431785e-01 2.458849e-01
2453646.756425 4.497826e+00 -2.824854e+00 7.684390e-01 2.458749e-01 -1.839707e+00 9.432257e-01 2.458755e-01
2453699.602928 3.015795e+00 -2.979343e+00 2.538121e-01 1.652818e-01 -2.528776e+00 1.132079e+00 1.652878e-01
2453699.611428 3.307081e+00 -2.979361e+00 2.537282e-01 1.652684e-01 -2.528925e+00 1.132061e+00 1.652744e-01
2453699.619967 3.016394e+00 -2.979378e+00 2.536440e-01 1.652549e-01 -2.529076e+00 1.132043e+00 1.652609e-01
2453699.628476 2.751257e+00 -2.979396e+00 2.535600e-01 1.652414e-01 -2.529226e+00 1.132026e+00 1.652474e-01
2453729.549967 3.462395e+00 -3.026152e+00 -4.238624e-02 1.171658e-01 -3.082099e+00 9.395573e-01 1.171728e-01
2453729.553296 3.462507e+00 -3.026156e+00 -4.241921e-02 1.171604e-01 -3.082161e+00 9.395208e-01 1.171674e-01
2453729.556616 4.162983e+00 -3.026160e+00 -4.245207e-02 1.171550e-01 -3.082222e+00 9.394845e-01 1.171620e-01
2453729.559916 3.462730e+00 -3.026163e+00 -4.248474e-02 1.171496e-01 -3.082284e+00 9.394484e-01 1.171566e-01
2453744.552786 3.972339e+00 -3.038701e+00 -1.908052e-01 9.260787e-02 -3.351545e+00 7.414947e-01 9.261454e-02
2453744.557546 6.295988e+00 -3.038704e+00 -1.908522e-01 9.260004e-02 -3.351627e+00 7.414213e-01 9.260671e-02
2453744.562316 3.304317e+00 -3.038706e+00 -1.908993e-01 9.259220e-02 -3.351709e+00 7.413478e-01 9.259886e-02
2453744.567085 4.356116e+00 -3.038709e+00 -1.909464e-01 9.258435e-02 -3.351791e+00 7.412742e-01 9.259102e-02
2453976.897152 4.507220e+00 -2.410497e+00 -2.253943e+00 -2.817251e-01 -1.489131e+00 -2.667480e+00 -2.817284e-01
2453976.904313 4.941788e+00 -2.410457e+00 -2.253994e+00 -2.817355e-01 -1.489043e+00 -2.667420e+00 -2.817387e-01
2453976.911463 4.506708e+00 -2.410418e+00 -2.254046e+00 -2.817459e-01 -1.488955e+00 -2.667360e+00 -2.817491e-01
2453976.918624 4.109934e+00 -2.410378e+00 -2.254098e+00 -2.817563e-01 -1.488868e+00 -2.667300e+00 -2.817595e-01
2454027.832532 5.902384e+00 -2.105148e+00 -2.598374e+00 -3.524482e-01 -1.207665e+00 -2.166346e+00 -3.524473e-01
2454027.843763 7.095818e+00 -2.105075e+00 -2.598444e+00 -3.524631e-01 -1.207680e+00 -2.166243e+00 -3.524621e-01
2454027.854933 6.471093e+00 -2.105003e+00 -2.598514e+00 -3.524778e-01 -1.207694e+00 -2.166140e+00 -3.524769e-01
2454027.866043 7.095009e+00 -2.104932e+00 -2.598584e+00 -3.524925e-01 -1.207709e+00 -2.166038e+00 -3.524916e-01
2454027.955767 5.379649e+00 -2.104354e+00 -2.599146e+00 -3.526111e-01 -1.207828e+00 -2.165216e+00 -3.526102e-01
2454027.965668 4.906050e+00 -2.104290e+00 -2.599208e+00 -3.526242e-01 -1.207841e+00 -2.165125e+00 -3.526233e-01
2454027.975588 5.379105e+00 -2.104226e+00 -2.599270e+00 -3.526373e-01 -1.207854e+00 -2.165034e+00 -3.526364e-01
2454027.985468 5.897774e+00 -2.104163e+00 -2.599332e+00 -3.526504e-01 -1.207867e+00 -2.164944e+00 -3.526495e-01
2454041.853157 6.135692e+00 -2.013280e+00 -2.684169e+00 -3.707137e-01 -1.249671e+00 -2.050532e+00 -3.707116e-01
2454041.858017 8.088323e+00 -2.013247e+00 -2.684198e+00 -3.707199e-01 -1.249693e+00 -2.050497e+00 -3.707179e-01
2454041.862877 8.088231e+00 -2.013215e+00 -2.684227e+00 -3.707261e-01 -1.249716e+00 -2.050462e+00 -3.707241e-01
2454054.731229 8.003198e+00 -1.926212e+00 -2.759400e+00 -3.869973e-01 -1.325637e+00 -1.973413e+00 -3.869943e-01
2454054.738229 7.299044e+00 -1.926164e+00 -2.759440e+00 -3.870060e-01 -1.325687e+00 -1.973381e+00 -3.870030e-01
2454054.745249 8.003283e+00 -1.926116e+00 -2.759480e+00 -3.870147e-01 -1.325737e+00 -1.973348e+00 -3.870118e-01
2454054.752249 8.003326e+00 -1.926068e+00 -2.759520e+00 -3.870234e-01 -1.325786e+00 -1.973315e+00 -3.870205e-01
2454083.727795 6.855871e+00 -1.721475e+00 -2.915958e+00 -4.218504e-01 -1.584147e+00 -1.941222e+00 -4.218461e-01
2454083.733684 6.252896e+00 -1.721432e+00 -2.915988e+00 -4.218572e-01 -1.584206e+00 -1.941238e+00 -4.218529e-01
2454083.739584 6.253163e+00 -1.721390e+00 -2.916018e+00 -4.218640e-01 -1.584265e+00 -1.941254e+00 -4.218597e-01
2454083.745484 6.253429e+00 -1.721347e+00 -2.916048e+00 -4.218709e-01 -1.584325e+00 -1.941271e+00 -4.218666e-01
2454094.609577 5.177765e+00 -1.641777e+00 -2.970032e+00 -4.342569e-01 -1.694246e+00 -1.987901e+00 -4.342524e-01
2454094.619906 6.225608e+00 -1.641701e+00 -2.970082e+00 -4.342685e-01 -1.694350e+00 -1.987961e+00 -4.342640e-01
2454094.631075 5.678379e+00 -1.641619e+00 -2.970136e+00 -4.342811e-01 -1.694463e+00 -1.988026e+00 -4.342765e-01
2454094.641405 5.678895e+00 -1.641542e+00 -2.970186e+00 -4.342927e-01 -1.694567e+00 -1.988086e+00 -4.342881e-01
2454157.612919 3.808228e+00 -1.154649e+00 -3.231314e+00 -4.983930e-01 -2.066083e+00 -2.844778e+00 -4.983901e-01
2454157.621758 5.020614e+00 -1.154578e+00 -3.231345e+00 -4.984010e-01 -2.066074e+00 -2.844949e+00 -4.983981e-01
2454380.905236 3.521157e+00 7.314733e-01 -3.417629e+00 -6.072736e-01 1.702802e+00 -3.181873e+00 -6.072754e-01
2454380.912556 4.233123e+00 7.315346e-01 -3.417616e+00 -6.072739e-01 1.702832e+00 -3.181738e+00 -6.072757e-01
2454380.919807 2.670771e+00 7.315954e-01 -3.417603e+00 -6.072743e-01 1.702861e+00 -3.181605e+00 -6.072760e-01
2454380.927037 3.860226e+00 7.316559e-01 -3.417591e+00 -6.072746e-01 1.702890e+00 -3.181472e+00 -6.072764e-01
2454386.896149 3.063531e+00 7.815745e-01 -3.406720e+00 -6.074864e-01 1.721787e+00 -3.072621e+00 -6.074879e-01
2454386.903210 2.793815e+00 7.816335e-01 -3.406707e+00 -6.074865e-01 1.721803e+00 -3.072493e+00 -6.074880e-01
2454386.910270 2.793656e+00 7.816924e-01 -3.406693e+00 -6.074867e-01 1.721819e+00 -3.072366e+00 -6.074882e-01
2454386.917291 4.037833e+00 7.817510e-01 -3.406680e+00 -6.074869e-01 1.721835e+00 -3.072239e+00 -6.074884e-01
2454394.922302 4.982949e+00 8.484031e-01 -3.390837e+00 -6.075449e-01 1.731253e+00 -2.930762e+00 -6.075460e-01
2454394.931882 4.982546e+00 8.484826e-01 -3.390817e+00 -6.075448e-01 1.731254e+00 -2.930597e+00 -6.075459e-01
2454394.951084 3.779035e+00 8.486421e-01 -3.390777e+00 -6.075447e-01 1.731255e+00 -2.930265e+00 -6.075458e-01
2454449.868906 4.948007e+00 1.294704e+00 -3.243637e+00 -6.009874e-01 1.416684e+00 -2.266980e+00 -6.009857e-01
2454449.876147 4.947760e+00 1.294761e+00 -3.243613e+00 -6.009857e-01 1.416615e+00 -2.266942e+00 -6.009841e-01
2454449.883377 4.947512e+00 1.294818e+00 -3.243589e+00 -6.009840e-01 1.416547e+00 -2.266903e+00 -6.009824e-01
2454449.890607 4.947265e+00 1.294876e+00 -3.243566e+00 -6.009824e-01 1.416479e+00 -2.266865e+00 -6.009808e-01
2454465.811360 4.124310e+00 1.419727e+00 -3.188615e+00 -5.968208e-01 1.263906e+00 -2.217743e+00 -5.968187e-01
2454465.818020 4.522090e+00 1.419779e+00 -3.188591e+00 -5.968188e-01 1.263843e+00 -2.217737e+00 -5.968167e-01
2454465.837301 4.957972e+00 1.419928e+00 -3.188521e+00 -5.968132e-01 1.263660e+00 -2.217721e+00 -5.968111e-01
2454465.843921 4.521599e+00 1.419980e+00 -3.188497e+00 -5.968113e-01 1.263597e+00 -2.217716e+00 -5.968091e-01
2454476.776999 4.797158e+00 1.504339e+00 -3.147630e+00 -5.933678e-01 1.163249e+00 -2.225283e+00 -5.933654e-01
2454476.785769 5.259896e+00 1.504406e+00 -3.147596e+00 -5.933649e-01 1.163172e+00 -2.225303e+00 -5.933624e-01
2454476.794639 4.797006e+00 1.504474e+00 -3.147562e+00 -5.933619e-01 1.163095e+00 -2.225322e+00 -5.933595e-01
2454476.803479 4.796931e+00 1.504542e+00 -3.147528e+00 -5.933589e-01 1.163017e+00 -2.225341e+00 -5.933565e-01
2454496.668649 5.827999e+00 1.654693e+00 -3.066854e+00 -5.858895e-01 1.014439e+00 -2.318178e+00 -5.858868e-01
2454496.676078 5.315308e+00 1.654749e+00 -3.066823e+00 -5.858864e-01 1.014395e+00 -2.318230e+00 -5.858837e-01
2454496.699278 7.007395e+00 1.654922e+00 -3.066724e+00 -5.858768e-01 1.014258e+00 -2.318392e+00 -5.858741e-01
2454496.711368 6.391036e+00 1.655012e+00 -3.066672e+00 -5.858718e-01 1.014187e+00 -2.318477e+00 -5.858690e-01
2454509.654307 4.252041e+00 1.750503e+00 -3.009724e+00 -5.801679e-01 9.549166e-01 -2.425238e+00 -5.801652e-01
2454509.659747 6.146247e+00 1.750542e+00 -3.009700e+00 -5.801654e-01 9.548994e-01 -2.425289e+00 -5.801627e-01
2454509.665217 5.605605e+00 1.750582e+00 -3.009675e+00 -5.801628e-01 9.548821e-01 -2.425341e+00 -5.801601e-01
2454509.670667 3.225783e+00 1.750622e+00 -3.009650e+00 -5.801603e-01 9.548649e-01 -2.425392e+00 -5.801576e-01
2454572.627237 3.975495e+00 2.184892e+00 -2.685316e+00 -5.431798e-01 1.285863e+00 -3.131449e+00 -5.431787e-01
2454572.635996 3.975768e+00 2.184948e+00 -2.685266e+00 -5.431736e-01 1.285984e+00 -3.131534e+00 -5.431725e-01
2454572.644716 3.976041e+00 2.185005e+00 -2.685216e+00 -5.431674e-01 1.286104e+00 -3.131619e+00 -5.431664e-01
2454572.653505 3.976316e+00 2.185061e+00 -2.685165e+00 -5.431612e-01 1.286226e+00 -3.131704e+00 -5.431601e-01
2454582.609380 4.289556e+00 2.248606e+00 -2.626981e+00 -5.359373e-01 1.435803e+00 -3.220371e+00 -5.359366e-01
2454582.614450 4.289716e+00 2.248638e+00 -2.626951e+00 -5.359335e-01 1.435885e+00 -3.220412e+00 -5.359329e-01
2454582.619619 3.254205e+00 2.248671e+00 -2.626920e+00 -5.359297e-01 1.435969e+00 -3.220453e+00 -5.359290e-01
2454582.624689 2.706832e+00 2.248703e+00 -2.626890e+00 -5.359259e-01 1.436051e+00 -3.220494e+00 -5.359252e-01
2454829.976513 4.556946e+00 3.212398e+00 -7.069206e-01 -2.510580e-01 3.075511e+00 2.668355e-01 -2.510562e-01
2454829.982654 4.556644e+00 3.212405e+00 -7.068648e-01 -2.510488e-01 3.075411e+00 2.668762e-01 -2.510471e-01
2454829.988604 3.789809e+00 3.212411e+00 -7.068108e-01 -2.510399e-01 3.075314e+00 2.669156e-01 -2.510382e-01
2454829.994745 5.477577e+00 3.212417e+00 -7.067550e-01 -2.510308e-01 3.075214e+00 2.669562e-01 -2.510290e-01
2454881.927418 4.978710e+00 3.229462e+00 -2.288275e-01 -1.709779e-01 2.366657e+00 2.538047e-01 -1.709750e-01
2454881.935579 4.540310e+00 3.229459e+00 -2.287517e-01 -1.709650e-01 2.366583e+00 2.537574e-01 -1.709621e-01
2454881.943759 4.140513e+00 3.229455e+00 -2.286757e-01 -1.709520e-01 2.366509e+00 2.537101e-01 -1.709491e-01
2454881.951900 4.539655e+00 3.229452e+00 -2.286001e-01 -1.709391e-01 2.366435e+00 2.536629e-01 -1.709362e-01
2454906.822864 6.142987e+00 3.211067e+00 2.820790e-03 -1.310837e-01 2.219028e+00 7.687672e-02 -1.310807e-01
2454906.828754 8.097872e+00 3.211060e+00 2.875640e-03 -1.310742e-01 2.219013e+00 7.683013e-02 -1.310712e-01
2454906.834624 8.878964e+00 3.211054e+00 2.930310e-03 -1.310647e-01 2.218997e+00 7.678371e-02 -1.310617e-01
2454906.840594 8.097544e+00 3.211047e+00 2.985900e-03 -1.310550e-01 2.218981e+00 7.673650e-02 -1.310520e-01
2454922.753834 6.016351e+00 3.190008e+00 1.511320e-01 -1.051612e-01 2.210842e+00 -4.850418e-02 -1.051582e-01
2454922.761874 7.233295e+00 3.189996e+00 1.512068e-01 -1.051481e-01 2.210855e+00 -4.856544e-02 -1.051451e-01
2454922.770013 6.596887e+00 3.189983e+00 1.512825e-01 -1.051348e-01 2.210868e+00 -4.862746e-02 -1.051317e-01
2454922.778173 6.596931e+00 3.189970e+00 1.513584e-01 -1.051214e-01 2.210881e+00 -4.868963e-02 -1.051184e-01
2454948.717189 5.028418e+00 3.139928e+00 3.919186e-01 -6.242346e-02 2.335597e+00 -2.132534e-01 -6.242035e-02
2454948.723929 5.028627e+00 3.139913e+00 3.919809e-01 -6.241230e-02 2.335649e+00 -2.132842e-01 -6.240919e-02
2454948.730489 4.586348e+00 3.139898e+00 3.920415e-01 -6.240144e-02 2.335700e+00 -2.133142e-01 -6.239833e-02
2454948.737128 4.586535e+00 3.139882e+00 3.921028e-01 -6.239045e-02 2.335752e+00 -2.133445e-01 -6.238734e-02
1 0.5
