2	0.5	1000	 1	period_start period_step period_end fixed/free
0.0				initial epoch
0.0				initial rotation angle      
0.1				convexity weight      
3 3				degree and order of spherical harmonics      
6				number of rows        
0.5	1			scattering parameters
0.1	1
-0.5	1     
0.1	0			LS coeff                 
50				iteration stop condidion
10				minimum number of iterations (only if the above value < 1)
5				Alamda multiplicative factor
0.1				Alamda initial value
1
99 0 0.12 2005.12-2009.6 V 703_CATALINA
2453710.005142 1.942608e+00 2.051929e+00 -6.054601e-01 -1.235573e-01 2.333757e+00 3.387792e-01 -1.235508e-01
2453710.014323 2.129878e+00 2.051969e+00 -6.053572e-01 -1.235579e-01 2.333642e+00 3.389268e-01 -1.235514e-01
2453710.023553 2.335201e+00 2.052008e+00 -6.052536e-01 -1.235585e-01 2.333527e+00 3.390751e-01 -1.235520e-01
2453710.032734 2.335037e+00 2.052048e+00 -6.051507e-01 -1.235591e-01 2.333412e+00 3.392226e-01 -1.235526e-01
2453732.984253 1.919565e+00 2.134116e+00 -3.436707e-01 -1.240878e-01 2.018358e+00 6.328941e-01 -1.240809e-01
2453732.992884 1.750521e+00 2.134140e+00 -3.435710e-01 -1.240876e-01 2.018233e+00 6.329756e-01 -1.240807e-01
2453733.001614 1.919250e+00 2.134165e+00 -3.434703e-01 -1.240875e-01 2.018106e+00 6.330581e-01 -1.240805e-01
2453733.010285 2.104243e+00 2.134190e+00 -3.433702e-01 -1.240873e-01 2.017981e+00 6.331400e-01 -1.240804e-01
2453744.958913 1.868837e+00 2.163937e+00 -2.048732e-01 -1.236036e-01 1.844363e+00 7.251540e-01 -1.235969e-01
2453744.966933 1.868681e+00 2.163954e+00 -2.047799e-01 -1.236031e-01 1.844247e+00 7.252019e-01 -1.235964e-01
2453744.975004 2.048796e+00 2.163971e+00 -2.046860e-01 -1.236026e-01 1.844130e+00 7.252501e-01 -1.235959e-01
2453744.983054 1.868368e+00 2.163988e+00 -2.045924e-01 -1.236021e-01 1.844014e+00 7.252982e-01 -1.235954e-01
2453753.981298 2.236968e+00 2.180527e+00 -9.971458e-02 -1.229026e-01 1.716293e+00 7.677585e-01 -1.228963e-01
2453753.986719 1.860517e+00 2.180535e+00 -9.965131e-02 -1.229021e-01 1.716217e+00 7.677774e-01 -1.228958e-01
2453753.992119 2.039895e+00 2.180544e+00 -9.958827e-02 -1.229016e-01 1.716142e+00 7.677963e-01 -1.228953e-01
2453753.997550 1.860296e+00 2.180552e+00 -9.952488e-02 -1.229011e-01 1.716067e+00 7.678152e-01 -1.228948e-01
2453761.935562 2.045943e+00 2.190984e+00 -6.800310e-03 -1.220494e-01 1.608821e+00 7.872982e-01 -1.220434e-01
2453761.941422 1.701627e+00 2.190990e+00 -6.731830e-03 -1.220487e-01 1.608744e+00 7.873067e-01 -1.220427e-01
2453761.947333 1.701512e+00 2.190997e+00 -6.662760e-03 -1.220480e-01 1.608667e+00 7.873152e-01 -1.220420e-01
2453761.953193 1.701398e+00 2.191003e+00 -6.594280e-03 -1.220472e-01 1.608590e+00 7.873237e-01 -1.220413e-01
2454244.934109 3.291098e+00 -1.429221e+00 1.946135e+00 1.096230e-01 -1.892216e+00 1.045538e+00 1.096197e-01
2454244.937919 3.608449e+00 -1.429253e+00 1.946110e+00 1.096244e-01 -1.892190e+00 1.045482e+00 1.096211e-01
2454244.941830 3.608274e+00 -1.429285e+00 1.946084e+00 1.096258e-01 -1.892163e+00 1.045425e+00 1.096224e-01
2454244.945730 3.290624e+00 -1.429317e+00 1.946058e+00 1.096272e-01 -1.892137e+00 1.045368e+00 1.096238e-01
2454247.934733 2.891195e+00 -1.453840e+00 1.925903e+00 1.106806e-01 -1.871187e+00 1.002671e+00 1.106771e-01
2454247.942214 3.169833e+00 -1.453901e+00 1.925852e+00 1.106832e-01 -1.871132e+00 1.002567e+00 1.106797e-01
2454247.949765 3.169532e+00 -1.453962e+00 1.925801e+00 1.106859e-01 -1.871078e+00 1.002462e+00 1.106824e-01
2454247.957215 2.890377e+00 -1.454023e+00 1.925750e+00 1.106885e-01 -1.871024e+00 1.002358e+00 1.106850e-01
2454261.907885 3.178040e+00 -1.564784e+00 1.826939e+00 1.153265e-01 -1.757447e+00 8.301641e-01 1.153224e-01
2454261.912736 3.177834e+00 -1.564822e+00 1.826904e+00 1.153280e-01 -1.757404e+00 8.301122e-01 1.153239e-01
2454261.917556 3.484200e+00 -1.564859e+00 1.826868e+00 1.153295e-01 -1.757361e+00 8.300607e-01 1.153254e-01
2454261.922437 3.483973e+00 -1.564897e+00 1.826832e+00 1.153311e-01 -1.757318e+00 8.300086e-01 1.153270e-01
2454347.758424 4.449948e+00 -2.085994e+00 1.068228e+00 1.326116e-01 -1.130923e+00 7.440025e-01 1.326086e-01
2454347.766914 4.879394e+00 -2.086030e+00 1.068142e+00 1.326122e-01 -1.130914e+00 7.440544e-01 1.326092e-01
2454347.775434 4.879516e+00 -2.086066e+00 1.068056e+00 1.326129e-01 -1.130906e+00 7.441065e-01 1.326099e-01
2454347.783914 4.879638e+00 -2.086102e+00 1.067970e+00 1.326136e-01 -1.130897e+00 7.441583e-01 1.326106e-01
2454357.705311 3.875762e+00 -2.125573e+00 9.664476e-01 1.332416e-01 -1.132158e+00 8.074835e-01 1.332389e-01
2454357.710151 3.875878e+00 -2.125591e+00 9.663976e-01 1.332418e-01 -1.132164e+00 8.075153e-01 1.332392e-01
2454357.714991 3.875994e+00 -2.125609e+00 9.663475e-01 1.332421e-01 -1.132171e+00 8.075472e-01 1.332394e-01
2454357.719791 3.876110e+00 -2.125627e+00 9.662978e-01 1.332423e-01 -1.132177e+00 8.075787e-01 1.332396e-01
2454411.605196 2.446384e+00 -2.252128e+00 3.821895e-01 1.312567e-01 -1.541448e+00 1.073026e+00 1.312564e-01
2454411.612725 2.682634e+00 -2.252135e+00 3.821050e-01 1.312558e-01 -1.541547e+00 1.073034e+00 1.312555e-01
2454411.620225 2.682859e+00 -2.252142e+00 3.820209e-01 1.312549e-01 -1.541646e+00 1.073042e+00 1.312546e-01
2454411.627714 2.683085e+00 -2.252149e+00 3.819369e-01 1.312539e-01 -1.541745e+00 1.073050e+00 1.312537e-01
2454455.542088 2.372524e+00 -2.236845e+00 -1.158489e-01 1.227098e-01 -2.213755e+00 8.676418e-01 1.227116e-01
2454455.545438 2.372588e+00 -2.236840e+00 -1.158870e-01 1.227089e-01 -2.213809e+00 8.676048e-01 1.227107e-01
2454455.548758 2.601560e+00 -2.236834e+00 -1.159247e-01 1.227080e-01 -2.213861e+00 8.675682e-01 1.227098e-01
2454455.552118 2.163943e+00 -2.236829e+00 -1.159629e-01 1.227071e-01 -2.213915e+00 8.675312e-01 1.227089e-01
2454466.551086 3.401128e+00 -2.215464e+00 -2.406936e-01 1.195905e-01 -2.384044e+00 7.280316e-01 1.195926e-01
2454466.555906 3.101973e+00 -2.215453e+00 -2.407481e-01 1.195890e-01 -2.384117e+00 7.279625e-01 1.195912e-01
2454466.560745 2.580198e+00 -2.215442e+00 -2.408029e-01 1.195876e-01 -2.384189e+00 7.278932e-01 1.195897e-01
2454466.565575 2.353250e+00 -2.215431e+00 -2.408575e-01 1.195861e-01 -2.384261e+00 7.278240e-01 1.195883e-01
2454477.557336 2.777646e+00 -2.186945e+00 -3.647283e-01 1.160864e-01 -2.540813e+00 5.528242e-01 1.160888e-01
2454477.561526 2.310406e+00 -2.186933e+00 -3.647753e-01 1.160850e-01 -2.540869e+00 5.527510e-01 1.160874e-01
2454477.565706 2.777792e+00 -2.186920e+00 -3.648222e-01 1.160836e-01 -2.540925e+00 5.526779e-01 1.160860e-01
2454477.569896 2.777864e+00 -2.186908e+00 -3.648692e-01 1.160822e-01 -2.540981e+00 5.526047e-01 1.160846e-01
2454763.995370 2.895269e+00 5.266976e-01 -1.969142e+00 -5.974159e-02 1.376246e+00 -1.452156e+00 -5.974292e-02
2454763.998421 2.895174e+00 5.267347e-01 -1.969133e+00 -5.974350e-02 1.376255e+00 -1.452102e+00 -5.974483e-02
2454764.001501 3.174390e+00 5.267721e-01 -1.969123e+00 -5.974544e-02 1.376264e+00 -1.452047e+00 -5.974677e-02
2454764.004561 3.174286e+00 5.268093e-01 -1.969113e+00 -5.974736e-02 1.376273e+00 -1.451993e+00 -5.974869e-02
2454777.929754 2.713802e+00 6.941878e-01 -1.918643e+00 -6.828312e-02 1.391673e+00 -1.214838e+00 -6.828382e-02
2454777.942325 2.713400e+00 6.943369e-01 -1.918591e+00 -6.829062e-02 1.391665e+00 -1.214636e+00 -6.829132e-02
2454777.954636 2.974753e+00 6.944830e-01 -1.918541e+00 -6.829797e-02 1.391657e+00 -1.214437e+00 -6.829867e-02
2454791.967661 3.012278e+00 8.581885e-01 -1.854678e+00 -7.642228e-02 1.361077e+00 -1.004526e+00 -7.642231e-02
2454791.974351 3.012022e+00 8.582654e-01 -1.854644e+00 -7.642604e-02 1.361053e+00 -1.004434e+00 -7.642607e-02
2454791.981171 2.746759e+00 8.583437e-01 -1.854610e+00 -7.642987e-02 1.361028e+00 -1.004340e+00 -7.642990e-02
2454791.987852 2.746526e+00 8.584205e-01 -1.854576e+00 -7.643363e-02 1.361004e+00 -1.004249e+00 -7.643365e-02
2454859.793669 4.537983e+00 1.550690e+00 -1.379616e+00 -1.076222e-01 9.393991e-01 -6.074578e-01 -1.076195e-01
2454859.800469 4.537830e+00 1.550749e+00 -1.379556e+00 -1.076246e-01 9.393645e-01 -6.074711e-01 -1.076219e-01
2454859.807169 4.537679e+00 1.550807e+00 -1.379497e+00 -1.076269e-01 9.393305e-01 -6.074843e-01 -1.076242e-01
2454859.813900 4.537528e+00 1.550866e+00 -1.379438e+00 -1.076293e-01 9.392963e-01 -6.074975e-01 -1.076266e-01
2454867.714429 4.849060e+00 1.617898e+00 -1.308654e+00 -1.102660e-01 9.038162e-01 -6.288013e-01 -1.102632e-01
2454867.722729 4.849000e+00 1.617966e+00 -1.308579e+00 -1.102687e-01 9.037841e-01 -6.288295e-01 -1.102658e-01
2454867.730969 4.848941e+00 1.618035e+00 -1.308503e+00 -1.102713e-01 9.037523e-01 -6.288575e-01 -1.102685e-01
2454867.739289 4.848881e+00 1.618103e+00 -1.308427e+00 -1.102740e-01 9.037201e-01 -6.288857e-01 -1.102711e-01
2454887.802150 4.298656e+00 1.773231e+00 -1.117046e+00 -1.159499e-01 8.640737e-01 -7.253926e-01 -1.159469e-01
2454887.807440 4.298830e+00 1.773269e+00 -1.116993e+00 -1.159512e-01 8.640742e-01 -7.254240e-01 -1.159483e-01
2454887.812859 4.299007e+00 1.773308e+00 -1.116940e+00 -1.159525e-01 8.640747e-01 -7.254562e-01 -1.159496e-01
2454887.818259 4.299184e+00 1.773346e+00 -1.116886e+00 -1.159539e-01 8.640752e-01 -7.254883e-01 -1.159509e-01
2454893.689464 3.764496e+00 1.814482e+00 -1.058028e+00 -1.173336e-01 8.684671e-01 -7.616805e-01 -1.173307e-01
2454893.693714 4.127860e+00 1.814511e+00 -1.057985e+00 -1.173346e-01 8.684731e-01 -7.617075e-01 -1.173316e-01
2454893.697974 4.128033e+00 1.814540e+00 -1.057942e+00 -1.173355e-01 8.684791e-01 -7.617346e-01 -1.173326e-01
2454893.702253 4.128207e+00 1.814569e+00 -1.057899e+00 -1.173365e-01 8.684852e-01 -7.617618e-01 -1.173335e-01
2454938.681834 2.349984e+00 2.061911e+00 -5.739469e-01 -1.236229e-01 1.168836e+00 -1.032344e+00 -1.236198e-01
2454938.686724 2.576902e+00 2.061931e+00 -5.738918e-01 -1.236231e-01 1.168893e+00 -1.032364e+00 -1.236200e-01
2454938.691614 2.577098e+00 2.061951e+00 -5.738367e-01 -1.236234e-01 1.168950e+00 -1.032384e+00 -1.236203e-01
2454938.696493 2.577294e+00 2.061972e+00 -5.737817e-01 -1.236237e-01 1.169008e+00 -1.032404e+00 -1.236206e-01
2454951.680819 2.384522e+00 2.110341e+00 -4.261286e-01 -1.240336e-01 1.336845e+00 -1.071446e+00 -1.240306e-01
2454951.688658 2.384802e+00 2.110367e+00 -4.260388e-01 -1.240337e-01 1.336955e+00 -1.071461e+00 -1.240306e-01
2454951.696468 2.615189e+00 2.110393e+00 -4.259492e-01 -1.240338e-01 1.337065e+00 -1.071475e+00 -1.240307e-01
2454951.704407 2.867838e+00 2.110419e+00 -4.258582e-01 -1.240338e-01 1.337177e+00 -1.071489e+00 -1.240307e-01
2454976.667923 2.573414e+00 2.173899e+00 -1.366854e-01 -1.230974e-01 1.729311e+00 -1.046773e+00 -1.230948e-01
2454976.675782 2.347223e+00 2.173913e+00 -1.365937e-01 -1.230968e-01 1.729444e+00 -1.046741e+00 -1.230941e-01
2454976.683652 2.347466e+00 2.173927e+00 -1.365019e-01 -1.230962e-01 1.729578e+00 -1.046710e+00 -1.230935e-01
2454976.691471 2.141135e+00 2.173940e+00 -1.364107e-01 -1.230955e-01 1.729710e+00 -1.046678e+00 -1.230928e-01
2455006.643917 2.546403e+00 2.199263e+00 2.133346e-01 -1.190992e-01 2.246073e+00 -8.020059e-01 -1.190976e-01
2455006.647827 2.118095e+00 2.199262e+00 2.133801e-01 -1.190985e-01 2.246139e+00 -8.019576e-01 -1.190969e-01
2455006.651717 2.792309e+00 2.199262e+00 2.134254e-01 -1.190978e-01 2.246205e+00 -8.019095e-01 -1.190962e-01
2455006.655597 2.118272e+00 2.199262e+00 2.134705e-01 -1.190970e-01 2.246270e+00 -8.018615e-01 -1.190955e-01
1 0.5
