2	0.5	1000	 1	period_start period_step period_end fixed/free
0.0				initial epoch
0.0				initial rotation angle      
0.1				convexity weight      
3 3				degree and order of spherical harmonics      
6				number of rows        
0.5	1			scattering parameters
0.1	1
-0.5	1     
0.1	0			LS coeff                 
50				iteration stop condidion
10				minimum number of iterations (only if the above value < 1)
5				Alamda multiplicative factor
0.1				Alamda initial value
1
101 0 0.12 2006.9-2010.10 V 703_CATALINA
2453997.766530 1.896984e+00 -2.186015e+00 -8.315782e-01 -5.365530e-01 -1.183748e+00 -8.999815e-01 -5.365547e-01
2453997.777081 1.896751e+00 -2.185961e+00 -8.316878e-01 -5.365465e-01 -1.183685e+00 -8.999107e-01 -5.365482e-01
2453997.787641 1.729643e+00 -2.185908e+00 -8.317975e-01 -5.365401e-01 -1.183623e+00 -8.998398e-01 -5.365418e-01
2453997.798252 1.577258e+00 -2.185854e+00 -8.319078e-01 -5.365336e-01 -1.183560e+00 -8.997686e-01 -5.365353e-01
2454003.756656 2.811816e+00 -2.154902e+00 -8.934801e-01 -5.326895e-01 -1.152558e+00 -8.592746e-01 -5.326907e-01
2454003.764736 2.132797e+00 -2.154859e+00 -8.935631e-01 -5.326840e-01 -1.152522e+00 -8.592193e-01 -5.326852e-01
2454003.772826 1.944967e+00 -2.154816e+00 -8.936463e-01 -5.326785e-01 -1.152486e+00 -8.591638e-01 -5.326797e-01
2454003.780897 1.944801e+00 -2.154773e+00 -8.937292e-01 -5.326731e-01 -1.152450e+00 -8.591085e-01 -5.326742e-01
2454010.866763 1.813485e+00 -2.115805e+00 -9.660538e-01 -5.275678e-01 -1.127048e+00 -8.106096e-01 -5.275684e-01
2454010.876733 1.813321e+00 -2.115749e+00 -9.661548e-01 -5.275602e-01 -1.127021e+00 -8.105419e-01 -5.275608e-01
2454010.886654 1.653620e+00 -2.115693e+00 -9.662554e-01 -5.275527e-01 -1.126994e+00 -8.104745e-01 -5.275532e-01
2454010.896634 1.507983e+00 -2.115636e+00 -9.663565e-01 -5.275451e-01 -1.126967e+00 -8.104066e-01 -5.275456e-01
2454031.754346 2.314215e+00 -1.987548e+00 -1.172765e+00 -5.091600e-01 -1.122475e+00 -6.812360e-01 -5.091587e-01
2454031.762997 2.782238e+00 -1.987491e+00 -1.172848e+00 -5.091513e-01 -1.122494e+00 -6.811906e-01 -5.091501e-01
2454031.771697 2.314115e+00 -1.987433e+00 -1.172932e+00 -5.091426e-01 -1.122513e+00 -6.811449e-01 -5.091414e-01
2454031.780407 2.110452e+00 -1.987376e+00 -1.173016e+00 -5.091339e-01 -1.122532e+00 -6.810991e-01 -5.091327e-01
2454054.677729 2.184774e+00 -1.824480e+00 -1.386335e+00 -4.832361e-01 -1.223159e+00 -6.009043e-01 -4.832332e-01
2454054.684269 2.395640e+00 -1.824430e+00 -1.386394e+00 -4.832279e-01 -1.223201e+00 -6.008950e-01 -4.832249e-01
2454054.690788 2.395722e+00 -1.824381e+00 -1.386453e+00 -4.832197e-01 -1.223242e+00 -6.008858e-01 -4.832167e-01
2454054.697318 2.626948e+00 -1.824331e+00 -1.386511e+00 -4.832114e-01 -1.223283e+00 -6.008765e-01 -4.832085e-01
2454061.702492 1.579123e+00 -1.770020e+00 -1.448562e+00 -4.741126e-01 -1.270921e+00 -5.962254e-01 -4.741092e-01
2454061.711162 1.579220e+00 -1.769952e+00 -1.448637e+00 -4.741010e-01 -1.270984e+00 -5.962264e-01 -4.740976e-01
2454061.719791 1.731687e+00 -1.769884e+00 -1.448713e+00 -4.740894e-01 -1.271047e+00 -5.962274e-01 -4.740861e-01
2454061.728431 1.898874e+00 -1.769816e+00 -1.448788e+00 -4.740779e-01 -1.271109e+00 -5.962284e-01 -4.740745e-01
2454116.677866 1.610007e+00 -1.278177e+00 -1.871973e+00 -3.846236e-01 -1.702376e+00 -9.844583e-01 -3.846191e-01
2454116.683956 1.610116e+00 -1.278117e+00 -1.872012e+00 -3.846120e-01 -1.702412e+00 -9.845438e-01 -3.846075e-01
2454116.689925 1.765574e+00 -1.278058e+00 -1.872052e+00 -3.846006e-01 -1.702447e+00 -9.846276e-01 -3.845961e-01
2454116.695905 1.610329e+00 -1.277999e+00 -1.872091e+00 -3.845892e-01 -1.702482e+00 -9.847115e-01 -3.845847e-01
2454140.575630 1.722041e+00 -1.033132e+00 -2.015126e+00 -3.365692e-01 -1.786918e+00 -1.378687e+00 -3.365655e-01
2454140.582039 1.722150e+00 -1.033065e+00 -2.015160e+00 -3.365557e-01 -1.786924e+00 -1.378806e+00 -3.365519e-01
2454140.588459 1.432513e+00 -1.032997e+00 -2.015195e+00 -3.365421e-01 -1.786929e+00 -1.378926e+00 -3.365383e-01
2454140.594899 1.722368e+00 -1.032928e+00 -2.015230e+00 -3.365285e-01 -1.786934e+00 -1.379046e+00 -3.365247e-01
2454158.601141 2.447246e+00 -8.385052e-01 -2.104464e+00 -2.971555e-01 -1.756718e+00 -1.733701e+00 -2.971528e-01
2454158.607101 2.035636e+00 -8.384397e-01 -2.104490e+00 -2.971421e-01 -1.756692e+00 -1.733823e+00 -2.971393e-01
2454158.613041 1.856618e+00 -8.383744e-01 -2.104517e+00 -2.971287e-01 -1.756667e+00 -1.733945e+00 -2.971259e-01
2454158.618970 1.693343e+00 -8.383091e-01 -2.104544e+00 -2.971153e-01 -1.756642e+00 -1.734066e+00 -2.971125e-01
2454392.972008 1.815724e+00 1.715888e+00 -1.686774e+00 3.015072e-01 2.614286e+00 -1.256587e+00 3.015060e-01
2454392.976318 1.815685e+00 1.715925e+00 -1.686743e+00 3.015171e-01 2.614290e+00 -1.256489e+00 3.015159e-01
2454392.980699 2.182884e+00 1.715962e+00 -1.686711e+00 3.015272e-01 2.614293e+00 -1.256389e+00 3.015260e-01
2454392.985069 1.655850e+00 1.715999e+00 -1.686679e+00 3.015372e-01 2.614297e+00 -1.256289e+00 3.015360e-01
2454412.990039 8.485205e-01 1.878951e+00 -1.533523e+00 3.461998e-01 2.572430e+00 -8.258946e-01 3.461996e-01
2454412.994360 1.616777e+00 1.878985e+00 -1.533488e+00 3.462091e-01 2.572409e+00 -8.258084e-01 3.462089e-01
2454412.998670 1.344738e+00 1.879018e+00 -1.533454e+00 3.462185e-01 2.572389e+00 -8.257224e-01 3.462183e-01
2454413.002960 1.344701e+00 1.879051e+00 -1.533420e+00 3.462277e-01 2.572368e+00 -8.256368e-01 3.462275e-01
2454416.007050 1.445336e+00 1.902233e+00 -1.509312e+00 3.527002e-01 2.556850e+00 -7.665458e-01 3.527001e-01
2454416.010411 1.584743e+00 1.902259e+00 -1.509285e+00 3.527074e-01 2.556832e+00 -7.664807e-01 3.527073e-01
2454416.013741 1.584708e+00 1.902285e+00 -1.509258e+00 3.527145e-01 2.556813e+00 -7.664161e-01 3.527145e-01
2454416.017031 9.998609e-01 1.902310e+00 -1.509232e+00 3.527216e-01 2.556795e+00 -7.663524e-01 3.527215e-01
2454423.968903 7.864147e-01 1.962003e+00 -1.444116e+00 3.695435e-01 2.505629e+00 -6.187658e-01 3.695438e-01
2454423.976393 1.366557e+00 1.962058e+00 -1.444054e+00 3.695591e-01 2.505575e+00 -6.186331e-01 3.695595e-01
2454423.983894 1.246246e+00 1.962113e+00 -1.443992e+00 3.695747e-01 2.505520e+00 -6.185004e-01 3.695751e-01
2454423.991404 1.246178e+00 1.962168e+00 -1.443929e+00 3.695904e-01 2.505465e+00 -6.183675e-01 3.695908e-01
2454450.961666 1.735348e+00 2.146106e+00 -1.210233e+00 4.231159e-01 2.249102e+00 -2.314982e-01 4.231176e-01
2454450.968356 1.582561e+00 2.146148e+00 -1.210173e+00 4.231285e-01 2.249027e+00 -2.314264e-01 4.231302e-01
2454450.975047 1.443226e+00 2.146190e+00 -1.210112e+00 4.231411e-01 2.248953e+00 -2.313546e-01 4.231427e-01
2454450.981767 1.582370e+00 2.146232e+00 -1.210052e+00 4.231537e-01 2.248878e+00 -2.312825e-01 4.231554e-01
2454483.874475 1.397946e+00 2.330486e+00 -9.028534e-01 4.805114e-01 1.875847e+00 -3.042319e-02 4.805139e-01
2454483.881036 1.532726e+00 2.330518e+00 -9.027901e-01 4.805219e-01 1.875777e+00 -3.041252e-02 4.805244e-01
2454483.887586 1.842631e+00 2.330551e+00 -9.027270e-01 4.805324e-01 1.875708e+00 -3.040188e-02 4.805350e-01
2454483.894127 1.532542e+00 2.330583e+00 -9.026639e-01 4.805429e-01 1.875638e+00 -3.039127e-02 4.805455e-01
2454526.834599 2.715852e+00 2.503046e+00 -4.762542e-01 5.413346e-01 1.566043e+00 -1.537346e-01 5.413372e-01
2454526.843259 2.715831e+00 2.503073e+00 -4.761663e-01 5.413452e-01 1.566019e+00 -1.537881e-01 5.413478e-01
2454526.851889 2.476848e+00 2.503099e+00 -4.760786e-01 5.413558e-01 1.565995e+00 -1.538414e-01 5.413583e-01
2454526.860539 2.476829e+00 2.503126e+00 -4.759907e-01 5.413664e-01 1.565972e+00 -1.538948e-01 5.413689e-01
2454532.725408 1.425558e+00 2.520665e+00 -4.162790e-01 5.483849e-01 1.554016e+00 -1.914971e-01 5.483873e-01
2454532.733508 1.300134e+00 2.520688e+00 -4.161964e-01 5.483943e-01 1.554006e+00 -1.915508e-01 5.483967e-01
2454532.741618 1.713924e+00 2.520711e+00 -4.161136e-01 5.484038e-01 1.553995e+00 -1.916044e-01 5.484062e-01
2454532.749728 2.060606e+00 2.520734e+00 -4.160309e-01 5.484133e-01 1.553984e+00 -1.916581e-01 5.484157e-01
2454556.732560 1.326955e+00 2.577515e+00 -1.697644e-01 5.738447e-01 1.596022e+00 -3.564936e-01 5.738464e-01
2454556.739620 1.210266e+00 2.577528e+00 -1.696915e-01 5.738514e-01 1.596056e+00 -3.565406e-01 5.738531e-01
2454556.746660 1.103839e+00 2.577541e+00 -1.696189e-01 5.738581e-01 1.596089e+00 -3.565874e-01 5.738598e-01
2454556.753689 9.181853e-01 2.577555e+00 -1.695463e-01 5.738648e-01 1.596123e+00 -3.566341e-01 5.738665e-01
2454597.655845 1.748947e+00 2.620058e+00 2.528502e-01 6.050794e-01 1.980524e+00 -5.289782e-01 6.050794e-01
2454597.662424 1.595192e+00 2.620060e+00 2.529179e-01 6.050832e-01 1.980612e+00 -5.289826e-01 6.050832e-01
2454597.668974 1.749240e+00 2.620061e+00 2.529853e-01 6.050870e-01 1.980698e+00 -5.289870e-01 6.050870e-01
2454597.675573 1.918165e+00 2.620063e+00 2.530533e-01 6.050908e-01 1.980786e+00 -5.289913e-01 6.050908e-01
2455335.931873 1.611194e+00 -2.226888e+00 1.432371e+00 -4.297775e-01 -2.759988e+00 5.725167e-01 -4.297729e-01
2455335.938814 2.123814e+00 -2.226917e+00 1.432305e+00 -4.297874e-01 -2.759917e+00 5.723881e-01 -4.297828e-01
2455335.945835 2.123660e+00 -2.226946e+00 1.432239e+00 -4.297974e-01 -2.759846e+00 5.722580e-01 -4.297928e-01
2455335.952815 3.069401e+00 -2.226975e+00 1.432174e+00 -4.298073e-01 -2.759775e+00 5.721286e-01 -4.298027e-01
2455358.905039 1.975455e+00 -2.313677e+00 1.210779e+00 -4.606813e-01 -2.485927e+00 2.101446e-01 -4.606774e-01
2455358.911379 1.498422e+00 -2.313698e+00 1.210716e+00 -4.606893e-01 -2.485842e+00 2.100631e-01 -4.606854e-01
2455358.917730 1.801363e+00 -2.313720e+00 1.210654e+00 -4.606974e-01 -2.485758e+00 2.099814e-01 -4.606934e-01
2455369.905879 1.725562e+00 -2.348461e+00 1.100989e+00 -4.741350e-01 -2.335377e+00 8.477217e-02 -4.741316e-01
2455369.912130 2.074418e+00 -2.348480e+00 1.100926e+00 -4.741424e-01 -2.335290e+00 8.471014e-02 -4.741390e-01
2455369.918530 2.274371e+00 -2.348499e+00 1.100862e+00 -4.741500e-01 -2.335201e+00 8.464664e-02 -4.741466e-01
2455383.908649 9.084880e-01 -2.386097e+00 9.581378e-01 -4.899132e-01 -2.138576e+00 -2.796230e-02 -4.899107e-01
2455383.914389 7.555902e-01 -2.386111e+00 9.580786e-01 -4.899194e-01 -2.138496e+00 -2.799785e-02 -4.899168e-01
2455383.920189 1.197438e+00 -2.386125e+00 9.580188e-01 -4.899256e-01 -2.138414e+00 -2.803376e-02 -4.899231e-01
2455383.925940 6.890014e-01 -2.386139e+00 9.579594e-01 -4.899317e-01 -2.138334e+00 -2.806935e-02 -4.899292e-01
2455456.743495 2.420094e+00 -2.451614e+00 1.750404e-01 -5.445753e-01 -1.451786e+00 7.168273e-02 -5.445787e-01
2455456.749845 2.653527e+00 -2.451609e+00 1.749703e-01 -5.445779e-01 -1.451772e+00 7.172092e-02 -5.445813e-01
2455456.756205 2.653474e+00 -2.451605e+00 1.749001e-01 -5.445805e-01 -1.451759e+00 7.175918e-02 -5.445839e-01
2455456.762585 2.653421e+00 -2.451600e+00 1.748297e-01 -5.445831e-01 -1.451745e+00 7.179755e-02 -5.445865e-01
2455476.632755 1.837317e+00 -2.428810e+00 -4.481078e-02 -5.506073e-01 -1.457312e+00 1.903298e-01 -5.506121e-01
2455476.639565 2.014622e+00 -2.428799e+00 -4.488609e-02 -5.506087e-01 -1.457330e+00 1.903679e-01 -5.506134e-01
2455476.647625 2.209045e+00 -2.428786e+00 -4.497522e-02 -5.506103e-01 -1.457352e+00 1.904131e-01 -5.506150e-01
2455476.654465 2.209092e+00 -2.428775e+00 -4.505086e-02 -5.506117e-01 -1.457371e+00 1.904513e-01 -5.506164e-01
2455481.598945 2.967423e+00 -2.420264e+00 -9.971507e-02 -5.514682e-01 -1.473779e+00 2.171873e-01 -5.514732e-01
2455481.613735 2.053091e+00 -2.420236e+00 -9.987852e-02 -5.514703e-01 -1.473837e+00 2.172642e-01 -5.514754e-01
2455481.621165 2.053159e+00 -2.420223e+00 -9.996063e-02 -5.514714e-01 -1.473866e+00 2.173028e-01 -5.514765e-01
1 0.5
