2	0.5	1000	 1	period_start period_step period_end fixed/free
0.0				initial epoch
0.0				initial rotation angle      
0.1				convexity weight      
3 3				degree and order of spherical harmonics      
6				number of rows        
0.5	1			scattering parameters
0.1	1
-0.5	1     
0.1	0			LS coeff                 
50				iteration stop condidion
10				minimum number of iterations (only if the above value < 1)
5				Alamda multiplicative factor
0.1				Alamda initial value
1
100 0 0.12 2005.9-2009.11 V 703_CATALINA
2453642.951679 4.442695e+00 8.488303e-01 -2.921164e+00 5.789002e-01 1.844367e+00 -2.810915e+00 5.789004e-01
2453642.958239 4.442459e+00 8.488893e-01 -2.921145e+00 5.788864e-01 1.844411e+00 -2.810784e+00 5.788866e-01
2453642.964810 4.442222e+00 8.489483e-01 -2.921126e+00 5.788726e-01 1.844456e+00 -2.810653e+00 5.788728e-01
2453642.971410 4.870538e+00 8.490076e-01 -2.921107e+00 5.788588e-01 1.844501e+00 -2.810521e+00 5.788590e-01
2453673.942865 4.395259e+00 1.122829e+00 -2.817110e+00 5.111685e-01 1.915481e+00 -2.219106e+00 5.111723e-01
2453673.949386 4.008254e+00 1.122886e+00 -2.817085e+00 5.111537e-01 1.915468e+00 -2.218992e+00 5.111575e-01
2453673.955926 4.007984e+00 1.122942e+00 -2.817060e+00 5.111388e-01 1.915455e+00 -2.218877e+00 5.111427e-01
2453673.962577 4.007709e+00 1.123000e+00 -2.817035e+00 5.111237e-01 1.915442e+00 -2.218761e+00 5.111276e-01
2453743.847832 6.463544e+00 1.696188e+00 -2.482556e+00 3.410277e-01 1.395063e+00 -1.546425e+00 3.410344e-01
2453743.858412 7.086627e+00 1.696269e+00 -2.482496e+00 3.410004e-01 1.394968e+00 -1.546421e+00 3.410071e-01
2453743.863712 7.086372e+00 1.696310e+00 -2.482465e+00 3.409867e-01 1.394920e+00 -1.546419e+00 3.409934e-01
2453753.865778 8.836601e+00 1.771865e+00 -2.423706e+00 3.149977e-01 1.309417e+00 -1.555289e+00 3.150040e-01
2453753.873748 8.836302e+00 1.771925e+00 -2.423658e+00 3.149769e-01 1.309353e+00 -1.555306e+00 3.149832e-01
2453753.881698 8.058530e+00 1.771984e+00 -2.423610e+00 3.149561e-01 1.309290e+00 -1.555323e+00 3.149624e-01
2453753.889638 8.058259e+00 1.772043e+00 -2.423562e+00 3.149353e-01 1.309226e+00 -1.555340e+00 3.149416e-01
2453765.726112 9.402268e+00 1.858977e+00 -2.350654e+00 2.837436e-01 1.224493e+00 -1.597095e+00 2.837494e-01
2453765.733682 1.030932e+01 1.859032e+00 -2.350606e+00 2.837235e-01 1.224446e+00 -1.597132e+00 2.837293e-01
2453765.741302 1.030926e+01 1.859087e+00 -2.350558e+00 2.837033e-01 1.224399e+00 -1.597169e+00 2.837091e-01
2453765.748922 1.030920e+01 1.859142e+00 -2.350510e+00 2.836831e-01 1.224352e+00 -1.597206e+00 2.836888e-01
2453788.684379 4.761880e+00 2.019403e+00 -2.199133e+00 2.220542e-01 1.135509e+00 -1.755017e+00 2.220584e-01
2453788.693229 4.762108e+00 2.019463e+00 -2.199072e+00 2.220301e-01 1.135498e+00 -1.755092e+00 2.220344e-01
2453788.702068 5.221799e+00 2.019523e+00 -2.199011e+00 2.220061e-01 1.135487e+00 -1.755168e+00 2.220104e-01
2453843.631347 5.261163e+00 2.353686e+00 -1.786076e+00 6.984075e-02 1.466133e+00 -2.255459e+00 6.983997e-02
2453843.636656 5.769034e+00 2.353714e+00 -1.786033e+00 6.982585e-02 1.466202e+00 -2.255497e+00 6.982506e-02
2453843.641956 5.261680e+00 2.353743e+00 -1.785990e+00 6.981097e-02 1.466272e+00 -2.255535e+00 6.981018e-02
2453874.632493 4.736690e+00 2.507247e+00 -1.525010e+00 -1.742697e-02 1.970238e+00 -2.382367e+00 -1.743049e-02
2453874.637823 4.736881e+00 2.507271e+00 -1.524964e+00 -1.744198e-02 1.970339e+00 -2.382370e+00 -1.744550e-02
2453874.643183 4.737073e+00 2.507295e+00 -1.524917e+00 -1.745708e-02 1.970439e+00 -2.382372e+00 -1.746060e-02
2453874.648562 5.194308e+00 2.507319e+00 -1.524870e+00 -1.747223e-02 1.970541e+00 -2.382375e+00 -1.747576e-02
2454128.992090 4.409767e+00 2.571769e+00 9.697660e-01 -6.340836e-01 1.964446e+00 1.745028e+00 -6.340793e-01
2454128.998740 4.834890e+00 2.571741e+00 9.698297e-01 -6.340947e-01 1.964326e+00 1.745021e+00 -6.340905e-01
2454129.005401 4.409177e+00 2.571713e+00 9.698935e-01 -6.341059e-01 1.964206e+00 1.745014e+00 -6.341017e-01
2454129.012062 3.667148e+00 2.571685e+00 9.699573e-01 -6.341171e-01 1.964086e+00 1.745007e+00 -6.341128e-01
2454156.928335 5.217829e+00 2.441111e+00 1.231980e+00 -6.776037e-01 1.534532e+00 1.629375e+00 -6.776008e-01
2454156.938095 6.272566e+00 2.441061e+00 1.232069e+00 -6.776177e-01 1.534412e+00 1.629310e+00 -6.776148e-01
2454156.948016 6.271907e+00 2.441010e+00 1.232160e+00 -6.776319e-01 1.534290e+00 1.629244e+00 -6.776290e-01
2454156.957907 6.876287e+00 2.440959e+00 1.232251e+00 -6.776461e-01 1.534168e+00 1.629178e+00 -6.776432e-01
2454172.888085 4.854084e+00 2.355061e+00 1.376255e+00 -6.993542e-01 1.370115e+00 1.509096e+00 -6.993523e-01
2454172.894605 4.426691e+00 2.355024e+00 1.376313e+00 -6.993626e-01 1.370061e+00 1.509042e+00 -6.993608e-01
2454172.901136 4.853461e+00 2.354988e+00 1.376371e+00 -6.993710e-01 1.370008e+00 1.508989e+00 -6.993692e-01
2454172.907656 4.853150e+00 2.354951e+00 1.376429e+00 -6.993794e-01 1.369954e+00 1.508935e+00 -6.993776e-01
2454207.920465 6.511335e+00 2.138753e+00 1.675998e+00 -7.387252e-01 1.243817e+00 1.221439e+00 -7.387261e-01
2454207.927245 6.511162e+00 2.138708e+00 1.676054e+00 -7.387316e-01 1.243823e+00 1.221391e+00 -7.387326e-01
2454207.933906 5.938094e+00 2.138663e+00 1.676108e+00 -7.387380e-01 1.243828e+00 1.221342e+00 -7.387389e-01
2454207.940636 5.937937e+00 2.138618e+00 1.676163e+00 -7.387444e-01 1.243834e+00 1.221294e+00 -7.387453e-01
2454213.913679 7.005864e+00 2.098154e+00 1.724687e+00 -7.442729e-01 1.252848e+00 1.180352e+00 -7.442743e-01
2454213.921499 7.681637e+00 2.098101e+00 1.724750e+00 -7.442799e-01 1.252865e+00 1.180302e+00 -7.442813e-01
2454213.929309 7.681495e+00 2.098047e+00 1.724813e+00 -7.442869e-01 1.252882e+00 1.180251e+00 -7.442883e-01
2454213.937160 7.681353e+00 2.097993e+00 1.724876e+00 -7.442940e-01 1.252899e+00 1.180200e+00 -7.442953e-01
2454231.781801 7.687868e+00 1.971292e+00 1.864859e+00 -7.586995e-01 1.323755e+00 1.089878e+00 -7.587021e-01
2454231.789930 7.688021e+00 1.971233e+00 1.864921e+00 -7.587053e-01 1.323800e+00 1.089849e+00 -7.587079e-01
2454231.798040 7.688173e+00 1.971173e+00 1.864983e+00 -7.587111e-01 1.323845e+00 1.089821e+00 -7.587137e-01
2454231.806140 8.430082e+00 1.971114e+00 1.865045e+00 -7.587170e-01 1.323891e+00 1.089793e+00 -7.587195e-01
2454240.796669 6.603974e+00 1.904085e+00 1.932636e+00 -7.647648e-01 1.380122e+00 1.067024e+00 -7.647679e-01
2454240.804748 6.023121e+00 1.904024e+00 1.932696e+00 -7.647698e-01 1.380177e+00 1.067011e+00 -7.647730e-01
2454240.812828 6.604472e+00 1.903963e+00 1.932756e+00 -7.647749e-01 1.380233e+00 1.066998e+00 -7.647780e-01
2454240.820908 6.023575e+00 1.903902e+00 1.932816e+00 -7.647800e-01 1.380288e+00 1.066986e+00 -7.647831e-01
2454261.744990 6.323817e+00 1.740148e+00 2.082008e+00 -7.756790e-01 1.544780e+00 1.085779e+00 -7.756831e-01
2454261.753549 6.324273e+00 1.740079e+00 2.082067e+00 -7.756825e-01 1.544853e+00 1.085809e+00 -7.756866e-01
2454261.762109 6.324729e+00 1.740010e+00 2.082125e+00 -7.756861e-01 1.544926e+00 1.085839e+00 -7.756901e-01
2454261.770679 6.325186e+00 1.739941e+00 2.082184e+00 -7.756896e-01 1.544999e+00 1.085869e+00 -7.756937e-01
2454271.713259 6.307024e+00 1.658551e+00 2.148911e+00 -7.793006e-01 1.630649e+00 1.133139e+00 -7.793050e-01
2454271.724919 5.752707e+00 1.658454e+00 2.148988e+00 -7.793043e-01 1.630750e+00 1.133210e+00 -7.793086e-01
2454271.732378 5.753112e+00 1.658392e+00 2.149037e+00 -7.793066e-01 1.630814e+00 1.133255e+00 -7.793110e-01
2454271.739878 5.753520e+00 1.658330e+00 2.149086e+00 -7.793090e-01 1.630879e+00 1.133300e+00 -7.793133e-01
2454677.735796 7.541952e+00 -2.141795e+00 2.173332e+00 -1.953107e-01 -1.526355e+00 1.365967e+00 -1.953133e-01
2454677.742286 6.878284e+00 -2.141843e+00 2.173293e+00 -1.952939e-01 -1.526315e+00 1.365996e+00 -1.952965e-01
2454677.748746 6.878225e+00 -2.141890e+00 2.173255e+00 -1.952771e-01 -1.526276e+00 1.366024e+00 -1.952797e-01
2454677.755157 7.541761e+00 -2.141937e+00 2.173216e+00 -1.952605e-01 -1.526237e+00 1.366052e+00 -1.952631e-01
2454715.680354 4.561269e+00 -2.403415e+00 1.931217e+00 -9.574441e-02 -1.435352e+00 1.650539e+00 -9.574712e-02
2454715.686914 5.001600e+00 -2.403457e+00 1.931173e+00 -9.572703e-02 -1.435364e+00 1.650602e+00 -9.572974e-02
2454715.693464 5.001868e+00 -2.403500e+00 1.931129e+00 -9.570968e-02 -1.435377e+00 1.650666e+00 -9.571239e-02
2454715.700013 5.002136e+00 -2.403542e+00 1.931084e+00 -9.569234e-02 -1.435390e+00 1.650729e+00 -9.569504e-02
2454769.551188 4.626718e+00 -2.714400e+00 1.540495e+00 4.765584e-02 -1.919967e+00 2.136246e+00 4.765475e-02
2454769.556997 4.627010e+00 -2.714430e+00 1.540450e+00 4.767130e-02 -1.920058e+00 2.136281e+00 4.767022e-02
2454769.562837 4.220152e+00 -2.714459e+00 1.540405e+00 4.768685e-02 -1.920150e+00 2.136316e+00 4.768577e-02
2454769.568706 4.627599e+00 -2.714489e+00 1.540360e+00 4.770248e-02 -1.920242e+00 2.136352e+00 4.770139e-02
2454789.535747 6.839552e+00 -2.810586e+00 1.383794e+00 1.007318e-01 -2.271471e+00 2.212036e+00 1.007316e-01
2454789.542727 6.238169e+00 -2.810618e+00 1.383738e+00 1.007503e-01 -2.271606e+00 2.212046e+00 1.007501e-01
2454789.549556 4.732450e+00 -2.810649e+00 1.383684e+00 1.007683e-01 -2.271737e+00 2.212055e+00 1.007682e-01
2454789.556396 4.732765e+00 -2.810680e+00 1.383629e+00 1.007864e-01 -2.271869e+00 2.212064e+00 1.007863e-01
2455098.928234 7.362499e+00 -2.881790e+00 -1.309870e+00 7.670686e-01 -1.878985e+00 -1.285856e+00 7.670656e-01
2455098.935525 6.714402e+00 -2.881761e+00 -1.309930e+00 7.670786e-01 -1.878962e+00 -1.285790e+00 7.670756e-01
2455098.942725 6.714127e+00 -2.881733e+00 -1.309988e+00 7.670885e-01 -1.878938e+00 -1.285726e+00 7.670854e-01
2455098.950015 7.361587e+00 -2.881704e+00 -1.310048e+00 7.670985e-01 -1.878914e+00 -1.285660e+00 7.670954e-01
2455119.801557 8.205662e+00 -2.793922e+00 -1.477703e+00 7.942259e-01 -1.868981e+00 -1.105183e+00 7.942223e-01
2455119.808917 8.205582e+00 -2.793889e+00 -1.477761e+00 7.942350e-01 -1.868997e+00 -1.105124e+00 7.942314e-01
2455119.816267 8.205502e+00 -2.793856e+00 -1.477820e+00 7.942440e-01 -1.869014e+00 -1.105065e+00 7.942404e-01
2455119.823557 6.824970e+00 -2.793824e+00 -1.477877e+00 7.942530e-01 -1.869030e+00 -1.105007e+00 7.942494e-01
2455131.762280 8.217276e+00 -2.738860e+00 -1.571427e+00 8.084590e-01 -1.913304e+00 -1.018113e+00 8.084553e-01
2455131.770190 8.217378e+00 -2.738823e+00 -1.571488e+00 8.084681e-01 -1.913345e+00 -1.018061e+00 8.084644e-01
2455131.777880 9.879580e+00 -2.738786e+00 -1.571548e+00 8.084770e-01 -1.913384e+00 -1.018012e+00 8.084732e-01
2455146.695430 6.546394e+00 -2.665421e+00 -1.685739e+00 8.248412e-01 -2.013124e+00 -9.409265e-01 8.248375e-01
2455146.702650 6.546625e+00 -2.665384e+00 -1.685793e+00 8.248488e-01 -2.013183e+00 -9.408996e-01 8.248450e-01
2455146.709899 7.178485e+00 -2.665347e+00 -1.685848e+00 8.248564e-01 -2.013241e+00 -9.408727e-01 8.248526e-01
2455146.717139 7.178740e+00 -2.665310e+00 -1.685903e+00 8.248639e-01 -2.013300e+00 -9.408458e-01 8.248602e-01
2455153.699191 6.806149e+00 -2.629220e+00 -1.738256e+00 8.319846e-01 -2.074175e+00 -9.202792e-01 8.319810e-01
2455153.706440 7.463128e+00 -2.629182e+00 -1.738310e+00 8.319918e-01 -2.074242e+00 -9.202636e-01 8.319882e-01
2455153.713680 7.463462e+00 -2.629144e+00 -1.738364e+00 8.319990e-01 -2.074309e+00 -9.202481e-01 8.319954e-01
2455153.720870 8.183892e+00 -2.629106e+00 -1.738418e+00 8.320062e-01 -2.074376e+00 -9.202327e-01 8.320025e-01
1 0.5
