2	0.5	1000	 1	period_start period_step period_end fixed/free
0.0				initial epoch
0.0				initial rotation angle      
0.1				convexity weight      
3 3				degree and order of spherical harmonics      
6				number of rows        
0.5	1			scattering parameters
0.1	1
-0.5	1     
0.1	0			LS coeff                 
50				iteration stop condidion
10				minimum number of iterations (only if the above value < 1)
5				Alamda multiplicative factor
0.1				Alamda initial value
2
36 0 0.12 2004.12-2005.4 R 703_CATALINA
2453353.989353 6.296753e-01 2.395819e+00 -9.555950e-01 -3.175453e-01 2.519668e+00 2.086942e-02 -3.175367e-01
2453353.996374 9.978835e-01 2.395838e+00 -9.555287e-01 -3.175432e-01 2.519565e+00 2.095054e-02 -3.175346e-01
2453354.002824 9.100096e-01 2.395856e+00 -9.554677e-01 -3.175412e-01 2.519471e+00 2.102506e-02 -3.175327e-01
2453354.009295 4.775425e-01 2.395874e+00 -9.554065e-01 -3.175393e-01 2.519377e+00 2.109980e-02 -3.175307e-01
2453354.962314 6.823362e-01 2.398504e+00 -9.463885e-01 -3.172509e-01 2.505457e+00 3.197648e-02 -3.172423e-01
2453354.968865 1.425489e+00 2.398522e+00 -9.463265e-01 -3.172489e-01 2.505361e+00 3.205034e-02 -3.172403e-01
2453354.975285 5.674532e-01 2.398540e+00 -9.462657e-01 -3.172469e-01 2.505267e+00 3.212272e-02 -3.172383e-01
2453354.981736 6.821751e-01 2.398557e+00 -9.462046e-01 -3.172449e-01 2.505172e+00 3.219542e-02 -3.172363e-01
2453355.978439 6.146301e-01 2.401268e+00 -9.367574e-01 -3.169379e-01 2.490541e+00 4.328560e-02 -3.169293e-01
2453355.985459 1.284034e+00 2.401287e+00 -9.366908e-01 -3.169358e-01 2.490438e+00 4.336270e-02 -3.169271e-01
2453355.992480 5.111388e-01 2.401306e+00 -9.366242e-01 -3.169336e-01 2.490335e+00 4.343979e-02 -3.169250e-01
2453355.999501 2.231011e-01 2.401324e+00 -9.365576e-01 -3.169314e-01 2.490231e+00 4.351686e-02 -3.169228e-01
2453388.887994 4.741194e-01 2.467602e+00 -6.168534e-01 -3.038112e-01 2.000834e+00 2.492666e-01 -3.038035e-01
2453388.897505 9.032924e-01 2.467614e+00 -6.167590e-01 -3.038066e-01 2.000700e+00 2.492827e-01 -3.037988e-01
2453388.907036 9.903050e-01 2.467627e+00 -6.166644e-01 -3.038020e-01 2.000566e+00 2.492989e-01 -3.037942e-01
2453388.916547 1.431231e+00 2.467639e+00 -6.165700e-01 -3.037973e-01 2.000432e+00 2.493150e-01 -3.037896e-01
2453432.867153 1.164282e+00 2.482365e+00 -1.720966e-01 -2.772457e-01 1.535232e+00 1.209266e-01 -2.772426e-01
2453432.876503 1.061744e+00 2.482358e+00 -1.720008e-01 -2.772390e-01 1.535175e+00 1.208681e-01 -2.772359e-01
2453432.885824 1.061650e+00 2.482352e+00 -1.719053e-01 -2.772322e-01 1.535119e+00 1.208098e-01 -2.772292e-01
2453432.895124 1.163973e+00 2.482346e+00 -1.718101e-01 -2.772255e-01 1.535063e+00 1.207516e-01 -2.772225e-01
2453439.781618 1.203901e+00 2.476613e+00 -1.012059e-01 -2.721410e-01 1.499328e+00 7.588237e-02 -2.721389e-01
2453439.792529 1.319944e+00 2.476602e+00 -1.010939e-01 -2.721328e-01 1.499281e+00 7.580891e-02 -2.721306e-01
2453439.803629 1.319836e+00 2.476591e+00 -1.009800e-01 -2.721244e-01 1.499232e+00 7.573418e-02 -2.721223e-01
2453439.814589 1.097703e+00 2.476580e+00 -1.008676e-01 -2.721161e-01 1.499185e+00 7.566037e-02 -2.721140e-01
2453445.859146 1.526717e+00 2.469692e+00 -3.881534e-02 -2.674489e-01 1.477537e+00 3.420275e-02 -2.674476e-01
2453445.866226 1.269820e+00 2.469683e+00 -3.874263e-02 -2.674433e-01 1.477517e+00 3.415352e-02 -2.674420e-01
2453445.873296 1.392278e+00 2.469674e+00 -3.867002e-02 -2.674377e-01 1.477497e+00 3.410436e-02 -2.674364e-01
2453445.880366 1.269725e+00 2.469665e+00 -3.859741e-02 -2.674321e-01 1.477478e+00 3.405520e-02 -2.674309e-01
2453459.823218 8.449659e-01 2.447100e+00 1.045591e-01 -2.559487e-01 1.462429e+00 -6.270826e-02 -2.559494e-01
2453459.831758 1.339178e+00 2.447084e+00 1.046467e-01 -2.559414e-01 1.462435e+00 -6.276604e-02 -2.559421e-01
2453459.840328 1.221342e+00 2.447067e+00 1.047346e-01 -2.559340e-01 1.462440e+00 -6.282402e-02 -2.559347e-01
2453459.848948 1.015866e+00 2.447050e+00 1.048231e-01 -2.559266e-01 1.462446e+00 -6.288233e-02 -2.559273e-01
2453477.681515 8.860396e-01 2.404422e+00 2.872524e-01 -2.398031e-01 1.511511e+00 -1.715030e-01 -2.398062e-01
2453477.687455 1.404322e+00 2.404405e+00 2.873130e-01 -2.397974e-01 1.511539e+00 -1.715338e-01 -2.398005e-01
2453477.693435 1.280797e+00 2.404388e+00 2.873739e-01 -2.397918e-01 1.511568e+00 -1.715647e-01 -2.397949e-01
2453477.699365 8.861224e-01 2.404371e+00 2.874343e-01 -2.397862e-01 1.511596e+00 -1.715954e-01 -2.397893e-01
69 0 0.12 2005.6-2008.3 V 703_CATALINA
2453528.683068 4.904152e-01 2.195213e+00 7.941204e-01 -1.852614e-01 1.957616e+00 -1.925858e-01 -1.852690e-01
2453528.690588 4.079366e-01 2.195173e+00 7.941925e-01 -1.852525e-01 1.957699e+00 -1.925445e-01 -1.852601e-01
2453528.698057 2.574074e-01 2.195133e+00 7.942640e-01 -1.852436e-01 1.957782e+00 -1.925035e-01 -1.852512e-01
2453528.705527 3.720916e-01 2.195092e+00 7.943356e-01 -1.852348e-01 1.957864e+00 -1.924625e-01 -1.852424e-01
2453551.653383 3.105384e-01 2.058166e+00 1.008849e+00 -1.569580e-01 2.206519e+00 3.073170e-03 -1.569659e-01
2453551.659773 4.921937e-01 2.058124e+00 1.008907e+00 -1.569499e-01 2.206584e+00 3.146890e-03 -1.569577e-01
2453551.666202 1.486472e-01 2.058082e+00 1.008965e+00 -1.569416e-01 2.206650e+00 3.221080e-03 -1.569495e-01
2453996.805003 5.926380e-01 -1.979161e+00 -3.758634e-01 1.885825e-01 -9.778864e-01 -4.606985e-01 1.885807e-01
2453996.811463 5.404761e-01 -1.979157e+00 -3.759454e-01 1.885769e-01 -9.778754e-01 -4.606702e-01 1.885752e-01
2453996.817923 5.404598e-01 -1.979154e+00 -3.760273e-01 1.885714e-01 -9.778644e-01 -4.606418e-01 1.885696e-01
2453996.824403 5.404435e-01 -1.979151e+00 -3.761095e-01 1.885658e-01 -9.778533e-01 -4.606133e-01 1.885640e-01
2454004.882259 6.330730e-01 -1.972554e+00 -4.778562e-01 1.814133e-01 -9.713729e-01 -4.243770e-01 1.814122e-01
2454004.891039 6.330636e-01 -1.972545e+00 -4.779665e-01 1.814053e-01 -9.713738e-01 -4.243371e-01 1.814042e-01
2454004.899799 6.330542e-01 -1.972535e+00 -4.780765e-01 1.813973e-01 -9.713747e-01 -4.242972e-01 1.813962e-01
2454004.908579 5.773435e-01 -1.972525e+00 -4.781868e-01 1.813892e-01 -9.713756e-01 -4.242572e-01 1.813882e-01
2454024.729195 7.318895e-01 -1.937459e+00 -7.234342e-01 1.620921e-01 -1.017253e+00 -3.399129e-01 1.620928e-01
2454024.737245 7.319318e-01 -1.937440e+00 -7.235321e-01 1.620838e-01 -1.017289e+00 -3.398834e-01 1.620845e-01
2454024.745265 7.319739e-01 -1.937420e+00 -7.236296e-01 1.620756e-01 -1.017325e+00 -3.398541e-01 1.620762e-01
2454024.753335 7.320163e-01 -1.937401e+00 -7.237278e-01 1.620673e-01 -1.017361e+00 -3.398246e-01 1.620679e-01
2454030.772578 6.408234e-01 -1.921659e+00 -7.964663e-01 1.557707e-01 -1.048092e+00 -3.196303e-01 1.557718e-01
2454030.779058 7.026937e-01 -1.921641e+00 -7.965441e-01 1.557638e-01 -1.048129e+00 -3.196107e-01 1.557650e-01
2454030.785537 7.027383e-01 -1.921623e+00 -7.966219e-01 1.557569e-01 -1.048167e+00 -3.195911e-01 1.557581e-01
2454030.791997 6.409451e-01 -1.921604e+00 -7.966994e-01 1.557501e-01 -1.048203e+00 -3.195715e-01 1.557512e-01
2454030.870215 7.711768e-01 -1.921385e+00 -7.976386e-01 1.556670e-01 -1.048652e+00 -3.193352e-01 1.556682e-01
2454030.877925 7.712352e-01 -1.921363e+00 -7.977312e-01 1.556588e-01 -1.048696e+00 -3.193119e-01 1.556600e-01
2454030.885665 8.457066e-01 -1.921341e+00 -7.978241e-01 1.556506e-01 -1.048740e+00 -3.192886e-01 1.556518e-01
2454030.893425 7.034820e-01 -1.921319e+00 -7.979172e-01 1.556424e-01 -1.048785e+00 -3.192652e-01 1.556435e-01
2454080.708558 3.909122e-01 -1.709203e+00 -1.357807e+00 9.741566e-02 -1.519811e+00 -3.914966e-01 9.741984e-02
2454080.715107 3.251855e-01 -1.709166e+00 -1.357875e+00 9.740743e-02 -1.519886e+00 -3.915433e-01 9.741162e-02
2454080.721907 2.705111e-01 -1.709128e+00 -1.357945e+00 9.739889e-02 -1.519965e+00 -3.915917e-01 9.740307e-02
2454080.728606 4.701518e-01 -1.709091e+00 -1.358015e+00 9.739047e-02 -1.520043e+00 -3.916395e-01 9.739466e-02
2454108.621460 2.534755e-01 -1.535465e+00 -1.631658e+00 6.142570e-02 -1.828504e+00 -6.929976e-01 6.143030e-02
2454108.630019 3.341927e-01 -1.535407e+00 -1.631737e+00 6.141443e-02 -1.828589e+00 -6.931210e-01 6.141902e-02
2454108.638619 4.018446e-01 -1.535348e+00 -1.631816e+00 6.140310e-02 -1.828674e+00 -6.932451e-01 6.140770e-02
2454108.647158 3.048730e-01 -1.535290e+00 -1.631895e+00 6.139185e-02 -1.828758e+00 -6.933683e-01 6.139645e-02
2454394.962709 4.933034e-01 1.112036e+00 -2.382282e+00 -2.702214e-01 1.994553e+00 -1.921594e+00 -2.702225e-01
2454394.968250 4.498767e-01 1.112086e+00 -2.382261e+00 -2.702254e-01 1.994557e+00 -1.921489e+00 -2.702265e-01
2454394.973790 3.412502e-01 1.112135e+00 -2.382241e+00 -2.702294e-01 1.994561e+00 -1.921385e+00 -2.702306e-01
2454394.979370 6.502076e-01 1.112185e+00 -2.382221e+00 -2.702335e-01 1.994564e+00 -1.921280e+00 -2.702346e-01
2454417.934864 4.343840e-01 1.311885e+00 -2.288311e+00 -2.857134e-01 1.940711e+00 -1.524164e+00 -2.857134e-01
2454417.942574 4.343489e-01 1.311950e+00 -2.288276e+00 -2.857183e-01 1.940672e+00 -1.524046e+00 -2.857182e-01
2454417.950345 5.221596e-01 1.312016e+00 -2.288241e+00 -2.857231e-01 1.940633e+00 -1.523926e+00 -2.857230e-01
2454417.958146 4.342781e-01 1.312082e+00 -2.288205e+00 -2.857280e-01 1.940593e+00 -1.523806e+00 -2.857279e-01
2454437.895853 5.033311e-01 1.476687e+00 -2.191089e+00 -2.972388e-01 1.802199e+00 -1.260622e+00 -2.972377e-01
2454437.908644 3.817593e-01 1.476790e+00 -2.191023e+00 -2.972456e-01 1.802090e+00 -1.260483e+00 -2.972445e-01
2454476.853213 6.288044e-01 1.770797e+00 -1.962447e+00 -3.143141e-01 1.428457e+00 -1.040561e+00 -3.143116e-01
2454476.862274 7.559303e-01 1.770861e+00 -1.962388e+00 -3.143172e-01 1.428372e+00 -1.040557e+00 -3.143148e-01
2454476.871334 6.287067e-01 1.770925e+00 -1.962329e+00 -3.143203e-01 1.428287e+00 -1.040553e+00 -3.143179e-01
2454476.880425 6.286578e-01 1.770989e+00 -1.962270e+00 -3.143234e-01 1.428202e+00 -1.040549e+00 -3.143210e-01
2454496.773484 1.165761e+00 1.905323e+00 -1.827123e+00 -3.201768e-01 1.263670e+00 -1.079627e+00 -3.201741e-01
2454496.777804 8.843090e-01 1.905351e+00 -1.827092e+00 -3.201778e-01 1.263640e+00 -1.079645e+00 -3.201751e-01
2454496.782124 8.842975e-01 1.905379e+00 -1.827062e+00 -3.201789e-01 1.263610e+00 -1.079664e+00 -3.201762e-01
2454496.786415 1.063146e+00 1.905407e+00 -1.827031e+00 -3.201799e-01 1.263581e+00 -1.079681e+00 -3.201772e-01
2454502.736068 7.969073e-01 1.943314e+00 -1.784364e+00 -3.215446e-01 1.225818e+00 -1.108050e+00 -3.215419e-01
2454502.743708 7.969012e-01 1.943362e+00 -1.784308e+00 -3.215462e-01 1.225774e+00 -1.108091e+00 -3.215435e-01
2454502.751318 7.968952e-01 1.943410e+00 -1.784253e+00 -3.215479e-01 1.225730e+00 -1.108132e+00 -3.215451e-01
2454502.758938 7.968892e-01 1.943458e+00 -1.784198e+00 -3.215495e-01 1.225686e+00 -1.108172e+00 -3.215468e-01
2454509.709584 9.594320e-01 1.986363e+00 -1.733088e+00 -3.229157e-01 1.190199e+00 -1.149372e+00 -3.229129e-01
2454509.716054 8.750202e-01 1.986402e+00 -1.733039e+00 -3.229168e-01 1.190171e+00 -1.149414e+00 -3.229141e-01
2454509.722493 1.052015e+00 1.986442e+00 -1.732991e+00 -3.229180e-01 1.190142e+00 -1.149456e+00 -3.229152e-01
2454509.728973 1.153522e+00 1.986481e+00 -1.732943e+00 -3.229191e-01 1.190114e+00 -1.149498e+00 -3.229164e-01
2454523.673397 7.653804e-01 2.067946e+00 -1.626443e+00 -3.249141e-01 1.150947e+00 -1.252810e+00 -3.249115e-01
2454523.680606 8.392571e-01 2.067987e+00 -1.626386e+00 -3.249149e-01 1.150939e+00 -1.252869e+00 -3.249123e-01
2454523.687816 7.654429e-01 2.068027e+00 -1.626330e+00 -3.249156e-01 1.150931e+00 -1.252928e+00 -3.249131e-01
2454523.694996 5.806714e-01 2.068067e+00 -1.626274e+00 -3.249164e-01 1.150922e+00 -1.252987e+00 -3.249138e-01
2454530.615556 6.661224e-01 2.106138e+00 -1.571533e+00 -3.255337e-01 1.148953e+00 -1.311419e+00 -3.255313e-01
2454530.621616 8.008909e-01 2.106171e+00 -1.571484e+00 -3.255342e-01 1.148957e+00 -1.311472e+00 -3.255317e-01
2454530.627645 5.053504e-01 2.106203e+00 -1.571436e+00 -3.255346e-01 1.148960e+00 -1.311524e+00 -3.255321e-01
2454530.633675 8.009618e-01 2.106236e+00 -1.571388e+00 -3.255350e-01 1.148964e+00 -1.311576e+00 -3.255326e-01
1 0.5
2 0.5
