2	0.5	1000	 1	period_start period_step period_end fixed/free
0.0				initial epoch
0.0				initial rotation angle      
0.1				convexity weight      
3 3				degree and order of spherical harmonics      
6				number of rows        
0.5	1			scattering parameters
0.1	1
-0.5	1     
0.1	0			LS coeff                 
50				iteration stop condidion
10				minimum number of iterations (only if the above value < 1)
5				Alamda multiplicative factor
0.1				Alamda initial value
1
99 0 0.12 2006.9-2010.11 V 703_CATALINA
2453995.861805 1.607999e+00 -2.209169e+00 -7.904138e-01 -3.475881e-01 -1.209130e+00 -8.913455e-01 -3.475899e-01
2453995.871496 1.763022e+00 -2.209144e+00 -7.905206e-01 -3.476090e-01 -1.209091e+00 -8.912872e-01 -3.476109e-01
2453995.881196 1.762909e+00 -2.209119e+00 -7.906276e-01 -3.476300e-01 -1.209052e+00 -8.912287e-01 -3.476318e-01
2453995.890946 1.762794e+00 -2.209094e+00 -7.907352e-01 -3.476511e-01 -1.209013e+00 -8.911700e-01 -3.476529e-01
2454006.835770 1.996796e+00 -2.177779e+00 -9.103498e-01 -3.708552e-01 -1.179499e+00 -8.234721e-01 -3.708561e-01
2454006.843101 1.996736e+00 -2.177756e+00 -9.104292e-01 -3.708704e-01 -1.179489e+00 -8.234263e-01 -3.708713e-01
2454006.850401 1.820992e+00 -2.177733e+00 -9.105082e-01 -3.708856e-01 -1.179479e+00 -8.233807e-01 -3.708864e-01
2454006.857661 1.996618e+00 -2.177711e+00 -9.105868e-01 -3.709006e-01 -1.179469e+00 -8.233353e-01 -3.709015e-01
2454027.751416 2.591481e+00 -2.102381e+00 -1.132158e+00 -4.124895e-01 -1.204272e+00 -7.013821e-01 -4.124886e-01
2454027.759996 2.155554e+00 -2.102346e+00 -1.132247e+00 -4.125058e-01 -1.204303e+00 -7.013386e-01 -4.125049e-01
2454027.768586 2.155607e+00 -2.102311e+00 -1.132336e+00 -4.125222e-01 -1.204335e+00 -7.012949e-01 -4.125213e-01
2454027.777206 2.363635e+00 -2.102276e+00 -1.132425e+00 -4.125386e-01 -1.204366e+00 -7.012512e-01 -4.125376e-01
2454035.725256 2.940852e+00 -2.068516e+00 -1.214096e+00 -4.273861e-01 -1.240329e+00 -6.646366e-01 -4.273845e-01
2454035.731736 2.230947e+00 -2.068488e+00 -1.214162e+00 -4.273979e-01 -1.240364e+00 -6.646101e-01 -4.273964e-01
2454035.738246 2.446276e+00 -2.068459e+00 -1.214228e+00 -4.274099e-01 -1.240399e+00 -6.645834e-01 -4.274083e-01
2454035.744746 2.446367e+00 -2.068430e+00 -1.214294e+00 -4.274218e-01 -1.240434e+00 -6.645569e-01 -4.274202e-01
2454061.698365 1.980363e+00 -1.940020e+00 -1.469643e+00 -4.720049e-01 -1.440858e+00 -6.173429e-01 -4.720016e-01
2454061.707024 1.806312e+00 -1.939973e+00 -1.469726e+00 -4.720188e-01 -1.440942e+00 -6.173503e-01 -4.720155e-01
2454061.715664 1.980798e+00 -1.939925e+00 -1.469808e+00 -4.720326e-01 -1.441026e+00 -6.173577e-01 -4.720293e-01
2454061.724303 2.172142e+00 -1.939878e+00 -1.469889e+00 -4.720464e-01 -1.441109e+00 -6.173652e-01 -4.720431e-01
2454117.651285 1.918991e+00 -1.581036e+00 -1.952344e+00 -5.469329e-01 -2.020554e+00 -1.072245e+00 -5.469284e-01
2454117.657795 1.750295e+00 -1.580989e+00 -1.952394e+00 -5.469399e-01 -2.020609e+00 -1.072346e+00 -5.469354e-01
2454117.664274 1.750449e+00 -1.580941e+00 -1.952444e+00 -5.469468e-01 -2.020663e+00 -1.072446e+00 -5.469423e-01
2454117.670774 1.596570e+00 -1.580894e+00 -1.952495e+00 -5.469538e-01 -2.020718e+00 -1.072547e+00 -5.469493e-01
2454140.570116 2.135665e+00 -1.407311e+00 -2.120212e+00 -5.690582e-01 -2.161034e+00 -1.483701e+00 -5.690544e-01
2454140.576536 1.776503e+00 -1.407260e+00 -2.120257e+00 -5.690637e-01 -2.161057e+00 -1.483830e+00 -5.690599e-01
2454140.582955 1.229132e+00 -1.407210e+00 -2.120301e+00 -5.690692e-01 -2.161079e+00 -1.483959e+00 -5.690654e-01
2454140.589385 1.948191e+00 -1.407159e+00 -2.120346e+00 -5.690747e-01 -2.161102e+00 -1.484089e+00 -5.690709e-01
2454152.607751 1.406881e+00 -1.310990e+00 -2.200981e+00 -5.786799e-01 -2.183963e+00 -1.736424e+00 -5.786767e-01
2454152.612571 1.854726e+00 -1.310951e+00 -2.201012e+00 -5.786834e-01 -2.183964e+00 -1.736529e+00 -5.786803e-01
2454152.617381 1.542773e+00 -1.310912e+00 -2.201043e+00 -5.786870e-01 -2.183965e+00 -1.736634e+00 -5.786838e-01
2454152.622200 1.854917e+00 -1.310873e+00 -2.201075e+00 -5.786906e-01 -2.183966e+00 -1.736739e+00 -5.786874e-01
2454158.582119 1.035991e+00 -1.262015e+00 -2.239138e+00 -5.829461e-01 -2.180100e+00 -1.868070e+00 -5.829433e-01
2454158.586159 8.617354e-01 -1.261982e+00 -2.239163e+00 -5.829489e-01 -2.180094e+00 -1.868160e+00 -5.829461e-01
2454158.590208 2.602506e+00 -1.261948e+00 -2.239188e+00 -5.829517e-01 -2.180087e+00 -1.868250e+00 -5.829489e-01
2454158.594248 1.136082e+00 -1.261915e+00 -2.239214e+00 -5.829545e-01 -2.180081e+00 -1.868340e+00 -5.829517e-01
2454394.922142 1.362970e+00 9.269666e-01 -2.696283e+00 -5.051661e-01 1.809818e+00 -2.236211e+00 -5.051672e-01
2454394.931733 1.133575e+00 9.270531e-01 -2.696261e+00 -5.051545e-01 1.809825e+00 -2.236044e+00 -5.051556e-01
2454394.941353 1.494220e+00 9.271399e-01 -2.696240e+00 -5.051429e-01 1.809833e+00 -2.235876e+00 -5.051440e-01
2454394.950974 1.494097e+00 9.272267e-01 -2.696218e+00 -5.051312e-01 1.809840e+00 -2.235708e+00 -5.051323e-01
2454411.917402 2.222966e+00 1.078558e+00 -2.653147e+00 -4.836945e-01 1.785396e+00 -1.958489e+00 -4.836947e-01
2454411.925563 2.027208e+00 1.078629e+00 -2.653124e+00 -4.836837e-01 1.785367e+00 -1.958366e+00 -4.836840e-01
2454411.933714 1.686026e+00 1.078701e+00 -2.653101e+00 -4.836730e-01 1.785338e+00 -1.958244e+00 -4.836733e-01
2454411.941864 2.026889e+00 1.078773e+00 -2.653078e+00 -4.836623e-01 1.785310e+00 -1.958122e+00 -4.836626e-01
2454465.817353 2.764454e+00 1.532153e+00 -2.456371e+00 -4.048861e-01 1.376229e+00 -1.485516e+00 -4.048839e-01
2454465.843295 2.763929e+00 1.532360e+00 -2.456255e+00 -4.048446e-01 1.375988e+00 -1.485472e+00 -4.048424e-01
2454465.849905 2.298824e+00 1.532412e+00 -2.456226e+00 -4.048340e-01 1.375926e+00 -1.485461e+00 -4.048318e-01
2454476.815007 2.149303e+00 1.618700e+00 -2.405549e+00 -3.869940e-01 1.276987e+00 -1.483432e+00 -3.869916e-01
2454476.823967 2.356562e+00 1.618770e+00 -2.405506e+00 -3.869792e-01 1.276909e+00 -1.483443e+00 -3.869768e-01
2454476.832877 2.356461e+00 1.618839e+00 -2.405464e+00 -3.869645e-01 1.276832e+00 -1.483455e+00 -3.869621e-01
2454476.841777 2.583697e+00 1.618908e+00 -2.405421e+00 -3.869498e-01 1.276755e+00 -1.483466e+00 -3.869474e-01
2454495.831634 2.721422e+00 1.762826e+00 -2.309603e+00 -3.547657e-01 1.133820e+00 -1.551595e+00 -3.547630e-01
2454495.839143 2.721437e+00 1.762881e+00 -2.309563e+00 -3.547527e-01 1.133774e+00 -1.551638e+00 -3.547500e-01
2454495.846653 2.721452e+00 1.762937e+00 -2.309523e+00 -3.547397e-01 1.133728e+00 -1.551681e+00 -3.547369e-01
2454495.854223 2.984029e+00 1.762993e+00 -2.309483e+00 -3.547265e-01 1.133681e+00 -1.551725e+00 -3.547238e-01
2454499.918243 2.736548e+00 1.792836e+00 -2.287684e+00 -3.476376e-01 1.110249e+00 -1.576756e+00 -3.476349e-01
2454499.922853 3.000592e+00 1.792869e+00 -2.287659e+00 -3.476296e-01 1.110224e+00 -1.576786e+00 -3.476268e-01
2454499.927403 2.736598e+00 1.792902e+00 -2.287634e+00 -3.476216e-01 1.110200e+00 -1.576816e+00 -3.476188e-01
2454499.931973 2.736622e+00 1.792936e+00 -2.287609e+00 -3.476136e-01 1.110175e+00 -1.576846e+00 -3.476108e-01
2454523.666415 1.951257e+00 1.960058e+00 -2.151527e+00 -3.049036e-01 1.043107e+00 -1.777783e+00 -3.049010e-01
2454523.673645 1.779668e+00 1.960107e+00 -2.151483e+00 -3.048902e-01 1.043107e+00 -1.777855e+00 -3.048877e-01
2454523.680835 1.951477e+00 1.960156e+00 -2.151440e+00 -3.048770e-01 1.043107e+00 -1.777927e+00 -3.048744e-01
2454523.688024 1.951587e+00 1.960205e+00 -2.151397e+00 -3.048637e-01 1.043107e+00 -1.777998e+00 -3.048611e-01
2454528.599006 2.228218e+00 1.993191e+00 -2.121420e+00 -2.957635e-01 1.046258e+00 -1.827865e+00 -2.957610e-01
2454528.606586 2.032292e+00 1.993241e+00 -2.121374e+00 -2.957494e-01 1.046268e+00 -1.827944e+00 -2.957469e-01
2454528.614195 2.032425e+00 1.993292e+00 -2.121327e+00 -2.957352e-01 1.046278e+00 -1.828022e+00 -2.957327e-01
2454528.621755 1.853715e+00 1.993342e+00 -2.121280e+00 -2.957211e-01 1.046287e+00 -1.828100e+00 -2.957186e-01
2454592.638777 1.514251e+00 2.367884e+00 -1.678376e+00 -1.703393e-01 1.665338e+00 -2.402472e+00 -1.703391e-01
2454592.639337 1.259505e+00 2.367886e+00 -1.678372e+00 -1.703381e-01 1.665347e+00 -2.402474e+00 -1.703379e-01
2454592.644816 1.259565e+00 2.367914e+00 -1.678330e+00 -1.703270e-01 1.665441e+00 -2.402498e+00 -1.703267e-01
2454592.645356 2.400063e+00 2.367916e+00 -1.678326e+00 -1.703259e-01 1.665450e+00 -2.402501e+00 -1.703256e-01
2454592.650806 9.555279e-01 2.367944e+00 -1.678285e+00 -1.703147e-01 1.665543e+00 -2.402525e+00 -1.703145e-01
2454592.651336 1.820729e+00 2.367946e+00 -1.678281e+00 -1.703137e-01 1.665552e+00 -2.402527e+00 -1.703134e-01
2454592.656836 1.660604e+00 2.367974e+00 -1.678239e+00 -1.703024e-01 1.665646e+00 -2.402551e+00 -1.703022e-01
2454592.657366 1.820824e+00 2.367976e+00 -1.678235e+00 -1.703013e-01 1.665655e+00 -2.402554e+00 -1.703011e-01
2455456.834892 2.019744e+00 -2.246655e+00 -5.847566e-01 -3.065456e-01 -1.246693e+00 -6.865558e-01 -3.065490e-01
2455456.841292 2.019674e+00 -2.246645e+00 -5.848290e-01 -3.065603e-01 -1.246673e+00 -6.865192e-01 -3.065638e-01
2455456.847782 2.019603e+00 -2.246634e+00 -5.849025e-01 -3.065753e-01 -1.246653e+00 -6.864820e-01 -3.065787e-01
2455456.854242 1.841836e+00 -2.246623e+00 -5.849757e-01 -3.065902e-01 -1.246633e+00 -6.864450e-01 -3.065935e-01
2455470.819874 2.111963e+00 -2.218413e+00 -7.417251e-01 -3.380232e-01 -1.226657e+00 -6.044249e-01 -3.380275e-01
2455470.825544 2.111949e+00 -2.218400e+00 -7.417881e-01 -3.380357e-01 -1.226659e+00 -6.043917e-01 -3.380400e-01
2455470.831225 1.926108e+00 -2.218386e+00 -7.418512e-01 -3.380482e-01 -1.226660e+00 -6.043584e-01 -3.380525e-01
2455470.836965 1.926095e+00 -2.218373e+00 -7.419150e-01 -3.380608e-01 -1.226662e+00 -6.043247e-01 -3.380651e-01
2455477.805200 2.317104e+00 -2.200642e+00 -8.189424e-01 -3.531953e-01 -1.234415e+00 -5.643214e-01 -3.532001e-01
2455477.813250 2.317129e+00 -2.200621e+00 -8.190309e-01 -3.532125e-01 -1.234430e+00 -5.642765e-01 -3.532173e-01
2455477.821300 2.540710e+00 -2.200599e+00 -8.191194e-01 -3.532298e-01 -1.234446e+00 -5.642315e-01 -3.532346e-01
2455477.829340 2.317180e+00 -2.200577e+00 -8.192078e-01 -3.532471e-01 -1.234462e+00 -5.641867e-01 -3.532518e-01
2455482.728861 2.137009e+00 -2.186689e+00 -8.728399e-01 -3.636604e-01 -1.246872e+00 -5.376380e-01 -3.636655e-01
2455482.735131 2.137052e+00 -2.186671e+00 -8.729082e-01 -3.636736e-01 -1.246892e+00 -5.376052e-01 -3.636787e-01
2455482.741421 2.137095e+00 -2.186652e+00 -8.729768e-01 -3.636868e-01 -1.246911e+00 -5.375722e-01 -3.636920e-01
2455482.747691 2.137138e+00 -2.186633e+00 -8.730451e-01 -3.637000e-01 -1.246931e+00 -5.375394e-01 -3.637052e-01
2455499.653148 2.374988e+00 -2.130004e+00 -1.054429e+00 -3.981395e-01 -1.331266e+00 -4.642305e-01 -3.981457e-01
2455499.660578 2.375148e+00 -2.129977e+00 -1.054507e+00 -3.981541e-01 -1.331317e+00 -4.642065e-01 -3.981603e-01
2455499.668038 2.166307e+00 -2.129949e+00 -1.054586e+00 -3.981688e-01 -1.331367e+00 -4.641825e-01 -3.981750e-01
2455499.675478 2.375470e+00 -2.129921e+00 -1.054664e+00 -3.981834e-01 -1.331418e+00 -4.641586e-01 -3.981896e-01
2455506.733802 2.121916e+00 -2.102411e+00 -1.128566e+00 -4.118582e-01 -1.383911e+00 -4.455692e-01 -4.118647e-01
2455506.742442 2.326857e+00 -2.102376e+00 -1.128656e+00 -4.118747e-01 -1.383981e+00 -4.455517e-01 -4.118811e-01
2455506.751082 1.935580e+00 -2.102341e+00 -1.128746e+00 -4.118911e-01 -1.384051e+00 -4.455343e-01 -4.118976e-01
2455506.759711 2.327302e+00 -2.102306e+00 -1.128835e+00 -4.119076e-01 -1.384120e+00 -4.455170e-01 -4.119141e-01
1 0.5
