2	0.5	1000	 1	period_start period_step period_end fixed/free
0.0				initial epoch
0.0				initial rotation angle      
0.1				convexity weight      
3 3				degree and order of spherical harmonics      
6				number of rows        
0.5	1			scattering parameters
0.1	1
-0.5	1     
0.1	0			LS coeff                 
50				iteration stop condidion
10				minimum number of iterations (only if the above value < 1)
5				Alamda multiplicative factor
0.1				Alamda initial value
1
106 0 0.12 2005.10-2009.8 V 703_CATALINA
2453644.864382 2.173111e+00 -2.296186e+00 -9.641953e-01 1.807662e-01 -1.305343e+00 -8.214257e-01 1.807666e-01
2453644.873772 1.807431e+00 -2.296150e+00 -9.642959e-01 1.807644e-01 -1.305333e+00 -8.213670e-01 1.807648e-01
2453644.883192 1.807348e+00 -2.296115e+00 -9.643968e-01 1.807626e-01 -1.305324e+00 -8.213081e-01 1.807631e-01
2453644.892582 1.807265e+00 -2.296079e+00 -9.644974e-01 1.807609e-01 -1.305314e+00 -8.212494e-01 1.807613e-01
2453650.804911 3.363727e+00 -2.273038e+00 -1.027493e+00 1.795788e-01 -1.303569e+00 -7.848620e-01 1.795800e-01
2453650.813151 3.067678e+00 -2.273005e+00 -1.027580e+00 1.795771e-01 -1.303573e+00 -7.848123e-01 1.795782e-01
2453650.821521 3.067600e+00 -2.272971e+00 -1.027669e+00 1.795753e-01 -1.303576e+00 -7.847618e-01 1.795765e-01
2453650.829821 2.797615e+00 -2.272938e+00 -1.027757e+00 1.795736e-01 -1.303580e+00 -7.847118e-01 1.795747e-01
2453665.843667 4.405423e+00 -2.207710e+00 -1.184584e+00 1.760403e-01 -1.336980e+00 -7.028437e-01 1.760432e-01
2453665.844727 4.017804e+00 -2.207705e+00 -1.184595e+00 1.760400e-01 -1.336985e+00 -7.028387e-01 1.760430e-01
2453665.852857 4.017877e+00 -2.207668e+00 -1.184678e+00 1.760379e-01 -1.337017e+00 -7.028005e-01 1.760408e-01
2453665.853917 3.664356e+00 -2.207663e+00 -1.184689e+00 1.760376e-01 -1.337021e+00 -7.027955e-01 1.760406e-01
2453665.862047 4.017961e+00 -2.207625e+00 -1.184773e+00 1.760355e-01 -1.337053e+00 -7.027572e-01 1.760385e-01
2453665.863117 3.664432e+00 -2.207620e+00 -1.184784e+00 1.760352e-01 -1.337057e+00 -7.027522e-01 1.760382e-01
2453665.871267 3.342064e+00 -2.207582e+00 -1.184868e+00 1.760331e-01 -1.337090e+00 -7.027139e-01 1.760360e-01
2453665.872317 3.342072e+00 -2.207577e+00 -1.184879e+00 1.760328e-01 -1.337094e+00 -7.027089e-01 1.760358e-01
2453671.762046 2.834733e+00 -2.179421e+00 -1.245067e+00 1.744423e-01 -1.364137e+00 -6.772986e-01 1.744459e-01
2453671.767396 3.108295e+00 -2.179395e+00 -1.245121e+00 1.744408e-01 -1.364165e+00 -6.772777e-01 1.744445e-01
2453671.772756 2.834866e+00 -2.179369e+00 -1.245176e+00 1.744393e-01 -1.364193e+00 -6.772568e-01 1.744430e-01
2453671.778126 2.834932e+00 -2.179343e+00 -1.245230e+00 1.744378e-01 -1.364221e+00 -6.772358e-01 1.744415e-01
2453725.634882 1.053372e+00 -1.860223e+00 -1.754359e+00 1.549057e-01 -1.847747e+00 -7.706763e-01 1.549126e-01
2453725.642391 1.388757e+00 -1.860171e+00 -1.754424e+00 1.549024e-01 -1.847827e+00 -7.707403e-01 1.549093e-01
2453725.649921 1.522898e+00 -1.860119e+00 -1.754489e+00 1.548991e-01 -1.847907e+00 -7.708046e-01 1.549060e-01
2453725.657430 1.523055e+00 -1.860068e+00 -1.754554e+00 1.548957e-01 -1.847986e+00 -7.708687e-01 1.549027e-01
2453745.648294 1.379669e+00 -1.716187e+00 -1.921844e+00 1.455480e-01 -2.047148e+00 -9.957841e-01 1.455547e-01
2453745.653684 1.147640e+00 -1.716147e+00 -1.921888e+00 1.455454e-01 -2.047196e+00 -9.958590e-01 1.455520e-01
2453745.659043 1.512990e+00 -1.716107e+00 -1.921931e+00 1.455427e-01 -2.047244e+00 -9.959335e-01 1.455493e-01
2453745.664403 1.513096e+00 -1.716066e+00 -1.921974e+00 1.455401e-01 -2.047292e+00 -9.960080e-01 1.455467e-01
2453757.610314 2.118578e+00 -1.624362e+00 -2.015681e+00 1.394699e-01 -2.143673e+00 -1.179653e+00 1.394760e-01
2453757.618164 2.118783e+00 -1.624301e+00 -2.015741e+00 1.394658e-01 -2.143728e+00 -1.179785e+00 1.394719e-01
2453757.626013 1.932541e+00 -1.624239e+00 -2.015801e+00 1.394617e-01 -2.143784e+00 -1.179917e+00 1.394678e-01
2453757.633902 1.337122e+00 -1.624177e+00 -2.015861e+00 1.394575e-01 -2.143839e+00 -1.180049e+00 1.394636e-01
2453786.585462 1.066292e+00 -1.386145e+00 -2.222397e+00 1.233821e-01 -2.252648e+00 -1.746186e+00 1.233866e-01
2453786.590292 1.169223e+00 -1.386104e+00 -2.222429e+00 1.233793e-01 -2.252648e+00 -1.746291e+00 1.233838e-01
2453786.595161 1.405784e+00 -1.386062e+00 -2.222461e+00 1.233765e-01 -2.252648e+00 -1.746397e+00 1.233809e-01
2453786.600001 1.169338e+00 -1.386020e+00 -2.222493e+00 1.233736e-01 -2.252648e+00 -1.746502e+00 1.233781e-01
2453999.964366 1.815954e+00 6.995054e-01 -2.762386e+00 -2.851352e-02 1.703023e+00 -2.793167e+00 -2.851500e-02
2453999.969067 1.510404e+00 6.995517e-01 -2.762379e+00 -2.851705e-02 1.703071e+00 -2.793080e+00 -2.851853e-02
2454009.947286 2.704717e+00 7.972571e-01 -2.745683e+00 -3.599793e-02 1.788605e+00 -2.605826e+00 -3.599854e-02
2454009.955936 1.871100e+00 7.973414e-01 -2.745667e+00 -3.600439e-02 1.788666e+00 -2.605663e+00 -3.600500e-02
2454009.964557 1.706366e+00 7.974254e-01 -2.745652e+00 -3.601084e-02 1.788727e+00 -2.605501e+00 -3.601145e-02
2454009.973228 1.870886e+00 7.975099e-01 -2.745636e+00 -3.601732e-02 1.788788e+00 -2.605338e+00 -3.601793e-02
2454024.966221 1.273995e+00 9.423856e-01 -2.714051e+00 -4.716921e-02 1.860948e+00 -2.326784e+00 -4.716853e-02
2454024.971092 6.097494e-01 9.424322e-01 -2.714040e+00 -4.717281e-02 1.860961e+00 -2.326696e+00 -4.717213e-02
2454024.976112 1.679324e+00 9.424803e-01 -2.714028e+00 -4.717653e-02 1.860974e+00 -2.326605e+00 -4.717585e-02
2454024.981142 2.427266e+00 9.425285e-01 -2.714016e+00 -4.718025e-02 1.860987e+00 -2.326513e+00 -4.717957e-02
2454054.941142 2.246125e+00 1.223756e+00 -2.628310e+00 -6.904007e-02 1.821398e+00 -1.840149e+00 -6.903712e-02
2454054.947713 2.245984e+00 1.223816e+00 -2.628288e+00 -6.904479e-02 1.821366e+00 -1.840059e+00 -6.904184e-02
2454054.954293 2.048234e+00 1.223877e+00 -2.628266e+00 -6.904951e-02 1.821335e+00 -1.839969e+00 -6.904656e-02
2454054.960774 1.867896e+00 1.223936e+00 -2.628244e+00 -6.905417e-02 1.821304e+00 -1.839881e+00 -6.905122e-02
2454096.823788 2.211001e+00 1.594024e+00 -2.460976e+00 -9.829479e-02 1.502945e+00 -1.481769e+00 -9.829024e-02
2454096.833378 2.210843e+00 1.594106e+00 -2.460932e+00 -9.830128e-02 1.502859e+00 -1.481740e+00 -9.829672e-02
2454096.842959 2.423968e+00 1.594187e+00 -2.460888e+00 -9.830776e-02 1.502774e+00 -1.481712e+00 -9.830320e-02
2454096.852569 2.210527e+00 1.594268e+00 -2.460843e+00 -9.831426e-02 1.502688e+00 -1.481683e+00 -9.830970e-02
2454109.779596 3.233891e+00 1.702227e+00 -2.398717e+00 -1.069600e-01 1.389906e+00 -1.466265e+00 -1.069554e-01
2454109.787686 2.689730e+00 1.702293e+00 -2.398677e+00 -1.069653e-01 1.389838e+00 -1.466269e+00 -1.069607e-01
2454109.795796 3.233641e+00 1.702360e+00 -2.398636e+00 -1.069707e-01 1.389771e+00 -1.466274e+00 -1.069661e-01
2454109.803896 1.860695e+00 1.702427e+00 -2.398596e+00 -1.069760e-01 1.389703e+00 -1.466278e+00 -1.069714e-01
2454110.822537 1.168480e+00 1.710796e+00 -2.393499e+00 -1.076487e-01 1.381222e+00 -1.466971e+00 -1.076441e-01
2454110.830207 1.404774e+00 1.710859e+00 -2.393461e+00 -1.076537e-01 1.381159e+00 -1.466977e+00 -1.076492e-01
2454110.837947 1.540250e+00 1.710922e+00 -2.393422e+00 -1.076588e-01 1.381095e+00 -1.466983e+00 -1.076543e-01
2454110.845677 1.851723e+00 1.710986e+00 -2.393383e+00 -1.076639e-01 1.381031e+00 -1.466990e+00 -1.076594e-01
2454116.799162 1.811036e+00 1.759480e+00 -2.363021e+00 -1.115689e-01 1.333366e+00 -1.476416e+00 -1.115644e-01
2454116.805693 1.373785e+00 1.759533e+00 -2.362987e+00 -1.115732e-01 1.333316e+00 -1.476431e+00 -1.115687e-01
2454116.812223 1.373759e+00 1.759586e+00 -2.362953e+00 -1.115774e-01 1.333265e+00 -1.476447e+00 -1.115729e-01
2454116.818783 1.373733e+00 1.759639e+00 -2.362919e+00 -1.115817e-01 1.333215e+00 -1.476462e+00 -1.115772e-01
2454138.698589 3.168857e+00 1.931538e+00 -2.243146e+00 -1.255292e-01 1.199516e+00 -1.582262e+00 -1.255253e-01
2454138.705129 3.474664e+00 1.931588e+00 -2.243109e+00 -1.255332e-01 1.199489e+00 -1.582308e+00 -1.255294e-01
2454138.711669 3.169005e+00 1.931637e+00 -2.243071e+00 -1.255373e-01 1.199461e+00 -1.582355e+00 -1.255334e-01
2454138.718219 3.474827e+00 1.931687e+00 -2.243033e+00 -1.255414e-01 1.199434e+00 -1.582401e+00 -1.255375e-01
2454156.619856 1.064378e+00 2.064539e+00 -2.135902e+00 -1.364472e-01 1.160190e+00 -1.733632e+00 -1.364443e-01
2454156.630465 1.279772e+00 2.064615e+00 -2.135836e+00 -1.364536e-01 1.160190e+00 -1.733734e+00 -1.364507e-01
2454156.639405 1.538734e+00 2.064680e+00 -2.135781e+00 -1.364589e-01 1.160189e+00 -1.733820e+00 -1.364560e-01
2454156.648384 2.028593e+00 2.064745e+00 -2.135725e+00 -1.364643e-01 1.160189e+00 -1.733906e+00 -1.364613e-01
2454201.613137 1.546356e+00 2.364748e+00 -1.833732e+00 -1.616140e-01 1.427741e+00 -2.188674e+00 -1.616144e-01
2454201.622317 1.695718e+00 2.364804e+00 -1.833666e+00 -1.616187e-01 1.427850e+00 -2.188756e+00 -1.616192e-01
2454201.631516 1.695889e+00 2.364860e+00 -1.833599e+00 -1.616235e-01 1.427960e+00 -2.188838e+00 -1.616240e-01
2454201.640715 2.039113e+00 2.364916e+00 -1.833533e+00 -1.616283e-01 1.428069e+00 -2.188921e+00 -1.616288e-01
2454231.640077 6.976615e-01 2.536158e+00 -1.608886e+00 -1.764382e-01 1.886791e+00 -2.382293e+00 -1.764408e-01
2454231.646517 1.212470e+00 2.536192e+00 -1.608836e+00 -1.764412e-01 1.886908e+00 -2.382315e+00 -1.764438e-01
2454231.652916 1.105852e+00 2.536226e+00 -1.608786e+00 -1.764442e-01 1.887025e+00 -2.382336e+00 -1.764468e-01
2454231.659346 1.105919e+00 2.536260e+00 -1.608736e+00 -1.764472e-01 1.887142e+00 -2.382358e+00 -1.764498e-01
2454503.980565 1.254166e+00 2.849861e+00 8.349795e-01 -2.212325e-01 2.117502e+00 1.495472e+00 -2.212297e-01
2454503.988135 2.179301e+00 2.849837e+00 8.350473e-01 -2.212312e-01 2.117389e+00 1.495443e+00 -2.212285e-01
2454503.995746 1.987372e+00 2.849812e+00 8.351156e-01 -2.212300e-01 2.117275e+00 1.495413e+00 -2.212273e-01
2454504.003297 3.149500e+00 2.849788e+00 8.351832e-01 -2.212288e-01 2.117161e+00 1.495384e+00 -2.212261e-01
2454580.849719 4.192439e+00 2.511339e+00 1.488334e+00 -2.014931e-01 1.681548e+00 9.197705e-01 -2.014924e-01
2454580.856669 3.823542e+00 2.511301e+00 1.488389e+00 -2.014906e-01 1.681575e+00 9.197265e-01 -2.014899e-01
2454580.863649 4.192427e+00 2.511262e+00 1.488444e+00 -2.014882e-01 1.681602e+00 9.196824e-01 -2.014875e-01
2454580.870679 3.823531e+00 2.511222e+00 1.488500e+00 -2.014857e-01 1.681629e+00 9.196379e-01 -2.014850e-01
2454597.774762 1.730995e+00 2.412699e+00 1.619938e+00 -1.952309e-01 1.774717e+00 8.368080e-01 -1.952309e-01
2454597.781971 1.898058e+00 2.412655e+00 1.619993e+00 -1.952281e-01 1.774767e+00 8.367841e-01 -1.952281e-01
2454597.789191 2.282039e+00 2.412612e+00 1.620048e+00 -1.952253e-01 1.774818e+00 8.367602e-01 -1.952253e-01
2454597.796391 2.081309e+00 2.412568e+00 1.620103e+00 -1.952225e-01 1.774868e+00 8.367363e-01 -1.952225e-01
2455039.826011 2.873041e+00 -1.705416e+00 1.803567e+00 1.123417e-01 -1.133250e+00 9.645914e-01 1.123415e-01
2455039.833801 3.454009e+00 -1.705477e+00 1.803502e+00 1.123468e-01 -1.133202e+00 9.646020e-01 1.123467e-01
2455039.841721 3.149959e+00 -1.705539e+00 1.803437e+00 1.123520e-01 -1.133154e+00 9.646129e-01 1.123519e-01
2455039.849571 3.149826e+00 -1.705601e+00 1.803372e+00 1.123572e-01 -1.133106e+00 9.646237e-01 1.123571e-01
2455060.772594 1.745140e+00 -1.862208e+00 1.623109e+00 1.256752e-01 -1.039380e+00 1.033286e+00 1.256739e-01
2455060.779514 1.591607e+00 -1.862257e+00 1.623047e+00 1.256794e-01 -1.039362e+00 1.033320e+00 1.256781e-01
2455060.786534 1.451582e+00 -1.862307e+00 1.622984e+00 1.256838e-01 -1.039343e+00 1.033355e+00 1.256825e-01
2455060.793584 1.913584e+00 -1.862357e+00 1.622921e+00 1.256881e-01 -1.039325e+00 1.033390e+00 1.256868e-01
2455072.737305 1.386717e+00 -1.944695e+00 1.513700e+00 1.328154e-01 -1.022857e+00 1.101307e+00 1.328134e-01
2455072.743615 1.386768e+00 -1.944737e+00 1.513641e+00 1.328190e-01 -1.022856e+00 1.101347e+00 1.328171e-01
2455072.750015 1.520616e+00 -1.944780e+00 1.513582e+00 1.328228e-01 -1.022856e+00 1.101387e+00 1.328208e-01
2455072.756375 1.264840e+00 -1.944822e+00 1.513522e+00 1.328265e-01 -1.022856e+00 1.101427e+00 1.328245e-01
1 0.5
