2	0.5	1000	 1	period_start period_step period_end fixed/free
0.0				initial epoch
0.0				initial rotation angle      
0.1				convexity weight      
3 3				degree and order of spherical harmonics      
6				number of rows        
0.5	1			scattering parameters
0.1	1
-0.5	1     
0.1	0			LS coeff                 
50				iteration stop condidion
10				minimum number of iterations (only if the above value < 1)
5				Alamda multiplicative factor
0.1				Alamda initial value
1
101 0 0.12 2005.9-2009.12 V 703_CATALINA
2453627.878468 1.833471e+00 -2.395929e+00 -9.072085e-01 6.304074e-01 -1.400965e+00 -1.054565e+00 6.304057e-01
2453627.887759 1.672030e+00 -2.395901e+00 -9.073011e-01 6.304188e-01 -1.400916e+00 -1.054500e+00 6.304171e-01
2453627.896799 1.833221e+00 -2.395873e+00 -9.073912e-01 6.304298e-01 -1.400867e+00 -1.054437e+00 6.304281e-01
2453627.906000 1.671803e+00 -2.395844e+00 -9.074829e-01 6.304411e-01 -1.400818e+00 -1.054372e+00 6.304394e-01
2453651.833513 1.948525e+00 -2.310689e+00 -1.141475e+00 6.567296e-01 -1.345956e+00 -8.817819e-01 6.567309e-01
2453651.839953 1.948496e+00 -2.310663e+00 -1.141537e+00 6.567359e-01 -1.345961e+00 -8.817370e-01 6.567372e-01
2453651.846333 1.948467e+00 -2.310637e+00 -1.141598e+00 6.567421e-01 -1.345966e+00 -8.816925e-01 6.567434e-01
2453651.852753 1.620641e+00 -2.310612e+00 -1.141660e+00 6.567484e-01 -1.345971e+00 -8.816478e-01 6.567496e-01
2453677.776332 2.025066e+00 -2.194905e+00 -1.383526e+00 6.785530e-01 -1.444780e+00 -7.344831e-01 6.785573e-01
2453677.782732 1.846945e+00 -2.194874e+00 -1.383584e+00 6.785576e-01 -1.444823e+00 -7.344583e-01 6.785618e-01
2453677.789141 2.025203e+00 -2.194842e+00 -1.383642e+00 6.785621e-01 -1.444865e+00 -7.344335e-01 6.785663e-01
2453704.721371 2.110972e+00 -2.050695e+00 -1.619796e+00 6.938072e-01 -1.681620e+00 -7.052537e-01 6.938135e-01
2453704.729941 1.925407e+00 -2.050645e+00 -1.619868e+00 6.938108e-01 -1.681710e+00 -7.052716e-01 6.938171e-01
2453704.738530 1.925584e+00 -2.050596e+00 -1.619941e+00 6.938145e-01 -1.681799e+00 -7.052895e-01 6.938208e-01
2453704.747170 2.111557e+00 -2.050546e+00 -1.620014e+00 6.938182e-01 -1.681890e+00 -7.053075e-01 6.938245e-01
2453733.594749 1.179171e+00 -1.871494e+00 -1.853407e+00 7.017915e-01 -1.997846e+00 -8.781745e-01 7.017984e-01
2453733.604128 1.179304e+00 -1.871432e+00 -1.853480e+00 7.017927e-01 -1.997946e+00 -8.782682e-01 7.017996e-01
2453733.613358 1.417994e+00 -1.871371e+00 -1.853551e+00 7.017939e-01 -1.998045e+00 -8.783604e-01 7.018008e-01
2453733.622547 1.075777e+00 -1.871310e+00 -1.853622e+00 7.017950e-01 -1.998144e+00 -8.784522e-01 7.018020e-01
2453742.603639 2.081542e+00 -1.810785e+00 -1.921783e+00 7.025268e-01 -2.091113e+00 -9.792434e-01 7.025335e-01
2453742.612099 1.440219e+00 -1.810727e+00 -1.921846e+00 7.025271e-01 -2.091197e+00 -9.793486e-01 7.025338e-01
2453742.620588 1.440364e+00 -1.810668e+00 -1.921909e+00 7.025274e-01 -2.091281e+00 -9.794542e-01 7.025341e-01
2453742.629047 1.579486e+00 -1.810610e+00 -1.921972e+00 7.025277e-01 -2.091365e+00 -9.795594e-01 7.025344e-01
2453742.673834 1.899966e+00 -1.810303e+00 -1.922307e+00 7.025292e-01 -2.091809e+00 -9.801169e-01 7.025360e-01
2453742.682143 1.314584e+00 -1.810246e+00 -1.922369e+00 7.025295e-01 -2.091891e+00 -9.802204e-01 7.025363e-01
2453742.690463 1.580634e+00 -1.810189e+00 -1.922431e+00 7.025298e-01 -2.091973e+00 -9.803240e-01 7.025366e-01
2453742.698762 2.083885e+00 -1.810132e+00 -1.922493e+00 7.025301e-01 -2.092056e+00 -9.804274e-01 7.025368e-01
2453763.583877 1.825433e+00 -1.661287e+00 -2.072147e+00 7.010436e-01 -2.266534e+00 -1.295253e+00 7.010494e-01
2453763.591947 1.518460e+00 -1.661228e+00 -2.072202e+00 7.010422e-01 -2.266586e+00 -1.295394e+00 7.010480e-01
2453763.600056 2.001893e+00 -1.661168e+00 -2.072258e+00 7.010407e-01 -2.266639e+00 -1.295536e+00 7.010466e-01
2453763.608125 1.518722e+00 -1.661108e+00 -2.072313e+00 7.010393e-01 -2.266691e+00 -1.295677e+00 7.010451e-01
2454027.915776 1.741509e+00 7.308709e-01 -2.704335e+00 3.528315e-01 1.627708e+00 -2.271022e+00 3.528324e-01
2454027.925007 2.093563e+00 7.309562e-01 -2.704313e+00 3.528110e-01 1.627721e+00 -2.270858e+00 3.528119e-01
2454027.934247 1.741192e+00 7.310416e-01 -2.704292e+00 3.527905e-01 1.627735e+00 -2.270694e+00 3.527914e-01
2454027.943508 2.295129e+00 7.311272e-01 -2.704270e+00 3.527699e-01 1.627749e+00 -2.270530e+00 3.527708e-01
2454093.810220 2.122694e+00 1.313121e+00 -2.474774e+00 1.979399e-01 1.274614e+00 -1.491955e+00 1.979444e-01
2454093.816730 2.122563e+00 1.313175e+00 -2.474744e+00 1.979239e-01 1.274554e+00 -1.491930e+00 1.979284e-01
2454093.823291 2.122432e+00 1.313230e+00 -2.474714e+00 1.979077e-01 1.274494e+00 -1.491905e+00 1.979123e-01
2454093.829801 1.935562e+00 1.313284e+00 -2.474684e+00 1.978917e-01 1.274435e+00 -1.491880e+00 1.978962e-01
2454108.929996 2.485024e+00 1.437209e+00 -2.401409e+00 1.604587e-01 1.139021e+00 -1.464364e+00 1.604633e-01
2454108.935426 2.987559e+00 1.437253e+00 -2.401381e+00 1.604452e-01 1.138975e+00 -1.464365e+00 1.604498e-01
2454108.940886 3.275685e+00 1.437297e+00 -2.401353e+00 1.604315e-01 1.138928e+00 -1.464366e+00 1.604361e-01
2454108.946356 2.724508e+00 1.437341e+00 -2.401325e+00 1.604179e-01 1.138881e+00 -1.464367e+00 1.604225e-01
2454124.820084 3.720518e+00 1.562861e+00 -2.316361e+00 1.205381e-01 1.014795e+00 -1.498696e+00 1.205424e-01
2454124.825974 3.393132e+00 1.562906e+00 -2.316328e+00 1.205232e-01 1.014755e+00 -1.498720e+00 1.205276e-01
2454124.831884 3.094553e+00 1.562952e+00 -2.316295e+00 1.205083e-01 1.014715e+00 -1.498744e+00 1.205126e-01
2454124.837814 3.094534e+00 1.562998e+00 -2.316262e+00 1.204933e-01 1.014674e+00 -1.498768e+00 1.204976e-01
2454139.694997 2.629105e+00 1.675653e+00 -2.229578e+00 8.279330e-02 9.319778e-01 -1.581583e+00 8.279713e-02
2454139.703606 2.397850e+00 1.675717e+00 -2.229526e+00 8.277137e-02 9.319419e-01 -1.581643e+00 8.277520e-02
2454139.712196 1.994510e+00 1.675781e+00 -2.229474e+00 8.274949e-02 9.319062e-01 -1.581703e+00 8.275332e-02
2454139.720796 2.398006e+00 1.675845e+00 -2.229422e+00 8.272759e-02 9.318704e-01 -1.581763e+00 8.273142e-02
2454201.609901 1.368789e+00 2.086778e+00 -1.798920e+00 -7.569794e-02 1.149752e+00 -2.153810e+00 -7.569837e-02
2454201.619061 1.645799e+00 2.086831e+00 -1.798849e+00 -7.572129e-02 1.149858e+00 -2.153886e+00 -7.572173e-02
2454201.628250 1.369043e+00 2.086884e+00 -1.798777e+00 -7.574472e-02 1.149965e+00 -2.153963e+00 -7.574516e-02
2454201.637439 1.038622e+00 2.086938e+00 -1.798705e+00 -7.576815e-02 1.150072e+00 -2.154040e+00 -7.576859e-02
2454476.975977 2.050372e+00 2.283589e+00 8.837952e-01 -6.045311e-01 1.939235e+00 1.804936e+00 -6.045287e-01
2454476.982898 1.705307e+00 2.283554e+00 8.838628e-01 -6.045367e-01 1.939087e+00 1.804961e+00 -6.045343e-01
2454476.988418 1.705213e+00 2.283527e+00 8.839166e-01 -6.045412e-01 1.938969e+00 1.804982e+00 -6.045388e-01
2454504.018182 2.008551e+00 2.133403e+00 1.141047e+00 -6.224552e-01 1.400600e+00 1.801056e+00 -6.224525e-01
2454504.024263 2.008406e+00 2.133365e+00 1.141103e+00 -6.224583e-01 1.400491e+00 1.801034e+00 -6.224556e-01
2454504.030353 1.831556e+00 2.133328e+00 1.141159e+00 -6.224614e-01 1.400382e+00 1.801012e+00 -6.224586e-01
2454504.036434 2.201855e+00 2.133291e+00 1.141216e+00 -6.224644e-01 1.400273e+00 1.800990e+00 -6.224617e-01
2454530.923841 1.434540e+00 1.954627e+00 1.381288e+00 -6.317230e-01 9.959784e-01 1.636259e+00 -6.317205e-01
2454530.934062 1.724469e+00 1.954554e+00 1.381376e+00 -6.317248e-01 9.958571e-01 1.636177e+00 -6.317224e-01
2454530.954504 1.307797e+00 1.954407e+00 1.381551e+00 -6.317285e-01 9.956145e-01 1.636011e+00 -6.317261e-01
2454555.917533 1.654269e+00 1.763815e+00 1.587068e+00 -6.323532e-01 7.800269e-01 1.414184e+00 -6.323515e-01
2454555.924614 1.508582e+00 1.763758e+00 1.587123e+00 -6.323523e-01 7.799887e-01 1.414119e+00 -6.323506e-01
2454555.931684 1.508453e+00 1.763701e+00 1.587179e+00 -6.323514e-01 7.799506e-01 1.414054e+00 -6.323497e-01
2454555.938785 1.508324e+00 1.763644e+00 1.587235e+00 -6.323504e-01 7.799124e-01 1.413989e+00 -6.323487e-01
2454572.948862 2.173542e+00 1.621066e+00 1.716124e+00 -6.282719e-01 7.244201e-01 1.265021e+00 -6.282709e-01
2454572.955263 2.173408e+00 1.621011e+00 1.716171e+00 -6.282697e-01 7.244123e-01 1.264969e+00 -6.282686e-01
2454572.961713 2.612848e+00 1.620955e+00 1.716218e+00 -6.282674e-01 7.244045e-01 1.264916e+00 -6.282664e-01
2454572.968133 2.173138e+00 1.620899e+00 1.716264e+00 -6.282652e-01 7.243967e-01 1.264864e+00 -6.282642e-01
2454584.879536 2.366411e+00 1.515342e+00 1.800566e+00 -6.232114e-01 7.255333e-01 1.175937e+00 -6.232108e-01
2454584.889726 2.366246e+00 1.515250e+00 1.800635e+00 -6.232062e-01 7.255470e-01 1.175869e+00 -6.232057e-01
2454584.899936 2.366081e+00 1.515158e+00 1.800706e+00 -6.232011e-01 7.255607e-01 1.175800e+00 -6.232006e-01
2454584.910127 2.365916e+00 1.515065e+00 1.800775e+00 -6.231960e-01 7.255744e-01 1.175732e+00 -6.231955e-01
2454591.830406 2.491004e+00 1.451695e+00 1.847355e+00 -6.194249e-01 7.394612e-01 1.133064e+00 -6.194247e-01
2454591.838456 2.271734e+00 1.451621e+00 1.847408e+00 -6.194202e-01 7.394824e-01 1.133018e+00 -6.194199e-01
2454591.846526 2.271645e+00 1.451546e+00 1.847461e+00 -6.194154e-01 7.395038e-01 1.132973e+00 -6.194152e-01
2454591.854586 2.271556e+00 1.451471e+00 1.847514e+00 -6.194107e-01 7.395251e-01 1.132928e+00 -6.194104e-01
2454600.800218 2.647666e+00 1.367427e+00 1.905008e+00 -6.136260e-01 7.697713e-01 1.089851e+00 -6.136261e-01
2454600.806748 2.647630e+00 1.367365e+00 1.905049e+00 -6.136214e-01 7.697979e-01 1.089825e+00 -6.136215e-01
2454600.813278 2.202174e+00 1.367303e+00 1.905090e+00 -6.136168e-01 7.698245e-01 1.089799e+00 -6.136170e-01
2454600.819758 2.414604e+00 1.367241e+00 1.905130e+00 -6.136122e-01 7.698508e-01 1.089773e+00 -6.136124e-01
2455091.840535 1.944672e+00 -2.513876e+00 -2.181867e-01 5.276575e-01 -1.513544e+00 -3.155027e-01 5.276547e-01
2455091.847545 1.944645e+00 -2.513873e+00 -2.182609e-01 5.276706e-01 -1.513532e+00 -3.154573e-01 5.276678e-01
2455091.854525 2.132230e+00 -2.513871e+00 -2.183348e-01 5.276837e-01 -1.513520e+00 -3.154121e-01 5.276809e-01
2455091.861595 1.944590e+00 -2.513868e+00 -2.184096e-01 5.276969e-01 -1.513508e+00 -3.153664e-01 5.276941e-01
2455098.845680 3.061643e+00 -2.510394e+00 -2.922624e-01 5.405310e-01 -1.507533e+00 -2.696624e-01 5.405279e-01
2455098.853050 3.357028e+00 -2.510389e+00 -2.923402e-01 5.405443e-01 -1.507533e+00 -2.696140e-01 5.405412e-01
2455098.860500 3.357032e+00 -2.510384e+00 -2.924189e-01 5.405577e-01 -1.507533e+00 -2.695650e-01 5.405547e-01
2455098.867910 3.061653e+00 -2.510379e+00 -2.924971e-01 5.405711e-01 -1.507533e+00 -2.695162e-01 5.405680e-01
2455119.727670 2.276220e+00 -2.487569e+00 -5.113640e-01 5.761775e-01 -1.562132e+00 -1.400183e-01 5.761738e-01
2455119.736219 2.276348e+00 -2.487556e+00 -5.114530e-01 5.761912e-01 -1.562177e+00 -1.399714e-01 5.761876e-01
2455119.744639 2.276475e+00 -2.487543e+00 -5.115407e-01 5.762047e-01 -1.562220e+00 -1.399252e-01 5.762011e-01
2455119.753149 2.276603e+00 -2.487530e+00 -5.116293e-01 5.762184e-01 -1.562264e+00 -1.398785e-01 5.762148e-01
2455182.571209 9.650263e-01 -2.312169e+00 -1.142418e+00 6.575676e-01 -2.228213e+00 -1.619059e-01 6.575649e-01
2455182.575758 9.650809e-01 -2.312151e+00 -1.142462e+00 6.575721e-01 -2.228274e+00 -1.619431e-01 6.575693e-01
2455182.580348 8.802147e-01 -2.312132e+00 -1.142505e+00 6.575766e-01 -2.228336e+00 -1.619806e-01 6.575738e-01
2455182.584878 8.028103e-01 -2.312114e+00 -1.142549e+00 6.575810e-01 -2.228397e+00 -1.620176e-01 6.575782e-01
1 0.5
