2	0.5	1000	 1	period_start period_step period_end fixed/free
0.0				initial epoch
0.0				initial rotation angle      
0.1				convexity weight      
3 3				degree and order of spherical harmonics      
6				number of rows        
0.5	1			scattering parameters
0.1	1
-0.5	1     
0.1	0			LS coeff                 
50				iteration stop condidion
10				minimum number of iterations (only if the above value < 1)
5				Alamda multiplicative factor
0.1				Alamda initial value
1
115 0 0.12 2005.9-2008.7 V 703_CATALINA
2453626.917051 6.435742e+00 -2.248657e+00 -1.875666e+00 1.167910e+00 -1.255980e+00 -2.039303e+00 1.167908e+00
2453626.926842 5.352598e+00 -2.248603e+00 -1.875744e+00 1.167901e+00 -1.255902e+00 -2.039215e+00 1.167899e+00
2453626.936533 4.881248e+00 -2.248550e+00 -1.875821e+00 1.167892e+00 -1.255824e+00 -2.039128e+00 1.167890e+00
2453626.946283 4.059728e+00 -2.248496e+00 -1.875898e+00 1.167882e+00 -1.255746e+00 -2.039041e+00 1.167880e+00
2453673.859774 5.315124e+00 -1.968684e+00 -2.227899e+00 1.111218e+00 -1.175149e+00 -1.631031e+00 1.111222e+00
2453673.866274 5.827819e+00 -1.968642e+00 -2.227945e+00 1.111209e+00 -1.175176e+00 -1.630988e+00 1.111212e+00
2453673.872814 6.389969e+00 -1.968600e+00 -2.227991e+00 1.111199e+00 -1.175204e+00 -1.630945e+00 1.111203e+00
2453673.879354 7.006348e+00 -1.968558e+00 -2.228037e+00 1.111190e+00 -1.175231e+00 -1.630901e+00 1.111193e+00
2453680.796230 7.586602e+00 -1.923746e+00 -2.276241e+00 1.100877e+00 -1.209484e+00 -1.589017e+00 1.100882e+00
2453680.804260 7.586538e+00 -1.923693e+00 -2.276297e+00 1.100865e+00 -1.209529e+00 -1.588973e+00 1.100870e+00
2453680.812390 7.586473e+00 -1.923640e+00 -2.276353e+00 1.100853e+00 -1.209576e+00 -1.588929e+00 1.100857e+00
2453680.820450 7.586410e+00 -1.923587e+00 -2.276409e+00 1.100840e+00 -1.209621e+00 -1.588885e+00 1.100845e+00
2453704.793791 8.668183e+00 -1.761836e+00 -2.435579e+00 1.061371e+00 -1.393937e+00 -1.520576e+00 1.061377e+00
2453704.803101 7.905804e+00 -1.761771e+00 -2.435639e+00 1.061355e+00 -1.394024e+00 -1.520577e+00 1.061361e+00
2453704.812561 7.906134e+00 -1.761706e+00 -2.435699e+00 1.061338e+00 -1.394112e+00 -1.520577e+00 1.061344e+00
2453704.821890 7.906460e+00 -1.761641e+00 -2.435759e+00 1.061322e+00 -1.394198e+00 -1.520577e+00 1.061328e+00
2453710.760600 6.775368e+00 -1.720101e+00 -2.473237e+00 1.050671e+00 -1.450964e+00 -1.525412e+00 1.050677e+00
2453710.767680 7.429342e+00 -1.720051e+00 -2.473282e+00 1.050658e+00 -1.451034e+00 -1.525424e+00 1.050664e+00
2453710.774750 6.775905e+00 -1.720001e+00 -2.473326e+00 1.050645e+00 -1.451103e+00 -1.525435e+00 1.050651e+00
2453710.781890 7.429934e+00 -1.719951e+00 -2.473370e+00 1.050632e+00 -1.451173e+00 -1.525446e+00 1.050638e+00
2453710.807299 6.180829e+00 -1.719772e+00 -2.473529e+00 1.050585e+00 -1.451422e+00 -1.525488e+00 1.050592e+00
2453710.814548 5.637213e+00 -1.719721e+00 -2.473574e+00 1.050572e+00 -1.451493e+00 -1.525499e+00 1.050579e+00
2453710.821778 6.181331e+00 -1.719670e+00 -2.473619e+00 1.050559e+00 -1.451563e+00 -1.525511e+00 1.050566e+00
2453710.829188 6.777976e+00 -1.719618e+00 -2.473666e+00 1.050546e+00 -1.451636e+00 -1.525523e+00 1.050552e+00
2453741.634776 4.131153e+00 -1.495586e+00 -2.655054e+00 9.899593e-01 -1.759626e+00 -1.707839e+00 9.899661e-01
2453741.641655 4.967059e+00 -1.495534e+00 -2.655092e+00 9.899448e-01 -1.759690e+00 -1.707910e+00 9.899516e-01
2453741.648595 4.967382e+00 -1.495482e+00 -2.655131e+00 9.899302e-01 -1.759755e+00 -1.707980e+00 9.899370e-01
2453741.668004 5.973193e+00 -1.495337e+00 -2.655238e+00 9.898893e-01 -1.759937e+00 -1.708179e+00 9.898961e-01
2453741.674943 5.973582e+00 -1.495285e+00 -2.655276e+00 9.898747e-01 -1.760002e+00 -1.708250e+00 9.898814e-01
2453741.681923 5.973973e+00 -1.495232e+00 -2.655315e+00 9.898600e-01 -1.760067e+00 -1.708321e+00 9.898667e-01
2453741.688872 4.969258e+00 -1.495180e+00 -2.655353e+00 9.898453e-01 -1.760132e+00 -1.708392e+00 9.898521e-01
2453763.610280 4.661187e+00 -1.327841e+00 -2.770678e+00 9.415372e-01 -1.933454e+00 -1.994065e+00 9.415430e-01
2453763.618350 5.111291e+00 -1.327779e+00 -2.770719e+00 9.415186e-01 -1.933503e+00 -1.994192e+00 9.415244e-01
2453763.626419 6.145607e+00 -1.327716e+00 -2.770759e+00 9.415001e-01 -1.933552e+00 -1.994318e+00 9.415059e-01
2453798.619771 6.411735e+00 -1.049130e+00 -2.930099e+00 8.561273e-01 -1.998875e+00 -2.645261e+00 8.561308e-01
2453798.625871 6.412056e+00 -1.049081e+00 -2.930124e+00 8.561116e-01 -1.998857e+00 -2.645387e+00 8.561151e-01
2453999.959964 4.805401e+00 6.743403e-01 -3.214135e+00 2.216328e-01 1.677857e+00 -3.244992e+00 2.216313e-01
2453999.964675 4.805249e+00 6.743803e-01 -3.214129e+00 2.216162e-01 1.677898e+00 -3.244905e+00 2.216147e-01
2453999.969375 5.268685e+00 6.744201e-01 -3.214123e+00 2.215995e-01 1.677939e+00 -3.244819e+00 2.215981e-01
2453999.974065 5.268518e+00 6.744599e-01 -3.214117e+00 2.215830e-01 1.677980e+00 -3.244732e+00 2.215815e-01
2454009.943584 5.381381e+00 7.587423e-01 -3.199674e+00 1.862619e-01 1.750100e+00 -3.059879e+00 1.862613e-01
2454009.952205 4.907561e+00 7.588149e-01 -3.199660e+00 1.862313e-01 1.750150e+00 -3.059719e+00 1.862307e-01
2454009.960846 5.899804e+00 7.588877e-01 -3.199647e+00 1.862006e-01 1.750199e+00 -3.059559e+00 1.862000e-01
2454009.969496 4.475169e+00 7.589605e-01 -3.199633e+00 1.861699e-01 1.750249e+00 -3.059398e+00 1.861693e-01
2454024.962631 4.771726e+00 8.845074e-01 -3.172952e+00 1.327723e-01 1.803095e+00 -2.785742e+00 1.327730e-01
2454024.967501 3.968784e+00 8.845479e-01 -3.172942e+00 1.327550e-01 1.803102e+00 -2.785655e+00 1.327556e-01
2454024.977522 4.771122e+00 8.846313e-01 -3.172923e+00 1.327192e-01 1.803115e+00 -2.785477e+00 1.327199e-01
2454066.795880 5.121029e+00 1.225408e+00 -3.067607e+00 -1.720292e-02 1.645575e+00 -2.174774e+00 -1.719931e-02
2454066.806981 5.120494e+00 1.225496e+00 -3.067573e+00 -1.724278e-02 1.645487e+00 -2.174660e+00 -1.723917e-02
2454066.818042 6.155546e+00 1.225584e+00 -3.067539e+00 -1.728249e-02 1.645400e+00 -2.174546e+00 -1.727888e-02
2454066.829102 5.119426e+00 1.225672e+00 -3.067506e+00 -1.732221e-02 1.645312e+00 -2.174432e+00 -1.731860e-02
2454081.913576 4.474702e+00 1.344523e+00 -3.018597e+00 -7.145454e-02 1.513192e+00 -2.048595e+00 -7.145031e-02
2454081.920196 6.467561e+00 1.344575e+00 -3.018575e+00 -7.147827e-02 1.513130e+00 -2.048553e+00 -7.147405e-02
2454081.926836 6.467207e+00 1.344627e+00 -3.018552e+00 -7.150208e-02 1.513067e+00 -2.048511e+00 -7.149785e-02
2454081.933397 5.897845e+00 1.344678e+00 -3.018529e+00 -7.152560e-02 1.513005e+00 -2.048470e+00 -7.152137e-02
2454108.787800 1.049771e+01 1.549911e+00 -2.917595e+00 -1.674986e-01 1.254095e+00 -1.979802e+00 -1.674940e-01
2454108.794231 9.573837e+00 1.549959e+00 -2.917569e+00 -1.675214e-01 1.254036e+00 -1.979810e+00 -1.675168e-01
2454108.800681 1.262052e+01 1.550007e+00 -2.917542e+00 -1.675444e-01 1.253976e+00 -1.979817e+00 -1.675398e-01
2454108.807151 1.049709e+01 1.550056e+00 -2.917516e+00 -1.675674e-01 1.253917e+00 -1.979825e+00 -1.675628e-01
2454138.665141 8.171496e+00 1.767463e+00 -2.785127e+00 -2.730916e-01 1.035836e+00 -2.123813e+00 -2.730878e-01
2454138.671671 8.171746e+00 1.767509e+00 -2.785096e+00 -2.731145e-01 1.035805e+00 -2.123866e+00 -2.731106e-01
2454138.678201 8.171995e+00 1.767555e+00 -2.785064e+00 -2.731374e-01 1.035774e+00 -2.123918e+00 -2.731335e-01
2454138.684721 7.453171e+00 1.767601e+00 -2.785033e+00 -2.731602e-01 1.035743e+00 -2.123971e+00 -2.731564e-01
2454147.665961 7.149665e+00 1.830549e+00 -2.741196e+00 -3.045475e-01 1.002113e+00 -2.203097e+00 -3.045441e-01
2454147.671900 8.596123e+00 1.830590e+00 -2.741167e+00 -3.045682e-01 1.002097e+00 -2.203153e+00 -3.045648e-01
2454147.677850 7.840057e+00 1.830632e+00 -2.741137e+00 -3.045889e-01 1.002081e+00 -2.203210e+00 -3.045855e-01
2454147.683770 7.840359e+00 1.830673e+00 -2.741108e+00 -3.046096e-01 1.002065e+00 -2.203266e+00 -3.046061e-01
2454236.619827 5.105183e+00 2.382721e+00 -2.214815e+00 -6.013601e-01 1.799807e+00 -3.040819e+00 -6.013630e-01
2454236.626337 6.138063e+00 2.382756e+00 -2.214771e+00 -6.013806e-01 1.799932e+00 -3.040840e+00 -6.013835e-01
2454236.632826 5.105656e+00 2.382791e+00 -2.214727e+00 -6.014011e-01 1.800056e+00 -3.040860e+00 -6.014040e-01
2454244.626788 5.913043e+00 2.425368e+00 -2.159876e+00 -6.264484e-01 1.957763e+00 -3.058025e+00 -6.264517e-01
2454244.630837 3.402692e+00 2.425389e+00 -2.159848e+00 -6.264610e-01 1.957845e+00 -3.058029e+00 -6.264643e-01
2454480.943079 4.876832e+00 3.032456e+00 -1.659115e-01 -1.167153e+00 2.623952e+00 7.288392e-01 -1.167150e+00
2454480.950250 3.699210e+00 3.032454e+00 -1.658448e-01 -1.167162e+00 2.623835e+00 7.288542e-01 -1.167159e+00
2454480.957380 3.698965e+00 3.032451e+00 -1.657785e-01 -1.167171e+00 2.623719e+00 7.288691e-01 -1.167168e+00
2454480.964531 3.373273e+00 3.032449e+00 -1.657120e-01 -1.167180e+00 2.623603e+00 7.288840e-01 -1.167177e+00
2454507.918122 6.053090e+00 3.013330e+00 8.522563e-02 -1.197672e+00 2.236283e+00 6.936213e-01 -1.197669e+00
2454507.926672 6.052651e+00 3.013321e+00 8.530523e-02 -1.197680e+00 2.236181e+00 6.935845e-01 -1.197677e+00
2454507.935203 5.519684e+00 3.013312e+00 8.538464e-02 -1.197689e+00 2.236079e+00 6.935478e-01 -1.197686e+00
2454507.943683 5.519288e+00 3.013303e+00 8.546359e-02 -1.197697e+00 2.235978e+00 6.935113e-01 -1.197694e+00
2454514.880606 6.269465e+00 3.005308e+00 1.500267e-01 -1.204332e+00 2.158430e+00 6.593631e-01 -1.204330e+00
2454514.887187 6.269140e+00 3.005300e+00 1.500879e-01 -1.204339e+00 2.158362e+00 6.593268e-01 -1.204336e+00
2454514.900327 5.213906e+00 3.005283e+00 1.502101e-01 -1.204351e+00 2.158225e+00 6.592545e-01 -1.204348e+00
2454528.864860 5.683746e+00 2.985369e+00 2.799561e-01 -1.216173e+00 2.037018e+00 5.691222e-01 -1.216171e+00
2454528.871490 5.683518e+00 2.985358e+00 2.800176e-01 -1.216178e+00 2.036972e+00 5.690742e-01 -1.216176e+00
2454528.878120 5.683291e+00 2.985348e+00 2.800791e-01 -1.216183e+00 2.036926e+00 5.690262e-01 -1.216181e+00
2454528.884761 5.183015e+00 2.985337e+00 2.801407e-01 -1.216188e+00 2.036880e+00 5.689781e-01 -1.216186e+00
2454537.886936 7.144028e+00 2.969798e+00 3.635369e-01 -1.222711e+00 1.985507e+00 5.007061e-01 -1.222709e+00
2454537.896056 5.941903e+00 2.969781e+00 3.636212e-01 -1.222717e+00 1.985466e+00 5.006344e-01 -1.222715e+00
2454537.901907 5.418938e+00 2.969771e+00 3.636754e-01 -1.222721e+00 1.985440e+00 5.005885e-01 -1.222719e+00
2454537.908647 4.941982e+00 2.969758e+00 3.637377e-01 -1.222726e+00 1.985409e+00 5.005356e-01 -1.222723e+00
2454557.885968 6.201885e+00 2.927737e+00 5.478006e-01 -1.234084e+00 1.949822e+00 3.415412e-01 -1.234083e+00
2454557.894618 6.800209e+00 2.927717e+00 5.478799e-01 -1.234088e+00 1.949830e+00 3.414744e-01 -1.234086e+00
2454557.903438 6.201846e+00 2.927696e+00 5.479608e-01 -1.234092e+00 1.949838e+00 3.414062e-01 -1.234091e+00
2454557.912068 6.201827e+00 2.927676e+00 5.480399e-01 -1.234096e+00 1.949846e+00 3.413395e-01 -1.234095e+00
2454570.681221 6.279529e+00 2.895399e+00 6.647153e-01 -1.239078e+00 1.982535e+00 2.489397e-01 -1.239077e+00
2454570.687721 6.279622e+00 2.895381e+00 6.647744e-01 -1.239081e+00 1.982562e+00 2.488967e-01 -1.239079e+00
2454570.694171 6.279714e+00 2.895364e+00 6.648331e-01 -1.239083e+00 1.982588e+00 2.488540e-01 -1.239082e+00
2454570.700661 5.223316e+00 2.895346e+00 6.648922e-01 -1.239085e+00 1.982615e+00 2.488111e-01 -1.239084e+00
2454583.787375 5.465631e+00 2.857915e+00 7.834639e-01 -1.242328e+00 2.056894e+00 1.737503e-01 -1.242327e+00
2454583.794715 4.546267e+00 2.857893e+00 7.835301e-01 -1.242329e+00 2.056946e+00 1.737156e-01 -1.242328e+00
2454583.802104 5.465999e+00 2.857870e+00 7.835968e-01 -1.242330e+00 2.056999e+00 1.736806e-01 -1.242330e+00
2454583.809394 5.466181e+00 2.857848e+00 7.836625e-01 -1.242331e+00 2.057051e+00 1.736461e-01 -1.242331e+00
2454589.701057 5.629621e+00 2.839565e+00 8.366662e-01 -1.243172e+00 2.102458e+00 1.488396e-01 -1.243171e+00
2454589.709666 5.629883e+00 2.839538e+00 8.367434e-01 -1.243173e+00 2.102530e+00 1.488081e-01 -1.243172e+00
2454589.718266 6.173332e+00 2.839510e+00 8.368206e-01 -1.243173e+00 2.102601e+00 1.487765e-01 -1.243173e+00
2454589.726996 6.173624e+00 2.839483e+00 8.368990e-01 -1.243174e+00 2.102673e+00 1.487446e-01 -1.243174e+00
2454625.737844 5.491084e+00 2.708711e+00 1.154569e+00 -1.239876e+00 2.492375e+00 1.628108e-01 -1.239877e+00
2454625.745013 6.021191e+00 2.708682e+00 1.154631e+00 -1.239874e+00 2.492464e+00 1.628461e-01 -1.239875e+00
2454625.752153 4.165879e+00 2.708653e+00 1.154693e+00 -1.239871e+00 2.492553e+00 1.628812e-01 -1.239873e+00
2454625.759403 4.568054e+00 2.708623e+00 1.154756e+00 -1.239869e+00 2.492643e+00 1.629169e-01 -1.239870e+00
2454649.686027 4.171719e+00 2.604033e+00 1.358546e+00 -1.229615e+00 2.790226e+00 3.590300e-01 -1.229617e+00
2454649.691486 5.015716e+00 2.604007e+00 1.358591e+00 -1.229612e+00 2.790292e+00 3.590926e-01 -1.229613e+00
2454649.696946 4.172061e+00 2.603982e+00 1.358637e+00 -1.229608e+00 2.790357e+00 3.591552e-01 -1.229610e+00
2454649.702466 5.016130e+00 2.603956e+00 1.358683e+00 -1.229605e+00 2.790423e+00 3.592185e-01 -1.229607e+00
1 0.5
