2	0.5	1000	 1	period_start period_step period_end fixed/free
0.0				initial epoch
0.0				initial rotation angle      
0.1				convexity weight      
3 3				degree and order of spherical harmonics      
6				number of rows        
0.5	1			scattering parameters
0.1	1
-0.5	1     
0.1	0			LS coeff                 
50				iteration stop condidion
10				minimum number of iterations (only if the above value < 1)
5				Alamda multiplicative factor
0.1				Alamda initial value
2
33 0   0.016   2009-12-18.6   R   Higgins
2455184.021685  1.114982e+00     0.56237379  -1.69896714   0.37782928    0.62103318  -0.71674049   0.37782228
2455184.025088  1.198030e+00     0.56241364  -1.69894543   0.37784437    0.62101364  -0.71671550   0.37783737
2455184.028538  1.140953e+00     0.56245404  -1.69892341   0.37785967    0.62099384  -0.71669018   0.37785267
2455184.040401  1.033874e+00     0.56259298  -1.69884769   0.37791228    0.62092572  -0.71660311   0.37790528
2455184.043793  9.046233e-01     0.56263271  -1.69882604   0.37792733    0.62090624  -0.71657822   0.37792033
2455184.047242  8.799696e-01     0.56267310  -1.69880402   0.37794262    0.62088643  -0.71655291   0.37793562
2455184.059534  8.380457e-01     0.56281705  -1.69872555   0.37799713    0.62081584  -0.71646275   0.37799013
2455184.062960  8.631131e-01     0.56285718  -1.69870368   0.37801232    0.62079617  -0.71643762   0.37800533
2455184.066363  8.520552e-01     0.56289703  -1.69868195   0.37802742    0.62077662  -0.71641267   0.37802042
2455184.078945  1.021569e+00     0.56304437  -1.69860161   0.37808321    0.62070435  -0.71632043   0.37807621
2455184.082336  1.066762e+00     0.56308408  -1.69857995   0.37809824    0.62068487  -0.71629558   0.37809124
2455184.085750  1.143057e+00     0.56312407  -1.69855814   0.37811338    0.62066526  -0.71627056   0.37810638
2455184.098250  1.227065e+00     0.56327045  -1.69847830   0.37816881    0.62059345  -0.71617897   0.37816181
2455184.101653  1.218057e+00     0.56331030  -1.69845656   0.37818390    0.62057390  -0.71615404   0.37817690
2455184.105057  1.142004e+00     0.56335015  -1.69843482   0.37819898    0.62055435  -0.71612912   0.37819199
2455184.117441  8.897494e-01     0.56349517  -1.69835570   0.37825389    0.62048319  -0.71603843   0.37824690
2455184.120844  8.311276e-01     0.56353502  -1.69833395   0.37826898    0.62046364  -0.71601352   0.37826198
2455184.124247  7.671279e-01     0.56357487  -1.69831221   0.37828407    0.62044408  -0.71598861   0.37827707
2455184.136956  8.174623e-01     0.56372367  -1.69823099   0.37834041    0.62037105  -0.71589561   0.37833341
2455184.140336  9.239910e-01     0.56376325  -1.69820939   0.37835539    0.62035163  -0.71587088   0.37834839
2455184.143750  1.009410e+00     0.56380323  -1.69818757   0.37837052    0.62033201  -0.71584590   0.37836353
2455184.156124  1.384419e+00     0.56394811  -1.69810848   0.37842537    0.62026089  -0.71575541   0.37841838
2455184.175649  1.177247e+00     0.56417672  -1.69798364   0.37851192    0.62014866  -0.71561267   0.37850493
2455184.179053  1.074652e+00     0.56421656  -1.69796188   0.37852701    0.62012910  -0.71558780   0.37852001
2455184.182456  1.046328e+00     0.56425641  -1.69794012   0.37854209    0.62010953  -0.71556293   0.37853510
2455184.194956  8.032815e-01     0.56440276  -1.69786017   0.37859749    0.62003767  -0.71547162   0.37859050
2455184.198347  7.973843e-01     0.56444246  -1.69783848   0.37861252    0.62001817  -0.71544685   0.37860553
2455184.201751  7.893466e-01     0.56448230  -1.69781672   0.37862761    0.61999860  -0.71542200   0.37862061
2455184.214135  8.520552e-01     0.56462729  -1.69773749   0.37868249    0.61992740  -0.71533158   0.37867550
2455184.217526  9.104744e-01     0.56466699  -1.69771580   0.37869752    0.61990790  -0.71530683   0.37869053
2455184.220929  9.702144e-01     0.56470683  -1.69769403   0.37871260    0.61988833  -0.71528199   0.37870561
2455184.233708  1.163236e+00     0.56485642  -1.69761226   0.37876923    0.61981484  -0.71518875   0.37876224
2455184.237099  1.148333e+00     0.56489612  -1.69759056   0.37878426    0.61979534  -0.71516401   0.37877727
82 0 0.12 2005.11-2009.12 V 703_CATALINA
2453684.721849 2.512144e+00 -1.521390e+00 -1.610286e+00 -5.122573e-01 -8.566907e-01 -8.762899e-01 -5.122524e-01
2453684.722399 2.291093e+00 -1.521385e+00 -1.610289e+00 -5.122550e-01 -8.566930e-01 -8.762868e-01 -5.122501e-01
2453684.728359 2.754394e+00 -1.521331e+00 -1.610325e+00 -5.122294e-01 -8.567171e-01 -8.762538e-01 -5.122245e-01
2453684.728899 2.512029e+00 -1.521327e+00 -1.610328e+00 -5.122271e-01 -8.567193e-01 -8.762508e-01 -5.122222e-01
2453684.734879 3.020005e+00 -1.521273e+00 -1.610364e+00 -5.122014e-01 -8.567436e-01 -8.762177e-01 -5.121965e-01
2453684.735409 2.754269e+00 -1.521268e+00 -1.610367e+00 -5.121992e-01 -8.567458e-01 -8.762148e-01 -5.121942e-01
2453684.741389 3.019878e+00 -1.521214e+00 -1.610402e+00 -5.121735e-01 -8.567700e-01 -8.761817e-01 -5.121686e-01
2453684.741939 3.019867e+00 -1.521210e+00 -1.610406e+00 -5.121712e-01 -8.567723e-01 -8.761786e-01 -5.121662e-01
2453686.735497 2.263190e+00 -1.503239e+00 -1.622179e+00 -5.035936e-01 -8.651884e-01 -8.655148e-01 -5.035885e-01
2453686.743917 2.720823e+00 -1.503163e+00 -1.622228e+00 -5.035573e-01 -8.652253e-01 -8.654713e-01 -5.035522e-01
2453686.751407 2.720707e+00 -1.503095e+00 -1.622272e+00 -5.035250e-01 -8.652581e-01 -8.654327e-01 -5.035199e-01
2453686.758667 3.932456e+00 -1.503029e+00 -1.622315e+00 -5.034936e-01 -8.652900e-01 -8.653953e-01 -5.034885e-01
2453694.736897 2.887139e+00 -1.429596e+00 -1.667765e+00 -4.686611e-01 -9.049085e-01 -8.305494e-01 -4.686554e-01
2453694.746397 2.633040e+00 -1.429507e+00 -1.667817e+00 -4.686192e-01 -9.049608e-01 -8.305157e-01 -4.686135e-01
2453694.755997 2.401303e+00 -1.429417e+00 -1.667870e+00 -4.685768e-01 -9.050136e-01 -8.304817e-01 -4.685711e-01
2453708.797044 2.194831e+00 -1.294435e+00 -1.741016e+00 -4.054025e-01 -9.924176e-01 -8.028572e-01 -4.053960e-01
2453708.804724 2.406633e+00 -1.294359e+00 -1.741054e+00 -4.053674e-01 -9.924698e-01 -8.028547e-01 -4.053609e-01
2453708.812394 2.638874e+00 -1.294284e+00 -1.741091e+00 -4.053322e-01 -9.925218e-01 -8.028522e-01 -4.053257e-01
2453708.820074 2.638928e+00 -1.294208e+00 -1.741129e+00 -4.052970e-01 -9.925740e-01 -8.028498e-01 -4.052906e-01
2453727.624865 2.204879e+00 -1.102497e+00 -1.824110e+00 -3.172877e-01 -1.124813e+00 -8.407260e-01 -3.172807e-01
2453727.631314 2.204979e+00 -1.102429e+00 -1.824135e+00 -3.172569e-01 -1.124858e+00 -8.407543e-01 -3.172499e-01
2453727.637764 2.205080e+00 -1.102362e+00 -1.824161e+00 -3.172261e-01 -1.124903e+00 -8.407825e-01 -3.172191e-01
2453727.644174 2.205181e+00 -1.102294e+00 -1.824186e+00 -3.171955e-01 -1.124947e+00 -8.408106e-01 -3.171885e-01
2453733.631220 1.595649e+00 -1.038781e+00 -1.846697e+00 -2.884468e-01 -1.165765e+00 -8.715475e-01 -2.884399e-01
2453733.637599 1.595729e+00 -1.038713e+00 -1.846720e+00 -2.884160e-01 -1.165808e+00 -8.715850e-01 -2.884091e-01
2453733.644079 1.749771e+00 -1.038644e+00 -1.846743e+00 -2.883848e-01 -1.165851e+00 -8.716232e-01 -2.883778e-01
2453733.650479 1.595890e+00 -1.038575e+00 -1.846766e+00 -2.883539e-01 -1.165893e+00 -8.716608e-01 -2.883469e-01
2453740.590454 1.540086e+00 -9.635438e-01 -1.870341e+00 -2.546388e-01 -1.209941e+00 -9.183961e-01 -2.546320e-01
2453740.596854 1.404650e+00 -9.634739e-01 -1.870362e+00 -2.546075e-01 -1.209980e+00 -9.184446e-01 -2.546007e-01
2453740.603233 1.168399e+00 -9.634042e-01 -1.870382e+00 -2.545764e-01 -1.210018e+00 -9.184929e-01 -2.545695e-01
2453740.609603 1.281192e+00 -9.633347e-01 -1.870402e+00 -2.545452e-01 -1.210056e+00 -9.185412e-01 -2.545384e-01
2453762.608008 2.234041e+00 -7.163325e-01 -1.926085e+00 -1.453554e-01 -1.307973e+00 -1.138925e+00 -1.453495e-01
2453762.616227 2.037609e+00 -7.162378e-01 -1.926100e+00 -1.453141e-01 -1.307994e+00 -1.139026e+00 -1.453082e-01
2453762.624307 2.234345e+00 -7.161447e-01 -1.926115e+00 -1.452734e-01 -1.308014e+00 -1.139125e+00 -1.452675e-01
2453762.632426 2.037884e+00 -7.160512e-01 -1.926129e+00 -1.452326e-01 -1.308035e+00 -1.139224e+00 -1.452267e-01
2453786.594813 1.693296e+00 -4.338351e-01 -1.950756e+00 -2.367445e-02 -1.300419e+00 -1.474686e+00 -2.366999e-02
2453786.599673 1.856723e+00 -4.337768e-01 -1.950756e+00 -2.364966e-02 -1.300402e+00 -1.474760e+00 -2.364520e-02
2453786.604512 1.856785e+00 -4.337187e-01 -1.950757e+00 -2.362498e-02 -1.300385e+00 -1.474835e+00 -2.362052e-02
2454600.919187 1.951825e+00 -2.088154e+00 1.754912e+00 -1.028568e+00 -2.684191e+00 9.385392e-01 -1.028568e+00
2454600.925077 2.346496e+00 -2.088183e+00 1.754871e+00 -1.028577e+00 -2.684140e+00 9.384377e-01 -1.028578e+00
2454600.931038 1.623299e+00 -2.088213e+00 1.754829e+00 -1.028587e+00 -2.684089e+00 9.383351e-01 -1.028587e+00
2454600.936998 1.623219e+00 -2.088243e+00 1.754787e+00 -1.028596e+00 -2.684038e+00 9.382325e-01 -1.028596e+00
2454601.934150 1.609850e+00 -2.093257e+00 1.747784e+00 -1.030144e+00 -2.675389e+00 9.211702e-01 -1.030144e+00
2454601.942931 2.122041e+00 -2.093301e+00 1.747722e+00 -1.030158e+00 -2.675312e+00 9.210209e-01 -1.030158e+00
2454601.951701 1.609615e+00 -2.093345e+00 1.747661e+00 -1.030171e+00 -2.675235e+00 9.208718e-01 -1.030172e+00
2454601.960472 7.703540e-01 -2.093389e+00 1.747599e+00 -1.030185e+00 -2.675158e+00 9.207227e-01 -1.030185e+00
2454644.832294 1.704372e+00 -2.284610e+00 1.427948e+00 -1.084909e+00 -2.179678e+00 4.167823e-01 -1.084911e+00
2454644.832855 1.868797e+00 -2.284612e+00 1.427944e+00 -1.084909e+00 -2.179671e+00 4.167789e-01 -1.084911e+00
2454644.838255 1.417551e+00 -2.284633e+00 1.427902e+00 -1.084915e+00 -2.179601e+00 4.167457e-01 -1.084917e+00
2454644.838815 1.704261e+00 -2.284635e+00 1.427897e+00 -1.084915e+00 -2.179594e+00 4.167423e-01 -1.084917e+00
2454644.844275 2.246530e+00 -2.284656e+00 1.427854e+00 -1.084921e+00 -2.179523e+00 4.167088e-01 -1.084923e+00
2454644.844835 1.704158e+00 -2.284659e+00 1.427850e+00 -1.084921e+00 -2.179516e+00 4.167053e-01 -1.084923e+00
2454644.850826 2.246383e+00 -2.284682e+00 1.427803e+00 -1.084927e+00 -2.179438e+00 4.166686e-01 -1.084929e+00
2454676.747217 2.189954e+00 -2.394287e+00 1.169058e+00 -1.110085e+00 -1.792180e+00 3.515583e-01 -1.110088e+00
2454676.753677 2.632764e+00 -2.394306e+00 1.169004e+00 -1.110089e+00 -1.792112e+00 3.515698e-01 -1.110092e+00
2454676.760188 2.400980e+00 -2.394325e+00 1.168949e+00 -1.110093e+00 -1.792043e+00 3.515815e-01 -1.110095e+00
2454676.766628 2.400853e+00 -2.394345e+00 1.168896e+00 -1.110096e+00 -1.791974e+00 3.515930e-01 -1.110099e+00
2454731.754187 2.026686e+00 -2.511825e+00 6.902733e-01 -1.120513e+00 -1.508226e+00 6.813102e-01 -1.120515e+00
2454731.762307 2.222270e+00 -2.511836e+00 6.902002e-01 -1.120511e+00 -1.508237e+00 6.813763e-01 -1.120514e+00
2454731.770666 2.026783e+00 -2.511846e+00 6.901249e-01 -1.120509e+00 -1.508249e+00 6.814443e-01 -1.120512e+00
2454731.777916 2.222371e+00 -2.511856e+00 6.900597e-01 -1.120508e+00 -1.508259e+00 6.815033e-01 -1.120510e+00
2454737.651799 1.431186e+00 -2.518739e+00 6.370303e-01 -1.119065e+00 -1.520998e+00 7.290206e-01 -1.119067e+00
2454737.659069 2.727150e+00 -2.518747e+00 6.369645e-01 -1.119062e+00 -1.521020e+00 7.290789e-01 -1.119065e+00
2454737.666329 2.268411e+00 -2.518755e+00 6.368988e-01 -1.119060e+00 -1.521041e+00 7.291371e-01 -1.119063e+00
2454746.647538 2.367812e+00 -2.527074e+00 5.552693e-01 -1.115874e+00 -1.557880e+00 7.990845e-01 -1.115876e+00
2454746.660908 3.422779e+00 -2.527085e+00 5.551473e-01 -1.115868e+00 -1.557950e+00 7.991847e-01 -1.115870e+00
2454765.657397 2.679274e+00 -2.535738e+00 3.806426e-01 -1.105188e+00 -1.701871e+00 9.217295e-01 -1.105190e+00
2454765.665937 2.443678e+00 -2.535739e+00 3.805637e-01 -1.105182e+00 -1.701955e+00 9.217733e-01 -1.105184e+00
2454765.674406 1.690716e+00 -2.535740e+00 3.804854e-01 -1.105176e+00 -1.702038e+00 9.218167e-01 -1.105178e+00
2455126.941065 9.045097e-01 -1.316420e-01 -1.928686e+00 1.028113e-01 7.384984e-01 -1.445817e+00 1.028075e-01
2455126.947276 7.522538e-01 -1.315657e-01 -1.928676e+00 1.028428e-01 7.385212e-01 -1.445713e+00 1.028390e-01
2455126.953366 9.915541e-01 -1.314908e-01 -1.928666e+00 1.028736e-01 7.385435e-01 -1.445611e+00 1.028699e-01
2455126.959497 1.087096e+00 -1.314154e-01 -1.928655e+00 1.029047e-01 7.385659e-01 -1.445509e+00 1.029009e-01
2455151.918953 1.708260e+00 1.757881e-01 -1.861149e+00 2.274517e-01 7.564007e-01 -1.060648e+00 2.274480e-01
2455151.930793 1.295554e+00 1.759334e-01 -1.861105e+00 2.275096e-01 7.563778e-01 -1.060485e+00 2.275059e-01
2455151.942534 8.961029e-01 1.760774e-01 -1.861062e+00 2.275670e-01 7.563550e-01 -1.060324e+00 2.275633e-01
2455151.954125 9.823389e-01 1.762196e-01 -1.861018e+00 2.276237e-01 7.563325e-01 -1.060165e+00 2.276200e-01
2455180.954735 1.456354e+00 5.263231e-01 -1.718154e+00 3.641410e-01 6.384021e-01 -7.403071e-01 3.641381e-01
2455180.961686 1.211207e+00 5.264051e-01 -1.718111e+00 3.641722e-01 6.383633e-01 -7.402513e-01 3.641693e-01
2455180.968616 1.104511e+00 5.264868e-01 -1.718069e+00 3.642033e-01 6.383247e-01 -7.401958e-01 3.642005e-01
2455180.975656 1.210936e+00 5.265698e-01 -1.718026e+00 3.642349e-01 6.382854e-01 -7.401393e-01 3.642321e-01
2455180.982567 1.596147e+00 5.266513e-01 -1.717983e+00 3.642659e-01 6.382468e-01 -7.400839e-01 3.642631e-01
1 1
2 0.15
