2	0.5	1000	 1	period_start period_step period_end fixed/free
0.0				initial epoch
0.0				initial rotation angle      
0.1				convexity weight      
3 3				degree and order of spherical harmonics      
6				number of rows        
0.5	1			scattering parameters
0.1	1
-0.5	1     
0.1	0			LS coeff                 
50				iteration stop condidion
10				minimum number of iterations (only if the above value < 1)
5				Alamda multiplicative factor
0.1				Alamda initial value
2
56 0   0.009   2006-03-04.2   R   Warner
2453798.573519  9.992786e-01     2.21852463  -1.35559432  -1.10741408    1.26902102  -1.06999638  -1.10741191
2453798.578720  9.983584e-01     2.21855668  -1.35554874  -1.10740697    1.26902585  -1.07003682  -1.10740480
2453798.583993  9.983584e-01     2.21858918  -1.35550252  -1.10739976    1.26903075  -1.07007782  -1.10739758
2453798.589281  1.007596e+00     2.21862177  -1.35545617  -1.10739252    1.26903568  -1.07011893  -1.10739035
2453798.594543  1.005742e+00     2.21865420  -1.35541005  -1.10738532    1.26904059  -1.07015985  -1.10738315
2453798.599807  9.892057e-01     2.21868664  -1.35536391  -1.10737812    1.26904551  -1.07020079  -1.10737595
2453798.605049  1.001121e+00     2.21871895  -1.35531796  -1.10737095    1.26905041  -1.07024156  -1.10736878
2453798.610312  1.007596e+00     2.21875138  -1.35527183  -1.10736375    1.26905535  -1.07028249  -1.10736158
2453798.615557  1.002044e+00     2.21878370  -1.35522586  -1.10735657    1.26906027  -1.07032329  -1.10735440
2453798.620848  9.937716e-01     2.21881630  -1.35517948  -1.10734933    1.26906524  -1.07036444  -1.10734716
2453798.630014  1.007596e+00     2.21887278  -1.35509914  -1.10733679    1.26907387  -1.07043574  -1.10733462
2453798.635277  9.855681e-01     2.21890521  -1.35505301  -1.10732959    1.26907884  -1.07047668  -1.10732742
2453798.640540  9.864762e-01     2.21893764  -1.35500687  -1.10732238    1.26908381  -1.07051762  -1.10732021
2453798.645807  9.956039e-01     2.21897009  -1.35496070  -1.10731517    1.26908880  -1.07055859  -1.10731300
2453798.651047  9.974392e-01     2.21900238  -1.35491476  -1.10730800    1.26909376  -1.07059937  -1.10730583
2453798.656286  1.001121e+00     2.21903466  -1.35486884  -1.10730083    1.26909874  -1.07064013  -1.10729866
2453798.661549  9.910296e-01     2.21906708  -1.35482270  -1.10729362    1.26910374  -1.07068108  -1.10729145
2453798.666838  1.017857e+00     2.21909966  -1.35477634  -1.10728638    1.26910877  -1.07072223  -1.10728421
2453798.672119  9.992786e-01     2.21913220  -1.35473005  -1.10727915    1.26911381  -1.07076333  -1.10727698
2453798.677370  1.004816e+00     2.21916454  -1.35468402  -1.10727196    1.26911882  -1.07080419  -1.10726979
2453798.686406  1.002967e+00     2.21922021  -1.35460480  -1.10725959    1.26912746  -1.07087451  -1.10725742
2453798.691675  1.002967e+00     2.21925267  -1.35455860  -1.10725237    1.26913251  -1.07091552  -1.10725020
2453798.696922  9.846604e-01     2.21928499  -1.35451261  -1.10724519    1.26913755  -1.07095636  -1.10724302
2453798.702168  9.910296e-01     2.21931730  -1.35446662  -1.10723800    1.26914259  -1.07099720  -1.10723583
2453798.707429  1.000199e+00     2.21934971  -1.35442049  -1.10723080    1.26914765  -1.07103815  -1.10722863
2453798.712669  1.000199e+00     2.21938198  -1.35437456  -1.10722362    1.26915270  -1.07107894  -1.10722145
2453798.717927  9.837543e-01     2.21941437  -1.35432846  -1.10721642    1.26915777  -1.07111987  -1.10721425
2453798.723175  1.000199e+00     2.21944669  -1.35428245  -1.10720923    1.26916284  -1.07116072  -1.10720706
2453798.728452  1.002967e+00     2.21947919  -1.35423619  -1.10720200    1.26916795  -1.07120180  -1.10719983
2453798.733694  1.011315e+00     2.21951148  -1.35419022  -1.10719482    1.26917303  -1.07124262  -1.10719265
2453798.742299  9.901169e-01     2.21956448  -1.35411478  -1.10718303    1.26918139  -1.07130962  -1.10718086
2453798.747563  9.965211e-01     2.21959689  -1.35406863  -1.10717582    1.26918651  -1.07135061  -1.10717365
2453798.752886  9.974392e-01     2.21962967  -1.35402196  -1.10716852    1.26919169  -1.07139206  -1.10716635
2453798.758141  1.008525e+00     2.21966203  -1.35397588  -1.10716132    1.26919682  -1.07143298  -1.10715915
2453798.763370  9.983584e-01     2.21969423  -1.35393004  -1.10715415    1.26920193  -1.07147371  -1.10715199
2453798.768603  1.003891e+00     2.21972646  -1.35388415  -1.10714698    1.26920705  -1.07151446  -1.10714481
2453798.773866  9.956039e-01     2.21975886  -1.35383801  -1.10713977    1.26921220  -1.07155545  -1.10713760
2453798.779073  9.873849e-01     2.21979093  -1.35379234  -1.10713263    1.26921731  -1.07159601  -1.10713046
2453798.784371  9.882951e-01     2.21982355  -1.35374589  -1.10712537    1.26922251  -1.07163728  -1.10712320
2453798.789621  9.983584e-01     2.21985588  -1.35369986  -1.10711817    1.26922768  -1.07167818  -1.10711600
2453798.798642  9.974392e-01     2.21991142  -1.35362076  -1.10710581    1.26923657  -1.07174845  -1.10710364
2453798.803911  1.006668e+00     2.21994386  -1.35357456  -1.10709858    1.26924177  -1.07178950  -1.10709641
2453798.809163  9.974392e-01     2.21997619  -1.35352851  -1.10709138    1.26924696  -1.07183041  -1.10708921
2453798.814463  1.007596e+00     2.22000882  -1.35348203  -1.10708411    1.26925221  -1.07187171  -1.10708195
2453798.819704  9.901169e-01     2.22004109  -1.35343607  -1.10707693    1.26925741  -1.07191255  -1.10707476
2453798.824939  1.004816e+00     2.22007332  -1.35339016  -1.10706975    1.26926260  -1.07195334  -1.10706758
2453798.830196  1.015048e+00     2.22010568  -1.35334406  -1.10706254    1.26926783  -1.07199430  -1.10706037
2453798.835441  1.002967e+00     2.22013796  -1.35329807  -1.10705534    1.26927305  -1.07203518  -1.10705318
2453798.840679  9.992786e-01     2.22017021  -1.35325214  -1.10704816    1.26927827  -1.07207599  -1.10704599
2453798.845923  1.006668e+00     2.22020249  -1.35320615  -1.10704097    1.26928351  -1.07211686  -1.10703880
2453798.855294  9.983584e-01     2.22026017  -1.35312398  -1.10702811    1.26929288  -1.07218990  -1.10702594
2453798.860553  1.006668e+00     2.22029254  -1.35307786  -1.10702090    1.26929815  -1.07223089  -1.10701873
2453798.865804  9.983584e-01     2.22032486  -1.35303180  -1.10701369    1.26930342  -1.07227182  -1.10701153
2453798.871043  1.015048e+00     2.22035711  -1.35298586  -1.10700651    1.26930868  -1.07231266  -1.10700434
2453798.876344  1.013180e+00     2.22038973  -1.35293937  -1.10699923    1.26931402  -1.07235399  -1.10699706
2453798.886888  1.005742e+00     2.22045462  -1.35284690  -1.10698476    1.26932465  -1.07243618  -1.10698260
56 0 0.12 2005.11-2009.11 V 703_CATALINA
2453687.923570 2.165437e+01 1.378990e+00 -2.192397e+00 -1.167081e+00 2.000945e+00 -1.422796e+00 -1.167076e+00
2453687.929991 2.165308e+01 1.379046e+00 -2.192358e+00 -1.167083e+00 2.000914e+00 -1.422687e+00 -1.167078e+00
2453687.936451 2.165177e+01 1.379103e+00 -2.192318e+00 -1.167085e+00 2.000882e+00 -1.422578e+00 -1.167080e+00
2453687.942892 2.165048e+01 1.379160e+00 -2.192278e+00 -1.167087e+00 2.000851e+00 -1.422469e+00 -1.167082e+00
2453711.922314 2.269698e+01 1.584821e+00 -2.036444e+00 -1.169905e+00 1.834350e+00 -1.083432e+00 -1.169899e+00
2453711.930434 2.269520e+01 1.584888e+00 -2.036389e+00 -1.169905e+00 1.834280e+00 -1.083341e+00 -1.169898e+00
2453711.938645 2.269341e+01 1.584957e+00 -2.036333e+00 -1.169904e+00 1.834210e+00 -1.083250e+00 -1.169898e+00
2453711.946915 2.269160e+01 1.585026e+00 -2.036276e+00 -1.169904e+00 1.834139e+00 -1.083158e+00 -1.169897e+00
2453734.901600 2.421354e+01 1.770805e+00 -1.872810e+00 -1.164399e+00 1.621827e+00 -9.008087e-01 -1.164392e+00
2453734.910391 2.421173e+01 1.770874e+00 -1.872745e+00 -1.164396e+00 1.621744e+00 -9.007671e-01 -1.164389e+00
2453734.919311 2.420990e+01 1.770944e+00 -1.872679e+00 -1.164392e+00 1.621659e+00 -9.007248e-01 -1.164385e+00
2453734.928402 2.420803e+01 1.771015e+00 -1.872612e+00 -1.164388e+00 1.621573e+00 -9.006818e-01 -1.164381e+00
2453741.949833 2.507109e+01 1.825460e+00 -1.819977e+00 -1.161098e+00 1.556114e+00 -8.742526e-01 -1.161091e+00
2453741.959573 2.506920e+01 1.825535e+00 -1.819903e+00 -1.161093e+00 1.556025e+00 -8.742252e-01 -1.161086e+00
2453741.969334 2.506731e+01 1.825610e+00 -1.819829e+00 -1.161088e+00 1.555936e+00 -8.741979e-01 -1.161081e+00
2453741.978474 2.506554e+01 1.825680e+00 -1.819760e+00 -1.161083e+00 1.555852e+00 -8.741723e-01 -1.161076e+00
2453769.836694 2.588663e+01 2.029720e+00 -1.599664e+00 -1.140651e+00 1.341694e+00 -8.938486e-01 -1.140646e+00
2453769.844824 2.588606e+01 2.029777e+00 -1.599597e+00 -1.140644e+00 1.341648e+00 -8.938801e-01 -1.140638e+00
2453769.853544 2.588546e+01 2.029837e+00 -1.599526e+00 -1.140635e+00 1.341599e+00 -8.939138e-01 -1.140630e+00
2453769.861745 2.588489e+01 2.029895e+00 -1.599459e+00 -1.140628e+00 1.341553e+00 -8.939456e-01 -1.140622e+00
2453799.744697 2.657810e+01 2.225727e+00 -1.345315e+00 -1.105802e+00 1.270291e+00 -1.079141e+00 -1.105799e+00
2453799.751247 2.657885e+01 2.225767e+00 -1.345258e+00 -1.105793e+00 1.270299e+00 -1.079193e+00 -1.105789e+00
2453799.757947 2.657962e+01 2.225808e+00 -1.345199e+00 -1.105784e+00 1.270307e+00 -1.079245e+00 -1.105780e+00
2453799.764647 2.658040e+01 2.225849e+00 -1.345140e+00 -1.105774e+00 1.270315e+00 -1.079298e+00 -1.105771e+00
2453823.661147 2.579482e+01 2.363800e+00 -1.130428e+00 -1.068585e+00 1.375757e+00 -1.273493e+00 -1.068584e+00
2453823.668486 2.579637e+01 2.363840e+00 -1.130361e+00 -1.068573e+00 1.375813e+00 -1.273551e+00 -1.068572e+00
2453823.670096 2.828553e+01 2.363848e+00 -1.130346e+00 -1.068570e+00 1.375825e+00 -1.273564e+00 -1.068569e+00
2453823.679826 2.828778e+01 2.363901e+00 -1.130257e+00 -1.068553e+00 1.375899e+00 -1.273641e+00 -1.068552e+00
2453852.710712 2.331554e+01 2.507696e+00 -8.582335e-01 -1.012687e+00 1.700997e+00 -1.460104e+00 -1.012689e+00
2453852.718082 2.331722e+01 2.507729e+00 -8.581631e-01 -1.012672e+00 1.701104e+00 -1.460136e+00 -1.012673e+00
2453852.725501 2.331890e+01 2.507762e+00 -8.580923e-01 -1.012656e+00 1.701212e+00 -1.460168e+00 -1.012658e+00
2453852.732901 2.332059e+01 2.507795e+00 -8.580216e-01 -1.012640e+00 1.701319e+00 -1.460200e+00 -1.012642e+00
2455091.832430 3.053783e+01 -3.351755e+00 -1.658219e-01 8.800520e-01 -2.351435e+00 -2.632762e-01 8.800491e-01
2455091.839400 3.053714e+01 -3.351752e+00 -1.658796e-01 8.800308e-01 -2.351423e+00 -2.632150e-01 8.800280e-01
2455091.846390 3.053645e+01 -3.351750e+00 -1.659374e-01 8.800096e-01 -2.351411e+00 -2.631536e-01 8.800068e-01
2455091.853411 3.053576e+01 -3.351748e+00 -1.659955e-01 8.799883e-01 -2.351398e+00 -2.630919e-01 8.799855e-01
2455098.839355 3.001267e+01 -3.348830e+00 -2.237902e-01 8.586343e-01 -2.345965e+00 -2.012986e-01 8.586312e-01
2455098.846785 3.001229e+01 -3.348826e+00 -2.238517e-01 8.586114e-01 -2.345967e+00 -2.012328e-01 8.586083e-01
2455098.854195 3.001192e+01 -3.348823e+00 -2.239129e-01 8.585886e-01 -2.345968e+00 -2.011670e-01 8.585855e-01
2455098.861645 3.001154e+01 -3.348819e+00 -2.239745e-01 8.585656e-01 -2.345969e+00 -2.011010e-01 8.585626e-01
2455119.721448 2.775636e+01 -3.333160e+00 -3.959782e-01 7.930532e-01 -2.407683e+00 -2.473141e-02 7.930495e-01
2455119.730008 2.775706e+01 -3.333152e+00 -3.960485e-01 7.930258e-01 -2.407731e+00 -2.466565e-02 7.930221e-01
2455119.738428 2.775776e+01 -3.333143e+00 -3.961177e-01 7.929988e-01 -2.407779e+00 -2.460096e-02 7.929952e-01
2455119.746918 2.775846e+01 -3.333135e+00 -3.961875e-01 7.929716e-01 -2.407827e+00 -2.453575e-02 7.929680e-01
2455126.689167 2.847428e+01 -3.325604e+00 -4.531711e-01 7.706089e-01 -2.453299e+00 2.592119e-02 7.706052e-01
2455126.697567 2.847532e+01 -3.325594e+00 -4.532400e-01 7.705817e-01 -2.453361e+00 2.597845e-02 7.705780e-01
2455126.706006 2.847636e+01 -3.325584e+00 -4.533092e-01 7.705544e-01 -2.453423e+00 2.603598e-02 7.705506e-01
2455126.714456 2.847740e+01 -3.325575e+00 -4.533784e-01 7.705270e-01 -2.453486e+00 2.609356e-02 7.705233e-01
2455145.646855 2.412107e+01 -3.299113e+00 -6.079405e-01 7.081812e-01 -2.633062e+00 1.249299e-01 7.081774e-01
2455145.653554 2.644947e+01 -3.299102e+00 -6.079949e-01 7.081588e-01 -2.633138e+00 1.249525e-01 7.081550e-01
2455145.660184 2.645071e+01 -3.299091e+00 -6.080488e-01 7.081366e-01 -2.633214e+00 1.249749e-01 7.081329e-01
2455145.666784 2.900397e+01 -3.299081e+00 -6.081024e-01 7.081146e-01 -2.633289e+00 1.249972e-01 7.081108e-01
2455151.642322 2.520406e+01 -3.288925e+00 -6.565683e-01 6.880432e-01 -2.704390e+00 1.411469e-01 6.880394e-01
2455151.649531 2.298762e+01 -3.288913e+00 -6.566266e-01 6.880188e-01 -2.704479e+00 1.411614e-01 6.880151e-01
2455151.656731 2.520681e+01 -3.288900e+00 -6.566849e-01 6.879945e-01 -2.704568e+00 1.411759e-01 6.879908e-01
2455151.664020 2.299015e+01 -3.288887e+00 -6.567439e-01 6.879699e-01 -2.704659e+00 1.411905e-01 6.879662e-01
1 1
2 0.15
