2	0.5	1000	 1	period_start period_step period_end fixed/free
0.0				initial epoch
0.0				initial rotation angle      
0.1				convexity weight      
3 3				degree and order of spherical harmonics      
6				number of rows        
0.5	1			scattering parameters
0.1	1
-0.5	1     
0.1	0			LS coeff                 
50				iteration stop condidion
10				minimum number of iterations (only if the above value < 1)
5				Alamda multiplicative factor
0.1				Alamda initial value
1
118 0 0.12 2005.6-2009.4 V 703_CATALINA
2453532.868463 1.284164e+01 -1.052406e+00 3.076543e+00 1.053417e-01 -1.220638e+00 2.075169e+00 1.053340e-01
2453532.876663 1.284066e+01 -1.052473e+00 3.076509e+00 1.053574e-01 -1.220569e+00 2.075111e+00 1.053496e-01
2453532.884904 1.407842e+01 -1.052540e+00 3.076474e+00 1.053731e-01 -1.220498e+00 2.075052e+00 1.053653e-01
2453532.893114 1.543549e+01 -1.052607e+00 3.076440e+00 1.053887e-01 -1.220428e+00 2.074994e+00 1.053810e-01
2453550.824058 1.468054e+01 -1.197617e+00 2.997089e+00 1.393699e-01 -1.063160e+00 1.989382e+00 1.393620e-01
2453550.830478 1.467995e+01 -1.197668e+00 2.997059e+00 1.393820e-01 -1.063103e+00 1.989366e+00 1.393741e-01
2453550.836899 1.467936e+01 -1.197719e+00 2.997029e+00 1.393941e-01 -1.063047e+00 1.989350e+00 1.393862e-01
2453550.843349 1.609495e+01 -1.197771e+00 2.996999e+00 1.394063e-01 -1.062991e+00 1.989335e+00 1.393984e-01
2453996.827698 7.566708e+00 -2.485055e+00 -9.884994e-01 5.679043e-01 -1.483754e+00 -1.072947e+00 5.679026e-01
2453996.835759 9.096521e+00 -2.485020e+00 -9.885812e-01 5.678999e-01 -1.483709e+00 -1.072891e+00 5.678982e-01
2453996.843829 9.973413e+00 -2.484984e+00 -9.886631e-01 5.678955e-01 -1.483664e+00 -1.072835e+00 5.678938e-01
2453996.851879 9.972689e+00 -2.484949e+00 -9.887447e-01 5.678912e-01 -1.483620e+00 -1.072779e+00 5.678894e-01
2453997.871608 8.219635e+00 -2.480450e+00 -9.990833e-01 5.673318e-01 -1.478091e+00 -1.065690e+00 5.673301e-01
2453997.882239 8.218861e+00 -2.480403e+00 -9.991910e-01 5.673259e-01 -1.478035e+00 -1.065615e+00 5.673242e-01
2453997.892869 8.218087e+00 -2.480356e+00 -9.992986e-01 5.673200e-01 -1.477979e+00 -1.065541e+00 5.673183e-01
2453997.903540 9.010100e+00 -2.480308e+00 -9.994068e-01 5.673141e-01 -1.477922e+00 -1.065467e+00 5.673124e-01
2454004.910222 1.347804e+01 -2.448380e+00 -1.070025e+00 5.632377e-01 -1.447232e+00 -1.016068e+00 5.632367e-01
2454004.916652 1.477766e+01 -2.448350e+00 -1.070090e+00 5.632338e-01 -1.447210e+00 -1.016022e+00 5.632328e-01
2454004.923063 1.347673e+01 -2.448320e+00 -1.070154e+00 5.632299e-01 -1.447188e+00 -1.015977e+00 5.632289e-01
2454004.929493 1.347607e+01 -2.448290e+00 -1.070218e+00 5.632260e-01 -1.447165e+00 -1.015931e+00 5.632249e-01
2454025.911881 1.597236e+01 -2.342292e+00 -1.276923e+00 5.486202e-01 -1.430437e+00 -8.747777e-01 5.486210e-01
2454025.917431 1.597216e+01 -2.342262e+00 -1.276977e+00 5.486159e-01 -1.430447e+00 -8.747443e-01 5.486166e-01
2454025.922971 1.597197e+01 -2.342232e+00 -1.277030e+00 5.486115e-01 -1.430457e+00 -8.747110e-01 5.486123e-01
2454025.928501 1.751270e+01 -2.342202e+00 -1.277084e+00 5.486072e-01 -1.430467e+00 -8.746778e-01 5.486080e-01
2454036.723881 1.098387e+01 -2.281739e+00 -1.380310e+00 5.397083e-01 -1.463454e+00 -8.166819e-01 5.397099e-01
2454036.730371 1.098395e+01 -2.281701e+00 -1.380371e+00 5.397027e-01 -1.463482e+00 -8.166517e-01 5.397043e-01
2454036.736841 1.098403e+01 -2.281664e+00 -1.380432e+00 5.396971e-01 -1.463509e+00 -8.166217e-01 5.396987e-01
2454036.743321 1.098411e+01 -2.281626e+00 -1.380494e+00 5.396914e-01 -1.463537e+00 -8.165916e-01 5.396931e-01
2454055.728588 1.421076e+01 -2.165871e+00 -1.556180e+00 5.218066e-01 -1.579301e+00 -7.599597e-01 5.218096e-01
2454055.740508 1.296136e+01 -2.165795e+00 -1.556288e+00 5.217945e-01 -1.579393e+00 -7.599467e-01 5.217975e-01
2454055.752467 1.296235e+01 -2.165718e+00 -1.556396e+00 5.217823e-01 -1.579485e+00 -7.599336e-01 5.217853e-01
2454055.764447 1.078244e+01 -2.165641e+00 -1.556504e+00 5.217702e-01 -1.579578e+00 -7.599206e-01 5.217732e-01
2454055.831925 1.422017e+01 -2.165209e+00 -1.557115e+00 5.217016e-01 -1.580100e+00 -7.598477e-01 5.217046e-01
2454055.844704 1.422134e+01 -2.165127e+00 -1.557230e+00 5.216886e-01 -1.580199e+00 -7.598340e-01 5.216916e-01
2454055.857434 1.559466e+01 -2.165045e+00 -1.557345e+00 5.216756e-01 -1.580298e+00 -7.598204e-01 5.216786e-01
2454055.870153 1.559594e+01 -2.164964e+00 -1.557460e+00 5.216627e-01 -1.580396e+00 -7.598069e-01 5.216657e-01
2454090.639322 1.131465e+01 -1.923472e+00 -1.857012e+00 4.817618e-01 -1.906548e+00 -8.733901e-01 4.817663e-01
2454090.647081 1.240733e+01 -1.923414e+00 -1.857075e+00 4.817519e-01 -1.906625e+00 -8.734517e-01 4.817564e-01
2454090.654851 1.240839e+01 -1.923356e+00 -1.857138e+00 4.817420e-01 -1.906703e+00 -8.735134e-01 4.817465e-01
2454090.662620 1.131756e+01 -1.923298e+00 -1.857202e+00 4.817321e-01 -1.906781e+00 -8.735750e-01 4.817365e-01
2454169.581690 1.433764e+01 -1.256090e+00 -2.407444e+00 3.607696e-01 -2.230889e+00 -2.218265e+00 3.607717e-01
2454169.585539 1.572138e+01 -1.256054e+00 -2.407466e+00 3.607628e-01 -2.230866e+00 -2.218352e+00 3.607649e-01
2454169.589419 1.307686e+01 -1.256018e+00 -2.407488e+00 3.607560e-01 -2.230844e+00 -2.218440e+00 3.607580e-01
2454169.593259 1.433892e+01 -1.255983e+00 -2.407509e+00 3.607492e-01 -2.230822e+00 -2.218526e+00 3.607512e-01
2454358.962046 1.291899e+01 6.668736e-01 -2.831256e+00 -3.277390e-02 1.663124e+00 -2.968916e+00 -3.277655e-02
2454358.965416 1.291877e+01 6.669079e-01 -2.831252e+00 -3.278135e-02 1.663165e+00 -2.968855e+00 -3.278401e-02
2454358.968686 1.291856e+01 6.669411e-01 -2.831248e+00 -3.278858e-02 1.663205e+00 -2.968796e+00 -3.279124e-02
2454358.972017 1.178167e+01 6.669749e-01 -2.831244e+00 -3.279595e-02 1.663246e+00 -2.968735e+00 -3.279861e-02
2454386.940059 1.093627e+01 9.476286e-01 -2.785084e+00 -9.440735e-02 1.887575e+00 -2.450275e+00 -9.440884e-02
2454386.947670 1.093569e+01 9.477039e-01 -2.785068e+00 -9.442402e-02 1.887604e+00 -2.450136e+00 -9.442551e-02
2454386.955280 1.093512e+01 9.477792e-01 -2.785052e+00 -9.444069e-02 1.887634e+00 -2.449997e+00 -9.444218e-02
2454386.962891 9.972415e+00 9.478545e-01 -2.785036e+00 -9.445737e-02 1.887663e+00 -2.449859e+00 -9.445885e-02
2454393.933603 8.652362e+00 1.016552e+00 -2.769537e+00 -1.097007e-01 1.907411e+00 -2.324550e+00 -1.097019e-01
2454393.940113 7.890671e+00 1.016616e+00 -2.769521e+00 -1.097149e-01 1.907423e+00 -2.324435e+00 -1.097161e-01
2454393.946664 7.196029e+00 1.016681e+00 -2.769506e+00 -1.097292e-01 1.907435e+00 -2.324319e+00 -1.097304e-01
2454393.953204 5.985108e+00 1.016745e+00 -2.769491e+00 -1.097435e-01 1.907447e+00 -2.324204e+00 -1.097447e-01
2454410.931314 8.301392e+00 1.181623e+00 -2.725302e+00 -1.465983e-01 1.900525e+00 -2.042783e+00 -1.465986e-01
2454410.936165 8.301059e+00 1.181670e+00 -2.725288e+00 -1.466088e-01 1.900513e+00 -2.042708e+00 -1.466091e-01
2454410.941025 9.101569e+00 1.181716e+00 -2.725274e+00 -1.466193e-01 1.900500e+00 -2.042634e+00 -1.466196e-01
2454410.945905 9.101201e+00 1.181763e+00 -2.725260e+00 -1.466298e-01 1.900488e+00 -2.042560e+00 -1.466301e-01
2454421.864417 1.093940e+01 1.285797e+00 -2.692149e+00 -1.700862e-01 1.859876e+00 -1.887134e+00 -1.700860e-01
2454421.872537 1.093864e+01 1.285874e+00 -2.692123e+00 -1.701036e-01 1.859837e+00 -1.887027e+00 -1.701033e-01
2454421.880688 9.975455e+00 1.285951e+00 -2.692097e+00 -1.701210e-01 1.859797e+00 -1.886920e+00 -1.701208e-01
2454421.888839 9.097088e+00 1.286028e+00 -2.692070e+00 -1.701385e-01 1.859758e+00 -1.886813e+00 -1.701382e-01
2454437.866727 1.256603e+01 1.435169e+00 -2.637218e+00 -2.040504e-01 1.761161e+00 -1.706914e+00 -2.040493e-01
2454437.867257 1.256598e+01 1.435174e+00 -2.637216e+00 -2.040515e-01 1.761158e+00 -1.706909e+00 -2.040504e-01
2454437.879518 1.256467e+01 1.435287e+00 -2.637171e+00 -2.040773e-01 1.761068e+00 -1.706795e+00 -2.040763e-01
2454437.880038 9.531238e+00 1.435292e+00 -2.637169e+00 -2.040784e-01 1.761064e+00 -1.706790e+00 -2.040774e-01
2454437.892279 1.145788e+01 1.435404e+00 -2.637124e+00 -2.041042e-01 1.760975e+00 -1.706677e+00 -2.041031e-01
2454437.892819 1.145783e+01 1.435409e+00 -2.637122e+00 -2.041053e-01 1.760971e+00 -1.706672e+00 -2.041043e-01
2454437.905070 1.145664e+01 1.435522e+00 -2.637077e+00 -2.041312e-01 1.760881e+00 -1.706558e+00 -2.041301e-01
2454437.905620 1.044853e+01 1.435527e+00 -2.637075e+00 -2.041323e-01 1.760877e+00 -1.706553e+00 -2.041312e-01
2454465.817697 1.351874e+01 1.686323e+00 -2.523878e+00 -2.619685e-01 1.530393e+00 -1.553023e+00 -2.619664e-01
2454465.824337 1.351826e+01 1.686381e+00 -2.523848e+00 -2.619820e-01 1.530336e+00 -1.553012e+00 -2.619799e-01
2454465.843608 1.482095e+01 1.686549e+00 -2.523763e+00 -2.620212e-01 1.530172e+00 -1.552981e+00 -2.620191e-01
2454465.850248 1.482042e+01 1.686607e+00 -2.523733e+00 -2.620348e-01 1.530115e+00 -1.552970e+00 -2.620326e-01
2454495.713504 1.540256e+01 1.939677e+00 -2.379872e+00 -3.215409e-01 1.312270e+00 -1.620561e+00 -3.215382e-01
2454495.720074 1.688882e+01 1.939731e+00 -2.379838e+00 -3.215537e-01 1.312235e+00 -1.620599e+00 -3.215510e-01
2454495.726604 1.688907e+01 1.939785e+00 -2.379804e+00 -3.215664e-01 1.312200e+00 -1.620637e+00 -3.215637e-01
2454495.733114 1.688932e+01 1.939838e+00 -2.379770e+00 -3.215790e-01 1.312165e+00 -1.620675e+00 -3.215764e-01
2454499.678477 2.053203e+01 1.972003e+00 -2.359119e+00 -3.292336e-01 1.292465e+00 -1.645325e+00 -3.292309e-01
2454499.684797 1.872583e+01 1.972054e+00 -2.359085e+00 -3.292459e-01 1.292436e+00 -1.645367e+00 -3.292431e-01
2454499.691127 2.053291e+01 1.972105e+00 -2.359052e+00 -3.292581e-01 1.292407e+00 -1.645409e+00 -3.292554e-01
2454499.697457 2.053335e+01 1.972157e+00 -2.359018e+00 -3.292703e-01 1.292377e+00 -1.645451e+00 -3.292676e-01
2454508.753099 1.480895e+01 2.044812e+00 -2.310234e+00 -3.466434e-01 1.258758e+00 -1.713268e+00 -3.466406e-01
2454508.759679 1.480951e+01 2.044864e+00 -2.310198e+00 -3.466559e-01 1.258740e+00 -1.713322e+00 -3.466532e-01
2454508.766258 1.623892e+01 2.044916e+00 -2.310162e+00 -3.466684e-01 1.258722e+00 -1.713377e+00 -3.466657e-01
2454508.772848 1.623954e+01 2.044968e+00 -2.310126e+00 -3.466809e-01 1.258704e+00 -1.713431e+00 -3.466782e-01
2454523.665924 1.144747e+01 2.160837e+00 -2.225836e+00 -3.746375e-01 1.243888e+00 -1.852084e+00 -3.746349e-01
2454523.673163 1.144821e+01 2.160892e+00 -2.225794e+00 -3.746509e-01 1.243894e+00 -1.852158e+00 -3.746483e-01
2454523.680343 1.144894e+01 2.160947e+00 -2.225752e+00 -3.746642e-01 1.243901e+00 -1.852231e+00 -3.746616e-01
2454523.687532 1.144968e+01 2.161001e+00 -2.225710e+00 -3.746775e-01 1.243907e+00 -1.852304e+00 -3.746749e-01
2454582.638988 9.528819e+00 2.572651e+00 -1.847782e+00 -4.770315e-01 1.760140e+00 -2.441586e+00 -4.770309e-01
2454582.645437 1.044887e+01 2.572692e+00 -1.847738e+00 -4.770420e-01 1.760245e+00 -2.441631e+00 -4.770413e-01
2454582.652017 9.530160e+00 2.572733e+00 -1.847692e+00 -4.770526e-01 1.760351e+00 -2.441677e+00 -4.770520e-01
2454582.658436 9.530821e+00 2.572774e+00 -1.847647e+00 -4.770630e-01 1.760455e+00 -2.441722e+00 -4.770623e-01
2454908.852333 1.630489e+01 3.340227e+00 8.621744e-01 -7.453225e-01 2.345635e+00 9.012428e-01 -7.453195e-01
2454908.864983 1.486954e+01 3.340207e+00 8.622812e-01 -7.453224e-01 2.345603e+00 9.011314e-01 -7.453195e-01
2454908.877943 1.486883e+01 3.340187e+00 8.623907e-01 -7.453224e-01 2.345570e+00 9.010172e-01 -7.453194e-01
2454908.890664 1.486813e+01 3.340167e+00 8.624981e-01 -7.453223e-01 2.345538e+00 9.009051e-01 -7.453193e-01
2454917.870134 1.589806e+01 3.325276e+00 9.380862e-01 -7.450661e-01 2.334178e+00 8.217016e-01 -7.450630e-01
2454917.877085 1.743165e+01 3.325263e+00 9.381445e-01 -7.450657e-01 2.334177e+00 8.216407e-01 -7.450627e-01
2454924.804148 1.577495e+01 3.312546e+00 9.961096e-01 -7.445925e-01 2.340460e+00 7.619094e-01 -7.445895e-01
2454924.809578 1.577492e+01 3.312535e+00 9.961549e-01 -7.445921e-01 2.340470e+00 7.618636e-01 -7.445890e-01
2454924.814988 1.729682e+01 3.312525e+00 9.962001e-01 -7.445916e-01 2.340480e+00 7.618179e-01 -7.445886e-01
2454924.820388 1.896555e+01 3.312515e+00 9.962452e-01 -7.445911e-01 2.340490e+00 7.617723e-01 -7.445881e-01
2454941.811263 1.774786e+01 3.276836e+00 1.137024e+00 -7.424203e-01 2.408737e+00 6.312055e-01 -7.424172e-01
2454941.820672 1.774841e+01 3.276815e+00 1.137101e+00 -7.424187e-01 2.408794e+00 6.311424e-01 -7.424156e-01
2454941.830022 1.618725e+01 3.276794e+00 1.137178e+00 -7.424171e-01 2.408851e+00 6.310797e-01 -7.424140e-01
2454941.839382 1.618776e+01 3.276772e+00 1.137255e+00 -7.424156e-01 2.408908e+00 6.310170e-01 -7.424125e-01
2454941.898171 1.476632e+01 3.276638e+00 1.137738e+00 -7.424055e-01 2.409267e+00 6.306232e-01 -7.424025e-01
2454941.905080 1.476666e+01 3.276622e+00 1.137795e+00 -7.424044e-01 2.409310e+00 6.305770e-01 -7.424013e-01
2454941.912050 1.346766e+01 3.276606e+00 1.137853e+00 -7.424032e-01 2.409352e+00 6.305303e-01 -7.424001e-01
2454941.919030 1.476735e+01 3.276590e+00 1.137910e+00 -7.424020e-01 2.409395e+00 6.304836e-01 -7.423989e-01
2454949.701013 1.268295e+01 3.258129e+00 1.201670e+00 -7.409281e-01 2.463811e+00 5.829956e-01 -7.409250e-01
2454949.707633 1.268336e+01 3.258113e+00 1.201725e+00 -7.409268e-01 2.463863e+00 5.829593e-01 -7.409237e-01
2454949.714193 1.268376e+01 3.258097e+00 1.201778e+00 -7.409254e-01 2.463914e+00 5.829234e-01 -7.409223e-01
2454949.720783 1.268417e+01 3.258081e+00 1.201832e+00 -7.409240e-01 2.463966e+00 5.828874e-01 -7.409209e-01
1 0.5
