2	0.5	1000	 1	period_start period_step period_end fixed/free
0.0				initial epoch
0.0				initial rotation angle      
0.1				convexity weight      
3 3				degree and order of spherical harmonics      
6				number of rows        
0.5	1			scattering parameters
0.1	1
-0.5	1     
0.1	0			LS coeff                 
50				iteration stop condidion
10				minimum number of iterations (only if the above value < 1)
5				Alamda multiplicative factor
0.1				Alamda initial value
1
123 0 0.12 2005.12-2009.5 V 703_CATALINA
2453734.982153 2.278108e+00 2.574277e+00 7.608074e-02 -3.132099e-01 2.423907e+00 1.047866e+00 -3.132030e-01
2453734.990063 1.727975e+00 2.574270e+00 7.616049e-02 -3.132133e-01 2.423762e+00 1.047925e+00 -3.132064e-01
2453734.997944 1.727829e+00 2.574262e+00 7.623994e-02 -3.132166e-01 2.423619e+00 1.047983e+00 -3.132097e-01
2453744.959011 2.449711e+00 2.562472e+00 1.765633e-01 -3.172023e-01 2.242896e+00 1.106590e+00 -3.171957e-01
2453744.967051 2.449482e+00 2.562461e+00 1.766442e-01 -3.172053e-01 2.242752e+00 1.106625e+00 -3.171987e-01
2453744.975092 2.685553e+00 2.562450e+00 1.767251e-01 -3.172083e-01 2.242608e+00 1.106661e+00 -3.172017e-01
2453744.983173 1.857775e+00 2.562439e+00 1.768064e-01 -3.172113e-01 2.242463e+00 1.106696e+00 -3.172047e-01
2453761.954981 2.622060e+00 2.532335e+00 3.469446e-01 -3.227565e-01 1.949897e+00 1.140844e+00 -3.227506e-01
2453761.962022 1.988856e+00 2.532320e+00 3.470149e-01 -3.227585e-01 1.949782e+00 1.140842e+00 -3.227526e-01
2453761.969042 1.988676e+00 2.532305e+00 3.470850e-01 -3.227604e-01 1.949668e+00 1.140841e+00 -3.227545e-01
2453761.976103 1.988496e+00 2.532290e+00 3.471555e-01 -3.227624e-01 1.949553e+00 1.140839e+00 -3.227565e-01
2453773.993042 2.040868e+00 2.503331e+00 4.666430e-01 -3.257171e-01 1.764819e+00 1.120439e+00 -3.257118e-01
2453774.000132 2.453430e+00 2.503312e+00 4.667132e-01 -3.257186e-01 1.764717e+00 1.120417e+00 -3.257133e-01
2453774.007253 2.040479e+00 2.503293e+00 4.667837e-01 -3.257201e-01 1.764615e+00 1.120396e+00 -3.257148e-01
2453774.014334 1.697035e+00 2.503274e+00 4.668538e-01 -3.257216e-01 1.764513e+00 1.120374e+00 -3.257163e-01
2453843.882748 3.288223e+00 2.210617e+00 1.128024e+00 -3.261624e-01 1.325024e+00 6.548059e-01 -3.261632e-01
2453843.890809 2.998845e+00 2.210571e+00 1.128095e+00 -3.261608e-01 1.325041e+00 6.547546e-01 -3.261616e-01
2453843.898909 3.288115e+00 2.210525e+00 1.128167e+00 -3.261591e-01 1.325059e+00 6.547031e-01 -3.261599e-01
2453843.906999 3.288060e+00 2.210479e+00 1.128239e+00 -3.261575e-01 1.325076e+00 6.546516e-01 -3.261583e-01
2453856.732390 2.741345e+00 2.134213e+00 1.240250e+00 -3.230253e-01 1.369625e+00 5.841165e-01 -3.230274e-01
2453856.739940 2.741393e+00 2.134166e+00 1.240315e+00 -3.230232e-01 1.369661e+00 5.840823e-01 -3.230252e-01
2453856.747450 2.741441e+00 2.134119e+00 1.240379e+00 -3.230211e-01 1.369696e+00 5.840482e-01 -3.230231e-01
2453856.754960 2.741490e+00 2.134072e+00 1.240444e+00 -3.230189e-01 1.369731e+00 5.840142e-01 -3.230210e-01
2453876.768004 2.525891e+00 2.001660e+00 1.407245e+00 -3.160911e-01 1.495534e+00 5.308096e-01 -3.160948e-01
2453876.776534 2.526051e+00 2.001600e+00 1.407314e+00 -3.160876e-01 1.495599e+00 5.308045e-01 -3.160913e-01
2453876.785064 2.526211e+00 2.001540e+00 1.407382e+00 -3.160842e-01 1.495664e+00 5.307994e-01 -3.160878e-01
2453876.793613 2.526371e+00 2.001480e+00 1.407451e+00 -3.160807e-01 1.495729e+00 5.307944e-01 -3.160843e-01
2453937.644013 1.945579e+00 1.505176e+00 1.839767e+00 -2.797255e-01 1.984869e+00 9.440204e-01 -2.797306e-01
2453937.649322 2.133385e+00 1.505127e+00 1.839799e+00 -2.797214e-01 1.984899e+00 9.440951e-01 -2.797265e-01
2453937.654622 1.945761e+00 1.505079e+00 1.839831e+00 -2.797172e-01 1.984929e+00 9.441697e-01 -2.797223e-01
2453937.659902 1.945852e+00 1.505030e+00 1.839863e+00 -2.797131e-01 1.984959e+00 9.442440e-01 -2.797182e-01
2454348.910084 2.159676e+00 -2.095719e+00 -2.831179e-02 2.533466e-01 -1.134785e+00 -3.337886e-01 2.533436e-01
2454348.918254 2.367881e+00 -2.095722e+00 -2.841329e-02 2.533524e-01 -1.134747e+00 -3.337567e-01 2.533494e-01
2454348.926554 2.159387e+00 -2.095725e+00 -2.851639e-02 2.533582e-01 -1.134709e+00 -3.337242e-01 2.533553e-01
2454348.934954 2.367560e+00 -2.095728e+00 -2.862075e-02 2.533642e-01 -1.134670e+00 -3.336914e-01 2.533612e-01
2454355.844437 2.471562e+00 -2.096474e+00 -1.144105e-01 2.580660e-01 -1.108094e+00 -3.047822e-01 2.580633e-01
2454355.851998 2.471449e+00 -2.096473e+00 -1.145043e-01 2.580710e-01 -1.108070e+00 -3.047488e-01 2.580682e-01
2454355.859528 2.471337e+00 -2.096472e+00 -1.145977e-01 2.580759e-01 -1.108047e+00 -3.047155e-01 2.580731e-01
2454355.867088 2.471224e+00 -2.096471e+00 -1.146915e-01 2.580808e-01 -1.108024e+00 -3.046821e-01 2.580781e-01
2454384.698016 2.934549e+00 -2.066084e+00 -4.693897e-01 2.734983e-01 -1.113271e+00 -1.710148e-01 2.734968e-01
2454384.705116 2.934665e+00 -2.066070e+00 -4.694759e-01 2.735013e-01 -1.113296e+00 -1.709850e-01 2.734997e-01
2454384.712205 2.934782e+00 -2.066056e+00 -4.695621e-01 2.735042e-01 -1.113320e+00 -1.709552e-01 2.735027e-01
2454384.719285 2.934898e+00 -2.066042e+00 -4.696481e-01 2.735072e-01 -1.113345e+00 -1.709254e-01 2.735056e-01
2454392.766561 2.585929e+00 -2.048127e+00 -5.669096e-01 2.765833e-01 -1.148151e+00 -1.398996e-01 2.765821e-01
2454392.774741 2.835615e+00 -2.048107e+00 -5.670079e-01 2.765861e-01 -1.148193e+00 -1.398713e-01 2.765849e-01
2454392.782961 2.586297e+00 -2.048087e+00 -5.671067e-01 2.765890e-01 -1.148236e+00 -1.398429e-01 2.765878e-01
2454392.791151 2.836019e+00 -2.048066e+00 -5.672052e-01 2.765918e-01 -1.148278e+00 -1.398146e-01 2.765906e-01
2454406.673496 2.280906e+00 -2.007815e+00 -7.322895e-01 2.806302e-01 -1.239306e+00 -1.044470e-01 2.806297e-01
2454406.679996 2.501170e+00 -2.007794e+00 -7.323658e-01 2.806317e-01 -1.239357e+00 -1.044372e-01 2.806312e-01
2454406.686486 2.501376e+00 -2.007772e+00 -7.324421e-01 2.806333e-01 -1.239408e+00 -1.044274e-01 2.806327e-01
2454406.693015 2.501584e+00 -2.007751e+00 -7.325189e-01 2.806348e-01 -1.239459e+00 -1.044176e-01 2.806342e-01
2454440.549608 2.385430e+00 -1.862645e+00 -1.116010e+00 2.838154e-01 -1.581313e+00 -1.716556e-01 2.838166e-01
2454440.556127 1.984318e+00 -1.862611e+00 -1.116081e+00 2.838151e-01 -1.581388e+00 -1.716948e-01 2.838163e-01
2454440.562667 1.984523e+00 -1.862577e+00 -1.116152e+00 2.838148e-01 -1.581464e+00 -1.717340e-01 2.838160e-01
2454440.569186 1.984727e+00 -1.862543e+00 -1.116223e+00 2.838145e-01 -1.581539e+00 -1.717731e-01 2.838157e-01
2454466.630311 1.864963e+00 -1.709461e+00 -1.387485e+00 2.800031e-01 -1.879406e+00 -4.189998e-01 2.800053e-01
2454466.636771 1.865138e+00 -1.709419e+00 -1.387549e+00 2.800015e-01 -1.879476e+00 -4.190837e-01 2.800037e-01
2454466.643270 1.865314e+00 -1.709377e+00 -1.387614e+00 2.799999e-01 -1.879545e+00 -4.191681e-01 2.800021e-01
2454466.649740 1.865490e+00 -1.709335e+00 -1.387678e+00 2.799983e-01 -1.879615e+00 -4.192521e-01 2.800005e-01
2454477.579548 2.177090e+00 -1.635523e+00 -1.494074e+00 2.768487e-01 -1.989753e+00 -5.766602e-01 2.768511e-01
2454477.584888 2.617628e+00 -1.635485e+00 -1.494124e+00 2.768470e-01 -1.989803e+00 -5.767445e-01 2.768494e-01
2454477.590207 2.617819e+00 -1.635448e+00 -1.494175e+00 2.768452e-01 -1.989853e+00 -5.768284e-01 2.768476e-01
2454477.595577 1.985966e+00 -1.635410e+00 -1.494226e+00 2.768434e-01 -1.989903e+00 -5.769132e-01 2.768459e-01
2454483.583081 1.963305e+00 -1.592747e+00 -1.550511e+00 2.747428e-01 -2.042853e+00 -6.757562e-01 2.747453e-01
2454483.583631 1.489330e+00 -1.592743e+00 -1.550516e+00 2.747426e-01 -2.042858e+00 -6.757657e-01 2.747451e-01
2454483.590120 2.152921e+00 -1.592696e+00 -1.550576e+00 2.747402e-01 -2.042912e+00 -6.758774e-01 2.747427e-01
2454483.590650 1.790735e+00 -1.592692e+00 -1.550581e+00 2.747400e-01 -2.042916e+00 -6.758865e-01 2.747425e-01
2454483.597160 1.963670e+00 -1.592645e+00 -1.550641e+00 2.747375e-01 -2.042970e+00 -6.759986e-01 2.747401e-01
2454483.597700 1.963684e+00 -1.592641e+00 -1.550646e+00 2.747373e-01 -2.042975e+00 -6.760079e-01 2.747399e-01
2454483.604179 1.791055e+00 -1.592594e+00 -1.550706e+00 2.747349e-01 -2.043029e+00 -6.761195e-01 2.747375e-01
2454483.604729 2.153337e+00 -1.592590e+00 -1.550711e+00 2.747347e-01 -2.043033e+00 -6.761290e-01 2.747373e-01
2454506.574137 1.973991e+00 -1.415444e+00 -1.752724e+00 2.643084e-01 -2.177644e+00 -1.126207e+00 2.643111e-01
2454506.578387 2.164543e+00 -1.415409e+00 -1.752760e+00 2.643061e-01 -2.177657e+00 -1.126299e+00 2.643088e-01
2454506.582657 1.800475e+00 -1.415374e+00 -1.752795e+00 2.643038e-01 -2.177670e+00 -1.126392e+00 2.643066e-01
2454506.586917 1.974276e+00 -1.415339e+00 -1.752830e+00 2.643016e-01 -2.177683e+00 -1.126484e+00 2.643043e-01
2454763.993902 1.182961e+00 1.157826e+00 -2.287460e+00 -1.616349e-02 2.007388e+00 -1.770495e+00 -1.616482e-02
2454763.996982 1.297057e+00 1.157855e+00 -2.287448e+00 -1.616762e-02 2.007388e+00 -1.770438e+00 -1.616895e-02
2454764.000052 1.182899e+00 1.157884e+00 -2.287436e+00 -1.617173e-02 2.007389e+00 -1.770382e+00 -1.617306e-02
2454764.003113 1.422122e+00 1.157912e+00 -2.287424e+00 -1.617583e-02 2.007390e+00 -1.770325e+00 -1.617716e-02
2454771.960918 1.748372e+00 1.232138e+00 -2.255223e+00 -2.682637e-02 2.000333e+00 -1.626992e+00 -2.682735e-02
2454771.965869 1.103098e+00 1.232184e+00 -2.255202e+00 -2.683299e-02 2.000323e+00 -1.626906e+00 -2.683397e-02
2454771.970859 1.594390e+00 1.232230e+00 -2.255181e+00 -2.683966e-02 2.000314e+00 -1.626819e+00 -2.684064e-02
2454771.975919 1.209412e+00 1.232277e+00 -2.255160e+00 -2.684643e-02 2.000304e+00 -1.626730e+00 -2.684740e-02
2454777.963336 1.253895e+00 1.287230e+00 -2.229284e+00 -3.484097e-02 1.984295e+00 -1.525076e+00 -3.484167e-02
2454777.975176 1.652768e+00 1.287338e+00 -2.229232e+00 -3.485676e-02 1.984255e+00 -1.524881e+00 -3.485746e-02
2454777.987077 1.507170e+00 1.287446e+00 -2.229179e+00 -3.487263e-02 1.984215e+00 -1.524685e+00 -3.487333e-02
2454777.998938 1.253467e+00 1.287555e+00 -2.229126e+00 -3.488845e-02 1.984174e+00 -1.524489e+00 -3.488914e-02
2454857.697393 2.089056e+00 1.931947e+00 -1.762306e+00 -1.374170e-01 1.349931e+00 -9.681576e-01 -1.374144e-01
2454857.704053 2.088994e+00 1.931993e+00 -1.762259e+00 -1.374251e-01 1.349883e+00 -9.681781e-01 -1.374225e-01
2454857.708963 1.905144e+00 1.932027e+00 -1.762224e+00 -1.374311e-01 1.349847e+00 -9.681933e-01 -1.374285e-01
2454857.713843 2.088903e+00 1.932061e+00 -1.762189e+00 -1.374371e-01 1.349812e+00 -9.682084e-01 -1.374344e-01
2454867.710250 2.935821e+00 1.999754e+00 -1.689306e+00 -1.494893e-01 1.285724e+00 -1.009401e+00 -1.494864e-01
2454867.718560 2.935795e+00 1.999809e+00 -1.689244e+00 -1.494992e-01 1.285678e+00 -1.009443e+00 -1.494964e-01
2454867.726810 2.935768e+00 1.999864e+00 -1.689183e+00 -1.495090e-01 1.285632e+00 -1.009485e+00 -1.495062e-01
2454867.735120 2.935742e+00 1.999919e+00 -1.689121e+00 -1.495190e-01 1.285586e+00 -1.009527e+00 -1.495161e-01
2454876.739578 2.453215e+00 2.058083e+00 -1.621089e+00 -1.601654e-01 1.243804e+00 -1.062322e+00 -1.601624e-01
2454876.745598 2.453247e+00 2.058121e+00 -1.621042e+00 -1.601724e-01 1.243782e+00 -1.062361e+00 -1.601695e-01
2454876.751628 2.689965e+00 2.058159e+00 -1.620996e+00 -1.601795e-01 1.243760e+00 -1.062401e+00 -1.601766e-01
2454876.757647 2.237443e+00 2.058197e+00 -1.620950e+00 -1.601865e-01 1.243737e+00 -1.062440e+00 -1.601836e-01
2454882.764763 2.500074e+00 2.095482e+00 -1.574358e+00 -1.671714e-01 1.225502e+00 -1.104404e+00 -1.671685e-01
2454882.770273 2.280146e+00 2.095516e+00 -1.574315e+00 -1.671778e-01 1.225489e+00 -1.104445e+00 -1.671749e-01
2454882.775733 2.280197e+00 2.095549e+00 -1.574272e+00 -1.671841e-01 1.225476e+00 -1.104485e+00 -1.671812e-01
2454882.781073 2.079611e+00 2.095582e+00 -1.574230e+00 -1.671903e-01 1.225464e+00 -1.104524e+00 -1.671873e-01
2454893.685693 1.843099e+00 2.160088e+00 -1.487299e+00 -1.796148e-01 1.214094e+00 -1.190889e+00 -1.796118e-01
2454893.689923 2.020981e+00 2.160113e+00 -1.487265e+00 -1.796195e-01 1.214095e+00 -1.190924e+00 -1.796166e-01
2454893.694193 2.216031e+00 2.160137e+00 -1.487230e+00 -1.796243e-01 1.214097e+00 -1.190960e+00 -1.796213e-01
2454893.698482 2.021109e+00 2.160162e+00 -1.487195e+00 -1.796291e-01 1.214098e+00 -1.190996e+00 -1.796262e-01
2454914.689103 1.705562e+00 2.272452e+00 -1.311902e+00 -2.025454e-01 1.277361e+00 -1.373579e+00 -2.025424e-01
2454914.689703 1.555501e+00 2.272455e+00 -1.311897e+00 -2.025460e-01 1.277364e+00 -1.373584e+00 -2.025430e-01
2454914.701322 1.418815e+00 2.272513e+00 -1.311797e+00 -2.025583e-01 1.277431e+00 -1.373684e+00 -2.025553e-01
2454914.701872 1.705802e+00 2.272515e+00 -1.311792e+00 -2.025589e-01 1.277434e+00 -1.373689e+00 -2.025559e-01
2454914.713432 1.870612e+00 2.272573e+00 -1.311693e+00 -2.025712e-01 1.277501e+00 -1.373789e+00 -2.025682e-01
2454914.714032 2.051099e+00 2.272576e+00 -1.311688e+00 -2.025718e-01 1.277504e+00 -1.373794e+00 -2.025688e-01
2454914.725651 1.706248e+00 2.272633e+00 -1.311588e+00 -2.025841e-01 1.277571e+00 -1.373895e+00 -2.025811e-01
2454914.726261 2.965138e+00 2.272636e+00 -1.311583e+00 -2.025847e-01 1.277574e+00 -1.373900e+00 -2.025817e-01
2454964.671481 1.892315e+00 2.473203e+00 -8.592079e-01 -2.510031e-01 1.856872e+00 -1.659931e+00 -2.510002e-01
2454964.679441 1.574087e+00 2.473227e+00 -8.591325e-01 -2.510101e-01 1.857003e+00 -1.659940e+00 -2.510071e-01
2454964.687400 1.892623e+00 2.473251e+00 -8.590571e-01 -2.510170e-01 1.857133e+00 -1.659948e+00 -2.510141e-01
2454964.695369 1.435819e+00 2.473276e+00 -8.589817e-01 -2.510240e-01 1.857264e+00 -1.659957e+00 -2.510210e-01
2454977.658092 1.786386e+00 2.509231e+00 -7.351301e-01 -2.620021e-01 2.079734e+00 -1.652632e+00 -2.619995e-01
2454977.664802 1.235954e+00 2.509248e+00 -7.350654e-01 -2.620076e-01 2.079854e+00 -1.652616e+00 -2.620050e-01
2454977.671401 1.786606e+00 2.509264e+00 -7.350018e-01 -2.620130e-01 2.079971e+00 -1.652601e+00 -2.620104e-01
2454977.678031 1.629503e+00 2.509281e+00 -7.349379e-01 -2.620185e-01 2.080089e+00 -1.652586e+00 -2.620158e-01
1 0.5
