2	0.5	1000	 1	period_start period_step period_end fixed/free
0.0				initial epoch
0.0				initial rotation angle      
0.1				convexity weight      
3 3				degree and order of spherical harmonics      
6				number of rows        
0.5	1			scattering parameters
0.1	1
-0.5	1     
0.1	0			LS coeff                 
50				iteration stop condidion
10				minimum number of iterations (only if the above value < 1)
5				Alamda multiplicative factor
0.1				Alamda initial value
1
116 0 0.12 2005.9-2009.11 V 703_CATALINA
2453642.796112 2.045923e+00 -2.109860e+00 -8.719052e-01 -4.122899e-01 -1.113989e+00 -7.643061e-01 -4.122898e-01
2453642.803902 2.045865e+00 -2.109835e+00 -8.719938e-01 -4.123030e-01 -1.113980e+00 -7.642619e-01 -4.123028e-01
2453642.811693 2.045808e+00 -2.109809e+00 -8.720824e-01 -4.123160e-01 -1.113971e+00 -7.642177e-01 -4.123158e-01
2453642.819483 2.045750e+00 -2.109783e+00 -8.721710e-01 -4.123290e-01 -1.113962e+00 -7.641735e-01 -4.123289e-01
2453653.818377 2.004004e+00 -2.070480e+00 -9.959266e-01 -4.301514e-01 -1.115743e+00 -7.035431e-01 -4.301498e-01
2453653.826267 2.004003e+00 -2.070450e+00 -9.960144e-01 -4.301637e-01 -1.115755e+00 -7.035016e-01 -4.301622e-01
2453653.834157 1.827672e+00 -2.070420e+00 -9.961022e-01 -4.301761e-01 -1.115766e+00 -7.034601e-01 -4.301745e-01
2453653.842017 1.827672e+00 -2.070390e+00 -9.961897e-01 -4.301884e-01 -1.115778e+00 -7.034188e-01 -4.301869e-01
2453668.708973 2.084535e+00 -2.008074e+00 -1.158978e+00 -4.523560e-01 -1.163075e+00 -6.348971e-01 -4.523527e-01
2453668.717603 2.285753e+00 -2.008034e+00 -1.159071e+00 -4.523682e-01 -1.163117e+00 -6.348643e-01 -4.523649e-01
2453668.726413 2.285860e+00 -2.007995e+00 -1.159166e+00 -4.523807e-01 -1.163159e+00 -6.348310e-01 -4.523774e-01
2453668.735043 2.285966e+00 -2.007955e+00 -1.159258e+00 -4.523929e-01 -1.163201e+00 -6.347982e-01 -4.523896e-01
2453672.732428 2.815716e+00 -1.989469e+00 -1.202071e+00 -4.579709e-01 -1.184112e+00 -6.207448e-01 -4.579671e-01
2453672.741908 2.568129e+00 -1.989424e+00 -1.202172e+00 -4.579839e-01 -1.184166e+00 -6.207142e-01 -4.579802e-01
2453672.751437 2.816078e+00 -1.989379e+00 -1.202273e+00 -4.579970e-01 -1.184220e+00 -6.206835e-01 -4.579933e-01
2453672.761037 2.816261e+00 -1.989334e+00 -1.202375e+00 -4.580102e-01 -1.184274e+00 -6.206525e-01 -4.580065e-01
2453678.818909 2.455354e+00 -1.959967e+00 -1.266432e+00 -4.661511e-01 -1.221994e+00 -6.039991e-01 -4.661467e-01
2453678.824269 2.455469e+00 -1.959940e+00 -1.266488e+00 -4.661581e-01 -1.222030e+00 -6.039871e-01 -4.661537e-01
2453678.829659 2.455585e+00 -1.959913e+00 -1.266545e+00 -4.661652e-01 -1.222067e+00 -6.039750e-01 -4.661608e-01
2453678.835019 2.455700e+00 -1.959887e+00 -1.266601e+00 -4.661722e-01 -1.222103e+00 -6.039629e-01 -4.661678e-01
2453695.652624 1.700677e+00 -1.870211e+00 -1.438964e+00 -4.867971e-01 -1.359197e+00 -5.935493e-01 -4.867914e-01
2453695.659174 1.700821e+00 -1.870174e+00 -1.439030e+00 -4.868046e-01 -1.359258e+00 -5.935569e-01 -4.867988e-01
2453695.665723 1.551299e+00 -1.870137e+00 -1.439095e+00 -4.868121e-01 -1.359319e+00 -5.935646e-01 -4.868063e-01
2453695.672243 1.551430e+00 -1.870100e+00 -1.439161e+00 -4.868195e-01 -1.359380e+00 -5.935722e-01 -4.868137e-01
2453728.608313 1.739307e+00 -1.662960e+00 -1.751210e+00 -5.187778e-01 -1.702462e+00 -7.684207e-01 -5.187709e-01
2453728.616842 1.739534e+00 -1.662902e+00 -1.751287e+00 -5.187846e-01 -1.702553e+00 -7.685033e-01 -5.187777e-01
2453728.625362 1.739761e+00 -1.662843e+00 -1.751363e+00 -5.187915e-01 -1.702643e+00 -7.685858e-01 -5.187845e-01
2453740.561992 2.084835e+00 -1.578631e+00 -1.855444e+00 -5.276335e-01 -1.824546e+00 -9.033742e-01 -5.276267e-01
2453740.568391 1.901574e+00 -1.578584e+00 -1.855498e+00 -5.276379e-01 -1.824608e+00 -9.034566e-01 -5.276311e-01
2453740.574781 1.734422e+00 -1.578538e+00 -1.855552e+00 -5.276422e-01 -1.824670e+00 -9.035389e-01 -5.276354e-01
2453740.581160 1.734587e+00 -1.578492e+00 -1.855607e+00 -5.276466e-01 -1.824732e+00 -9.036211e-01 -5.276398e-01
2453773.626924 1.579374e+00 -1.323986e+00 -2.117015e+00 -5.446885e-01 -2.058206e+00 -1.458493e+00 -5.446832e-01
2453773.634453 1.899005e+00 -1.323925e+00 -2.117070e+00 -5.446912e-01 -2.058233e+00 -1.458644e+00 -5.446858e-01
2453773.642013 1.579675e+00 -1.323863e+00 -2.117125e+00 -5.446938e-01 -2.058260e+00 -1.458797e+00 -5.446885e-01
2453773.649522 1.314041e+00 -1.323802e+00 -2.117180e+00 -5.446965e-01 -2.058288e+00 -1.458948e+00 -5.446912e-01
2454002.975980 2.217064e+00 8.146578e-01 -2.797000e+00 -4.115747e-01 1.817589e+00 -2.776170e+00 -4.115759e-01
2454002.979360 2.021949e+00 8.146891e-01 -2.796996e+00 -4.115703e-01 1.817618e+00 -2.776108e+00 -4.115715e-01
2454002.982760 1.681753e+00 8.147206e-01 -2.796992e+00 -4.115658e-01 1.817647e+00 -2.776046e+00 -4.115670e-01
2454002.986140 1.398795e+00 8.147520e-01 -2.796989e+00 -4.115613e-01 1.817676e+00 -2.775984e+00 -4.115625e-01
2454029.935697 1.856374e+00 1.060837e+00 -2.754388e+00 -3.742278e-01 1.941444e+00 -2.290185e+00 -3.742267e-01
2454029.945688 2.683071e+00 1.060926e+00 -2.754368e+00 -3.742134e-01 1.941451e+00 -2.290014e+00 -3.742123e-01
2454029.955688 2.682866e+00 1.061016e+00 -2.754348e+00 -3.741989e-01 1.941458e+00 -2.289842e+00 -3.741978e-01
2454029.966429 2.034995e+00 1.061113e+00 -2.754326e+00 -3.741834e-01 1.941465e+00 -2.289658e+00 -3.741823e-01
2454036.939208 2.112009e+00 1.123441e+00 -2.739592e+00 -3.640089e-01 1.939558e+00 -2.172931e+00 -3.640073e-01
2454036.945789 2.539057e+00 1.123499e+00 -2.739577e+00 -3.639992e-01 1.939550e+00 -2.172823e+00 -3.639976e-01
2454036.952329 2.111784e+00 1.123557e+00 -2.739563e+00 -3.639896e-01 1.939542e+00 -2.172717e+00 -3.639880e-01
2454036.958850 1.756412e+00 1.123615e+00 -2.739548e+00 -3.639800e-01 1.939534e+00 -2.172611e+00 -3.639783e-01
2454109.955540 3.206356e+00 1.734401e+00 -2.500061e+00 -2.469482e-01 1.419162e+00 -1.568587e+00 -2.469436e-01
2454109.962621 2.924143e+00 1.734456e+00 -2.500031e+00 -2.469361e-01 1.419100e+00 -1.568596e+00 -2.469315e-01
2454109.969741 3.206161e+00 1.734512e+00 -2.500001e+00 -2.469239e-01 1.419037e+00 -1.568605e+00 -2.469193e-01
2454109.976871 3.515378e+00 1.734567e+00 -2.499970e+00 -2.469116e-01 1.418975e+00 -1.568614e+00 -2.469070e-01
2454116.799064 3.434052e+00 1.787165e+00 -2.470125e+00 -2.351535e-01 1.361052e+00 -1.583520e+00 -2.351490e-01
2454116.805584 3.433996e+00 1.787214e+00 -2.470096e+00 -2.351422e-01 1.360999e+00 -1.583540e+00 -2.351377e-01
2454116.812125 3.131789e+00 1.787265e+00 -2.470067e+00 -2.351309e-01 1.360945e+00 -1.583560e+00 -2.351264e-01
2454116.818695 3.131737e+00 1.787315e+00 -2.470037e+00 -2.351195e-01 1.360892e+00 -1.583580e+00 -2.351150e-01
2454138.696852 3.815396e+00 1.950069e+00 -2.366397e+00 -1.966788e-01 1.218068e+00 -1.705491e+00 -1.966750e-01
2454138.703382 3.173586e+00 1.950116e+00 -2.366365e+00 -1.966672e-01 1.218038e+00 -1.705542e+00 -1.966633e-01
2454138.709922 3.173664e+00 1.950163e+00 -2.366332e+00 -1.966556e-01 1.218008e+00 -1.705593e+00 -1.966517e-01
2454138.716472 3.815677e+00 1.950210e+00 -2.366299e+00 -1.966439e-01 1.217978e+00 -1.705645e+00 -1.966400e-01
2454147.699601 2.759525e+00 2.014314e+00 -2.320356e+00 -1.805700e-01 1.185554e+00 -1.782744e+00 -1.805666e-01
2454147.706850 3.025893e+00 2.014365e+00 -2.320318e+00 -1.805570e-01 1.185535e+00 -1.782811e+00 -1.805535e-01
2454147.713970 3.026023e+00 2.014415e+00 -2.320281e+00 -1.805442e-01 1.185516e+00 -1.782877e+00 -1.805407e-01
2454156.619145 2.938165e+00 2.076333e+00 -2.272857e+00 -1.644633e-01 1.171990e+00 -1.870576e+00 -1.644604e-01
2454156.629755 2.938412e+00 2.076406e+00 -2.272799e+00 -1.644441e-01 1.171985e+00 -1.870685e+00 -1.644411e-01
2454156.638694 2.680054e+00 2.076467e+00 -2.272751e+00 -1.644278e-01 1.171982e+00 -1.870778e+00 -1.644249e-01
2454156.647674 2.444413e+00 2.076529e+00 -2.272702e+00 -1.644116e-01 1.171978e+00 -1.870871e+00 -1.644086e-01
2454231.617551 1.295380e+00 2.527938e+00 -1.805928e+00 -2.512285e-02 1.878280e+00 -2.579084e+00 -2.512542e-02
2454231.622900 1.707724e+00 2.527966e+00 -1.805891e+00 -2.511277e-02 1.878377e+00 -2.579107e+00 -2.511534e-02
2454231.628250 2.468527e+00 2.527993e+00 -1.805853e+00 -2.510269e-02 1.878473e+00 -2.579129e+00 -2.510525e-02
2454231.633600 1.295563e+00 2.528021e+00 -1.805816e+00 -2.509261e-02 1.878570e+00 -2.579151e+00 -2.509517e-02
2454524.937172 2.326513e+00 2.795703e+00 6.749808e-01 4.590492e-01 1.870369e+00 1.028307e+00 4.590518e-01
2454524.944282 2.796847e+00 2.795677e+00 6.750427e-01 4.590573e-01 1.870297e+00 1.028254e+00 4.590599e-01
2454561.799075 2.418445e+00 2.635264e+00 9.893845e-01 4.970460e-01 1.672351e+00 7.175176e-01 4.970474e-01
2454561.807425 2.907496e+00 2.635223e+00 9.894541e-01 4.970536e-01 1.672346e+00 7.174484e-01 4.970551e-01
2454561.815745 3.187881e+00 2.635181e+00 9.895233e-01 4.970613e-01 1.672341e+00 7.173794e-01 4.970628e-01
2454561.824116 2.418160e+00 2.635140e+00 9.895930e-01 4.970690e-01 1.672337e+00 7.173099e-01 4.970705e-01
2454570.770847 2.571951e+00 2.589339e+00 1.063564e+00 5.050404e-01 1.677089e+00 6.463794e-01 5.050415e-01
2454570.777407 2.820049e+00 2.589304e+00 1.063617e+00 5.050461e-01 1.677100e+00 6.463302e-01 5.050472e-01
2454570.783948 2.571880e+00 2.589270e+00 1.063671e+00 5.050517e-01 1.677111e+00 6.462811e-01 5.050528e-01
2454570.790488 2.819972e+00 2.589235e+00 1.063725e+00 5.050574e-01 1.677121e+00 6.462321e-01 5.050585e-01
2454583.744074 1.774095e+00 2.518194e+00 1.168854e+00 5.156716e-01 1.716734e+00 5.597356e-01 5.156722e-01
2454583.749974 1.945275e+00 2.518160e+00 1.168901e+00 5.156762e-01 1.716760e+00 5.597018e-01 5.156768e-01
2454583.755874 1.945293e+00 2.518127e+00 1.168948e+00 5.156808e-01 1.716786e+00 5.596679e-01 5.156814e-01
2454583.761774 2.811829e+00 2.518093e+00 1.168995e+00 5.156854e-01 1.716813e+00 5.596340e-01 5.156860e-01
2455006.913437 1.819313e+00 -1.628002e+00 1.436472e+00 6.595739e-02 -1.576639e+00 4.213383e-01 6.595897e-02
2455006.920588 1.819136e+00 -1.628059e+00 1.436405e+00 6.593821e-02 -1.576575e+00 4.212766e-01 6.593979e-02
2455006.927768 1.818957e+00 -1.628117e+00 1.436337e+00 6.591896e-02 -1.576512e+00 4.212147e-01 6.592053e-02
2455006.934929 1.994251e+00 -1.628174e+00 1.436270e+00 6.589975e-02 -1.576448e+00 4.211530e-01 6.590133e-02
2455058.843166 2.075547e+00 -1.975594e+00 8.973697e-01 -7.406269e-02 -1.172000e+00 2.810080e-01 -7.406389e-02
2455058.850426 2.075450e+00 -1.975633e+00 8.972884e-01 -7.408212e-02 -1.171964e+00 2.810254e-01 -7.408331e-02
2455058.857667 2.275579e+00 -1.975671e+00 8.972073e-01 -7.410149e-02 -1.171929e+00 2.810427e-01 -7.410269e-02
2455058.864907 2.075257e+00 -1.975709e+00 8.971263e-01 -7.412086e-02 -1.171893e+00 2.810600e-01 -7.412206e-02
2455069.858993 2.859215e+00 -2.030316e+00 7.725062e-01 -1.033927e-01 -1.128984e+00 3.156029e-01 -1.033945e-01
2455069.866233 2.859171e+00 -2.030350e+00 7.724231e-01 -1.034119e-01 -1.128964e+00 3.156305e-01 -1.034137e-01
2455069.873553 2.859126e+00 -2.030384e+00 7.723392e-01 -1.034313e-01 -1.128943e+00 3.156585e-01 -1.034331e-01
2455069.880724 2.859082e+00 -2.030417e+00 7.722570e-01 -1.034503e-01 -1.128922e+00 3.156859e-01 -1.034521e-01
2455074.762608 3.418983e+00 -2.052403e+00 7.160346e-01 -1.163377e-01 -1.117449e+00 3.355548e-01 -1.163397e-01
2455074.766438 3.418982e+00 -2.052420e+00 7.159903e-01 -1.163477e-01 -1.117441e+00 3.355713e-01 -1.163498e-01
2455074.770338 3.418982e+00 -2.052437e+00 7.159452e-01 -1.163580e-01 -1.117434e+00 3.355881e-01 -1.163600e-01
2455074.774208 3.418981e+00 -2.052454e+00 7.159004e-01 -1.163682e-01 -1.117427e+00 3.356048e-01 -1.163702e-01
2455095.715445 2.594903e+00 -2.130724e+00 4.696957e-01 -1.706380e-01 -1.127215e+00 4.386488e-01 -1.706410e-01
2455095.722065 2.845416e+00 -2.130745e+00 4.696168e-01 -1.706549e-01 -1.127234e+00 4.386833e-01 -1.706578e-01
2455095.728744 2.845579e+00 -2.130766e+00 4.695371e-01 -1.706719e-01 -1.127253e+00 4.387181e-01 -1.706749e-01
2455095.735464 2.845743e+00 -2.130787e+00 4.694570e-01 -1.706890e-01 -1.127273e+00 4.387531e-01 -1.706920e-01
2455101.756062 2.507604e+00 -2.148423e+00 3.974429e-01 -1.859305e-01 -1.148748e+00 4.698663e-01 -1.859337e-01
2455101.763281 2.507795e+00 -2.148442e+00 3.973563e-01 -1.859487e-01 -1.148779e+00 4.699032e-01 -1.859519e-01
2455101.770751 2.749959e+00 -2.148463e+00 3.972666e-01 -1.859675e-01 -1.148811e+00 4.699412e-01 -1.859707e-01
2455101.778061 2.750171e+00 -2.148483e+00 3.971789e-01 -1.859859e-01 -1.148842e+00 4.699785e-01 -1.859891e-01
2455143.589869 1.644278e+00 -2.210728e+00 -1.099238e-01 -2.858633e-01 -1.518347e+00 5.988110e-01 -2.858671e-01
2455143.597129 1.977082e+00 -2.210729e+00 -1.100121e-01 -2.858796e-01 -1.518440e+00 5.988095e-01 -2.858834e-01
2455143.604478 1.644652e+00 -2.210731e+00 -1.101015e-01 -2.858961e-01 -1.518534e+00 5.988080e-01 -2.858999e-01
2455143.611748 1.644838e+00 -2.210733e+00 -1.101899e-01 -2.859124e-01 -1.518628e+00 5.988065e-01 -2.859162e-01
2455157.575708 2.039887e+00 -2.208389e+00 -2.795910e-01 -3.164946e-01 -1.710850e+00 5.736706e-01 -3.164982e-01
2455157.582428 2.452735e+00 -2.208385e+00 -2.796723e-01 -3.165090e-01 -1.710947e+00 5.736472e-01 -3.165126e-01
2455157.589097 2.040302e+00 -2.208381e+00 -2.797529e-01 -3.165232e-01 -1.711045e+00 5.736239e-01 -3.165268e-01
2455157.595747 1.860965e+00 -2.208377e+00 -2.798333e-01 -3.165374e-01 -1.711142e+00 5.736007e-01 -3.165410e-01
1 0.5
