2	0.5	1000	 1	period_start period_step period_end fixed/free
0.0				initial epoch
0.0				initial rotation angle      
0.1				convexity weight      
3 3				degree and order of spherical harmonics      
6				number of rows        
0.5	1			scattering parameters
0.1	1
-0.5	1     
0.1	0			LS coeff                 
50				iteration stop condidion
10				minimum number of iterations (only if the above value < 1)
5				Alamda multiplicative factor
0.1				Alamda initial value
1
106 0 0.12 2005.11-2010.1 V 703_CATALINA
2453686.879190 3.005535e+00 -1.302737e+00 -2.468556e+00 5.753195e-01 -6.666187e-01 -1.710310e+00 5.753246e-01
2453686.886780 3.295458e+00 -1.302678e+00 -2.468602e+00 5.753128e-01 -6.666614e-01 -1.710272e+00 5.753179e-01
2453686.894380 3.005452e+00 -1.302618e+00 -2.468648e+00 5.753060e-01 -6.667042e-01 -1.710234e+00 5.753111e-01
2453686.901980 2.279837e+00 -1.302559e+00 -2.468693e+00 5.752992e-01 -6.667471e-01 -1.710196e+00 5.753043e-01
2453696.831910 3.597698e+00 -1.223996e+00 -2.526909e+00 5.660782e-01 -7.307829e-01 -1.671255e+00 5.660840e-01
2453696.837220 2.992452e+00 -1.223953e+00 -2.526939e+00 5.660730e-01 -7.308211e-01 -1.671240e+00 5.660789e-01
2453696.842510 2.992468e+00 -1.223911e+00 -2.526969e+00 5.660679e-01 -7.308592e-01 -1.671225e+00 5.660738e-01
2453696.847850 2.992484e+00 -1.223868e+00 -2.527000e+00 5.660628e-01 -7.308976e-01 -1.671210e+00 5.660686e-01
2453703.775570 2.767746e+00 -1.168149e+00 -2.565754e+00 5.592113e-01 -7.837717e-01 -1.657367e+00 5.592175e-01
2453703.783930 3.034851e+00 -1.168082e+00 -2.565800e+00 5.592028e-01 -7.838389e-01 -1.657358e+00 5.592090e-01
2453703.792290 2.767888e+00 -1.168014e+00 -2.565846e+00 5.591943e-01 -7.839060e-01 -1.657348e+00 5.592006e-01
2453703.800639 2.767958e+00 -1.167946e+00 -2.565892e+00 5.591858e-01 -7.839731e-01 -1.657338e+00 5.591921e-01
2453709.759721 3.735405e+00 -1.119454e+00 -2.597996e+00 5.530231e-01 -8.335143e-01 -1.654957e+00 5.530297e-01
2453709.767191 4.095939e+00 -1.119393e+00 -2.598035e+00 5.530152e-01 -8.335783e-01 -1.654960e+00 5.530218e-01
2453709.774591 4.096084e+00 -1.119332e+00 -2.598075e+00 5.530074e-01 -8.336417e-01 -1.654963e+00 5.530140e-01
2453709.782021 3.407095e+00 -1.119271e+00 -2.598114e+00 5.529996e-01 -8.337053e-01 -1.654966e+00 5.530061e-01
2453732.698585 2.131589e+00 -9.284322e-01 -2.710905e+00 5.270789e-01 -1.039228e+00 -1.733756e+00 5.270858e-01
2453732.703944 3.378524e+00 -9.283868e-01 -2.710929e+00 5.270724e-01 -1.039275e+00 -1.733791e+00 5.270793e-01
2453732.709314 1.617150e+00 -9.283414e-01 -2.710954e+00 5.270659e-01 -1.039323e+00 -1.733826e+00 5.270729e-01
2453737.717272 1.868416e+00 -8.858126e-01 -2.733337e+00 5.209507e-01 -1.083257e+00 -1.770050e+00 5.209576e-01
2453737.724611 1.704151e+00 -8.857501e-01 -2.733369e+00 5.209416e-01 -1.083320e+00 -1.770108e+00 5.209485e-01
2453737.731911 1.554327e+00 -8.856879e-01 -2.733401e+00 5.209326e-01 -1.083383e+00 -1.770165e+00 5.209395e-01
2453737.739241 2.246863e+00 -8.856255e-01 -2.733433e+00 5.209235e-01 -1.083446e+00 -1.770223e+00 5.209304e-01
2454110.849704 2.175060e+00 2.175134e+00 -2.226249e+00 -1.798110e-01 1.845112e+00 -1.299879e+00 -1.798064e-01
2454110.855744 1.372304e+00 2.175169e+00 -2.226211e+00 -1.798232e-01 1.845049e+00 -1.299876e+00 -1.798186e-01
2454110.861745 1.808963e+00 2.175205e+00 -2.226172e+00 -1.798354e-01 1.844985e+00 -1.299872e+00 -1.798308e-01
2454110.867775 1.649714e+00 2.175241e+00 -2.226133e+00 -1.798476e-01 1.844922e+00 -1.299869e+00 -1.798430e-01
2454116.825351 2.502011e+00 2.210222e+00 -2.187527e+00 -1.918934e-01 1.783694e+00 -1.301119e+00 -1.918889e-01
2454116.831861 2.743279e+00 2.210260e+00 -2.187484e+00 -1.919065e-01 1.783629e+00 -1.301125e+00 -1.919020e-01
2454116.838452 2.501788e+00 2.210298e+00 -2.187441e+00 -1.919198e-01 1.783564e+00 -1.301132e+00 -1.919153e-01
2454116.845102 2.281555e+00 2.210337e+00 -2.187397e+00 -1.919332e-01 1.783497e+00 -1.301138e+00 -1.919287e-01
2454138.732247 3.306214e+00 2.332145e+00 -2.039130e+00 -2.355801e-01 1.599726e+00 -1.378678e+00 -2.355763e-01
2454138.740587 3.306184e+00 2.332189e+00 -2.039071e+00 -2.355966e-01 1.599672e+00 -1.378726e+00 -2.355927e-01
2454138.751598 3.306143e+00 2.332248e+00 -2.038994e+00 -2.356183e-01 1.599601e+00 -1.378791e+00 -2.356144e-01
2454138.758118 3.015217e+00 2.332283e+00 -2.038949e+00 -2.356311e-01 1.599558e+00 -1.378829e+00 -2.356272e-01
2454147.741720 2.089444e+00 2.379120e+00 -1.975262e+00 -2.532354e-01 1.549954e+00 -1.438261e+00 -2.532319e-01
2454147.748720 1.905615e+00 2.379156e+00 -1.975212e+00 -2.532490e-01 1.549922e+00 -1.438313e+00 -2.532456e-01
2454147.755760 2.089487e+00 2.379192e+00 -1.975162e+00 -2.532627e-01 1.549890e+00 -1.438364e+00 -2.532593e-01
2454147.762790 1.737977e+00 2.379228e+00 -1.975111e+00 -2.532764e-01 1.549858e+00 -1.438416e+00 -2.532730e-01
2454147.839029 1.905868e+00 2.379617e+00 -1.974564e+00 -2.534250e-01 1.549515e+00 -1.438975e+00 -2.534215e-01
2454147.846239 2.754846e+00 2.379654e+00 -1.974512e+00 -2.534390e-01 1.549482e+00 -1.439028e+00 -2.534356e-01
2454147.853459 1.905909e+00 2.379691e+00 -1.974460e+00 -2.534531e-01 1.549450e+00 -1.439081e+00 -2.534497e-01
2454147.860659 2.512504e+00 2.379727e+00 -1.974409e+00 -2.534671e-01 1.549417e+00 -1.439134e+00 -2.534637e-01
2454153.695305 2.791821e+00 2.409115e+00 -1.932183e+00 -2.647915e-01 1.527206e+00 -1.484297e+00 -2.647884e-01
2454153.701865 2.322182e+00 2.409147e+00 -1.932135e+00 -2.648042e-01 1.527186e+00 -1.484350e+00 -2.648011e-01
2454153.708435 2.546273e+00 2.409180e+00 -1.932087e+00 -2.648169e-01 1.527166e+00 -1.484404e+00 -2.648138e-01
2454153.715015 2.546324e+00 2.409213e+00 -1.932039e+00 -2.648296e-01 1.527145e+00 -1.484457e+00 -2.648265e-01
2454230.666918 1.689687e+00 2.715957e+00 -1.318973e+00 -4.042342e-01 2.054129e+00 -2.081447e+00 -4.042367e-01
2454230.673358 1.689778e+00 2.715976e+00 -1.318918e+00 -4.042449e-01 2.054229e+00 -2.081465e+00 -4.042475e-01
2454230.679797 1.689868e+00 2.715995e+00 -1.318863e+00 -4.042557e-01 2.054330e+00 -2.081483e+00 -4.042582e-01
2454230.686197 2.227798e+00 2.716014e+00 -1.318808e+00 -4.042664e-01 2.054431e+00 -2.081500e+00 -4.042689e-01
2454236.651019 1.773764e+00 2.733087e+00 -1.267440e+00 -4.141475e-01 2.150603e+00 -2.093755e+00 -4.141504e-01
2454236.657549 1.119228e+00 2.733105e+00 -1.267383e+00 -4.141582e-01 2.150711e+00 -2.093763e+00 -4.141611e-01
2454236.664038 7.743559e-01 2.733123e+00 -1.267327e+00 -4.141689e-01 2.150819e+00 -2.093772e+00 -4.141718e-01
2454236.670518 7.743957e-01 2.733141e+00 -1.267271e+00 -4.141796e-01 2.150926e+00 -2.093781e+00 -4.141824e-01
2454476.974836 1.446272e+00 2.464959e+00 9.756003e-01 -6.341906e-01 2.120624e+00 1.896748e+00 -6.341882e-01
2454476.981757 1.446164e+00 2.464922e+00 9.756620e-01 -6.341905e-01 2.120473e+00 1.896768e+00 -6.341881e-01
2454476.987277 2.090219e+00 2.464893e+00 9.757112e-01 -6.341904e-01 2.120354e+00 1.896783e+00 -6.341880e-01
2454476.992888 1.738463e+00 2.464863e+00 9.757612e-01 -6.341904e-01 2.120232e+00 1.896799e+00 -6.341879e-01
2454504.016714 1.665604e+00 2.308049e+00 1.210962e+00 -6.304186e-01 1.575264e+00 1.870991e+00 -6.304159e-01
2454504.022784 1.826157e+00 2.308011e+00 1.211014e+00 -6.304170e-01 1.575154e+00 1.870964e+00 -6.304142e-01
2454504.028875 2.002186e+00 2.307972e+00 1.211065e+00 -6.304153e-01 1.575044e+00 1.870937e+00 -6.304126e-01
2454504.034965 1.263196e+00 2.307934e+00 1.211117e+00 -6.304137e-01 1.574934e+00 1.870911e+00 -6.304110e-01
2454530.922565 1.675983e+00 2.126250e+00 1.431644e+00 -6.196490e-01 1.167608e+00 1.686637e+00 -6.196465e-01
2454530.932785 1.837417e+00 2.126177e+00 1.431725e+00 -6.196435e-01 1.167486e+00 1.686547e+00 -6.196411e-01
2454530.942996 1.271002e+00 2.126103e+00 1.431805e+00 -6.196381e-01 1.167364e+00 1.686457e+00 -6.196356e-01
2454530.953237 1.675268e+00 2.126029e+00 1.431886e+00 -6.196326e-01 1.167242e+00 1.686367e+00 -6.196301e-01
2454572.947250 1.693097e+00 1.793113e+00 1.741592e+00 -5.882948e-01 8.964553e-01 1.290513e+00 -5.882938e-01
2454572.953680 1.544021e+00 1.793058e+00 1.741635e+00 -5.882886e-01 8.964478e-01 1.290458e+00 -5.882876e-01
2454572.960101 1.692873e+00 1.793003e+00 1.741679e+00 -5.882825e-01 8.964404e-01 1.290402e+00 -5.882814e-01
2454572.966541 1.692760e+00 1.792947e+00 1.741722e+00 -5.882763e-01 8.964329e-01 1.290346e+00 -5.882753e-01
2455060.936654 1.616963e+00 -2.393900e+00 -1.238585e-01 5.145940e-01 -1.569477e+00 -7.113959e-01 5.145927e-01
2455060.942654 1.344864e+00 -2.393904e+00 -1.239267e-01 5.146031e-01 -1.569422e+00 -7.113805e-01 5.146018e-01
2455060.948755 1.474539e+00 -2.393907e+00 -1.239961e-01 5.146124e-01 -1.569367e+00 -7.113648e-01 5.146111e-01
2455060.954845 1.344727e+00 -2.393911e+00 -1.240654e-01 5.146216e-01 -1.569311e+00 -7.113492e-01 5.146203e-01
2455090.926265 1.758850e+00 -2.389508e+00 -4.629559e-01 5.553878e-01 -1.390567e+00 -5.758559e-01 5.553850e-01
2455090.931795 1.604059e+00 -2.389504e+00 -4.630178e-01 5.553944e-01 -1.390553e+00 -5.758237e-01 5.553917e-01
2455090.937375 1.928465e+00 -2.389499e+00 -4.630803e-01 5.554011e-01 -1.390539e+00 -5.757912e-01 5.553984e-01
2455090.942955 1.758746e+00 -2.389494e+00 -4.631429e-01 5.554078e-01 -1.390525e+00 -5.757587e-01 5.554051e-01
2455099.906242 1.570718e+00 -2.380127e+00 -5.632100e-01 5.657622e-01 -1.378139e+00 -5.224409e-01 5.657591e-01
2455099.913552 1.570706e+00 -2.380118e+00 -5.632913e-01 5.657703e-01 -1.378137e+00 -5.223970e-01 5.657672e-01
2455099.921022 1.722231e+00 -2.380108e+00 -5.633744e-01 5.657786e-01 -1.378135e+00 -5.223522e-01 5.657755e-01
2455099.928533 1.888373e+00 -2.380099e+00 -5.634579e-01 5.657869e-01 -1.378133e+00 -5.223070e-01 5.657838e-01
2455121.818730 1.654489e+00 -2.342329e+00 -8.039959e-01 5.874944e-01 -1.431476e+00 -3.996477e-01 5.874907e-01
2455121.825020 1.814177e+00 -2.342316e+00 -8.040641e-01 5.874999e-01 -1.431507e+00 -3.996174e-01 5.874962e-01
2455121.831410 1.814245e+00 -2.342302e+00 -8.041334e-01 5.875055e-01 -1.431540e+00 -3.995866e-01 5.875018e-01
2455121.837679 1.814312e+00 -2.342288e+00 -8.042014e-01 5.875110e-01 -1.431572e+00 -3.995564e-01 5.875073e-01
2455133.726768 1.650933e+00 -2.313248e+00 -9.320528e-01 5.971788e-01 -1.507535e+00 -3.511175e-01 5.971750e-01
2455133.735247 1.505786e+00 -2.313225e+00 -9.321432e-01 5.971852e-01 -1.507600e+00 -3.510901e-01 5.971814e-01
2455133.740697 1.985111e+00 -2.313210e+00 -9.322013e-01 5.971893e-01 -1.507641e+00 -3.510725e-01 5.971855e-01
2455133.747537 1.252599e+00 -2.313192e+00 -9.322742e-01 5.971944e-01 -1.507694e+00 -3.510505e-01 5.971906e-01
2455145.678225 1.871119e+00 -2.278272e+00 -1.058255e+00 6.054055e-01 -1.612629e+00 -3.250239e-01 6.054018e-01
2455145.692175 1.706758e+00 -2.278228e+00 -1.058401e+00 6.054143e-01 -1.612767e+00 -3.250094e-01 6.054105e-01
2455145.700924 1.706931e+00 -2.278200e+00 -1.058492e+00 6.054198e-01 -1.612853e+00 -3.250003e-01 6.054160e-01
2455145.716733 1.871958e+00 -2.278150e+00 -1.058658e+00 6.054297e-01 -1.613009e+00 -3.249839e-01 6.054259e-01
2455160.719100 1.565829e+00 -2.226354e+00 -1.213355e+00 6.136520e-01 -1.777142e+00 -3.343642e-01 6.136485e-01
2455160.727720 1.717097e+00 -2.226321e+00 -1.213442e+00 6.136561e-01 -1.777244e+00 -3.343848e-01 6.136525e-01
2455160.736259 2.482244e+00 -2.226290e+00 -1.213529e+00 6.136601e-01 -1.777345e+00 -3.344054e-01 6.136566e-01
2455160.744029 2.064856e+00 -2.226261e+00 -1.213608e+00 6.136638e-01 -1.777437e+00 -3.344240e-01 6.136602e-01
2455181.633100 1.319397e+00 -2.140308e+00 -1.421333e+00 6.212832e-01 -2.040021e+00 -4.422710e-01 6.212803e-01
2455181.639170 1.097519e+00 -2.140280e+00 -1.421392e+00 6.212847e-01 -2.040099e+00 -4.423198e-01 6.212819e-01
2455181.645289 9.129547e-01 -2.140253e+00 -1.421452e+00 6.212863e-01 -2.040178e+00 -4.423689e-01 6.212835e-01
2455181.651409 7.594273e-01 -2.140226e+00 -1.421511e+00 6.212879e-01 -2.040257e+00 -4.424180e-01 6.212851e-01
2455212.585971 1.815493e+00 -1.985803e+00 -1.710590e+00 6.246301e-01 -2.412149e+00 -8.240797e-01 6.246290e-01
2455212.593311 1.655900e+00 -1.985763e+00 -1.710656e+00 6.246298e-01 -2.412225e+00 -8.242007e-01 6.246287e-01
2455212.600190 2.183087e+00 -1.985725e+00 -1.710718e+00 6.246295e-01 -2.412295e+00 -8.243141e-01 6.246284e-01
1 0.5
