2	0.5	1000	 1	period_start period_step period_end fixed/free
0.0				initial epoch
0.0				initial rotation angle      
0.1				convexity weight      
3 3				degree and order of spherical harmonics      
6				number of rows        
0.5	1			scattering parameters
0.1	1
-0.5	1     
0.1	0			LS coeff                 
50				iteration stop condidion
10				minimum number of iterations (only if the above value < 1)
5				Alamda multiplicative factor
0.1				Alamda initial value
1
99 0 0.12 2005.4-2009.7 V 703_CATALINA
2453480.899526 9.147541e-01 1.427744e+00 1.673030e+00 -1.957251e-01 5.605710e-01 1.165542e+00 -1.957286e-01
2453480.905486 1.099718e+00 1.427695e+00 1.673078e+00 -1.957155e-01 5.605713e-01 1.165501e+00 -1.957190e-01
2453480.917446 1.099600e+00 1.427595e+00 1.673176e+00 -1.956962e-01 5.605720e-01 1.165420e+00 -1.956997e-01
2453523.745122 1.129187e+00 1.037372e+00 1.977595e+00 -1.223715e-01 7.194787e-01 1.014476e+00 -1.223789e-01
2453523.751522 1.238183e+00 1.037310e+00 1.977634e+00 -1.223600e-01 7.195188e-01 1.014480e+00 -1.223674e-01
2453523.757922 1.129286e+00 1.037247e+00 1.977672e+00 -1.223485e-01 7.195590e-01 1.014484e+00 -1.223559e-01
2453523.764372 1.238292e+00 1.037184e+00 1.977711e+00 -1.223369e-01 7.195994e-01 1.014487e+00 -1.223443e-01
2453998.792389 9.685329e-01 -2.368552e+00 -3.446532e-01 3.879955e-01 -1.365525e+00 -3.955050e-01 3.879939e-01
2453998.799439 9.684944e-01 -2.368540e+00 -3.447277e-01 3.879916e-01 -1.365509e+00 -3.954588e-01 3.879900e-01
2453998.806489 8.832424e-01 -2.368528e+00 -3.448022e-01 3.879877e-01 -1.365493e+00 -3.954126e-01 3.879861e-01
2453998.813570 9.684173e-01 -2.368516e+00 -3.448770e-01 3.879837e-01 -1.365477e+00 -3.953662e-01 3.879821e-01
2454004.841063 1.032397e+00 -2.357468e+00 -4.084159e-01 3.844770e-01 -1.356237e+00 -3.556418e-01 3.844760e-01
2454004.849424 1.032365e+00 -2.357451e+00 -4.085038e-01 3.844720e-01 -1.356231e+00 -3.555866e-01 3.844709e-01
2454004.857754 1.032334e+00 -2.357435e+00 -4.085914e-01 3.844669e-01 -1.356224e+00 -3.555317e-01 3.844658e-01
2454004.866104 1.032302e+00 -2.357418e+00 -4.086792e-01 3.844618e-01 -1.356218e+00 -3.554766e-01 3.844608e-01
2454029.757877 8.754179e-01 -2.292975e+00 -6.672759e-01 3.669250e-01 -1.410895e+00 -2.057707e-01 3.669260e-01
2454029.767606 8.754615e-01 -2.292944e+00 -6.673755e-01 3.669172e-01 -1.410944e+00 -2.057226e-01 3.669182e-01
2454029.777336 9.599722e-01 -2.292912e+00 -6.674751e-01 3.669094e-01 -1.410994e+00 -2.056745e-01 3.669104e-01
2454029.787056 7.985098e-01 -2.292881e+00 -6.675746e-01 3.669016e-01 -1.411043e+00 -2.056265e-01 3.669026e-01
2454036.697014 8.332962e-01 -2.269669e+00 -7.379654e-01 3.611776e-01 -1.451115e+00 -1.747163e-01 3.611792e-01
2454036.703504 8.333350e-01 -2.269646e+00 -7.380311e-01 3.611720e-01 -1.451157e+00 -1.746905e-01 3.611736e-01
2454036.709984 8.333737e-01 -2.269624e+00 -7.380968e-01 3.611665e-01 -1.451199e+00 -1.746648e-01 3.611681e-01
2454036.716464 9.138186e-01 -2.269601e+00 -7.381625e-01 3.611609e-01 -1.451242e+00 -1.746391e-01 3.611626e-01
2454062.688815 6.780022e-01 -2.162102e+00 -9.955044e-01 3.364403e-01 -1.677997e+00 -1.347849e-01 3.364437e-01
2454062.695324 5.639799e-01 -2.162071e+00 -9.955672e-01 3.364335e-01 -1.678066e+00 -1.347933e-01 3.364369e-01
2454062.701864 4.691335e-01 -2.162040e+00 -9.956304e-01 3.364267e-01 -1.678134e+00 -1.348017e-01 3.364301e-01
2454062.708393 9.802325e-01 -2.162009e+00 -9.956934e-01 3.364198e-01 -1.678203e+00 -1.348102e-01 3.364232e-01
2454081.676823 7.746394e-01 -2.063795e+00 -1.174812e+00 3.152929e-01 -1.891048e+00 -2.055008e-01 3.152971e-01
2454081.682313 5.359544e-01 -2.063764e+00 -1.174863e+00 3.152864e-01 -1.891112e+00 -2.055352e-01 3.152907e-01
2454081.687823 7.065720e-01 -2.063733e+00 -1.174914e+00 3.152799e-01 -1.891176e+00 -2.055697e-01 3.152842e-01
2454081.693292 4.066164e-01 -2.063703e+00 -1.174964e+00 3.152735e-01 -1.891240e+00 -2.056040e-01 3.152777e-01
2454381.962682 4.151288e-01 8.700177e-01 -2.011458e+00 -1.982224e-01 1.836598e+00 -1.758131e+00 -1.982241e-01
2454381.967603 5.472220e-01 8.700690e-01 -2.011432e+00 -1.982303e-01 1.836626e+00 -1.758024e+00 -1.982320e-01
2454381.972493 5.999906e-01 8.701200e-01 -2.011406e+00 -1.982382e-01 1.836655e+00 -1.757916e+00 -1.982399e-01
2454381.977423 6.578472e-01 8.701714e-01 -2.011380e+00 -1.982461e-01 1.836683e+00 -1.757809e+00 -1.982479e-01
2454387.988364 8.203263e-01 9.324076e-01 -1.978396e+00 -2.078178e-01 1.865854e+00 -1.626721e+00 -2.078192e-01
2454387.992244 6.822926e-01 9.324475e-01 -1.978374e+00 -2.078239e-01 1.865870e+00 -1.626637e+00 -2.078253e-01
2454387.996104 6.822677e-01 9.324872e-01 -1.978352e+00 -2.078300e-01 1.865885e+00 -1.626553e+00 -2.078314e-01
2454387.999975 8.202360e-01 9.325270e-01 -1.978331e+00 -2.078361e-01 1.865900e+00 -1.626469e+00 -2.078375e-01
2454414.990195 7.417212e-01 1.199435e+00 -1.806021e+00 -2.480813e-01 1.867359e+00 -1.074872e+00 -2.480814e-01
2454414.992865 7.416982e-01 1.199461e+00 -1.806002e+00 -2.480850e-01 1.867349e+00 -1.074823e+00 -2.480851e-01
2454414.995535 6.168986e-01 1.199486e+00 -1.805983e+00 -2.480888e-01 1.867340e+00 -1.074773e+00 -2.480889e-01
2454414.998195 6.168795e-01 1.199511e+00 -1.805964e+00 -2.480925e-01 1.867330e+00 -1.074723e+00 -2.480926e-01
2454417.942362 4.956522e-01 1.227225e+00 -1.784847e+00 -2.521873e-01 1.855950e+00 -1.020619e+00 -2.521872e-01
2454417.950122 5.958501e-01 1.227298e+00 -1.784791e+00 -2.521980e-01 1.855917e+00 -1.020479e+00 -2.521979e-01
2454417.957913 5.957950e-01 1.227371e+00 -1.784734e+00 -2.522087e-01 1.855885e+00 -1.020338e+00 -2.522087e-01
2454417.965663 5.957402e-01 1.227443e+00 -1.784678e+00 -2.522194e-01 1.855852e+00 -1.020197e+00 -2.522194e-01
2454440.909094 5.864311e-01 1.432427e+00 -1.605325e+00 -2.819022e-01 1.707726e+00 -6.592469e-01 -2.819010e-01
2454440.915574 5.863797e-01 1.432482e+00 -1.605271e+00 -2.819100e-01 1.707672e+00 -6.591619e-01 -2.819088e-01
2454440.922055 5.863283e-01 1.432537e+00 -1.605217e+00 -2.819178e-01 1.707618e+00 -6.590769e-01 -2.819166e-01
2454440.928545 4.876438e-01 1.432592e+00 -1.605163e+00 -2.819256e-01 1.707564e+00 -6.589919e-01 -2.819244e-01
2454476.892005 5.107792e-01 1.708775e+00 -1.275894e+00 -3.196356e-01 1.365798e+00 -3.542432e-01 -3.196332e-01
2454476.900355 5.107202e-01 1.708832e+00 -1.275812e+00 -3.196430e-01 1.365718e+00 -3.542112e-01 -3.196406e-01
2454476.906886 6.139653e-01 1.708877e+00 -1.275747e+00 -3.196488e-01 1.365656e+00 -3.541863e-01 -3.196464e-01
2454476.913416 5.598925e-01 1.708921e+00 -1.275682e+00 -3.196546e-01 1.365593e+00 -3.541613e-01 -3.196522e-01
2454496.854057 6.913929e-01 1.834658e+00 -1.071364e+00 -3.354048e-01 1.191931e+00 -3.247774e-01 -3.354021e-01
2454496.859987 6.913492e-01 1.834692e+00 -1.071301e+00 -3.354089e-01 1.191886e+00 -3.247815e-01 -3.354062e-01
2454496.871228 6.304427e-01 1.834757e+00 -1.071182e+00 -3.354167e-01 1.191801e+00 -3.247895e-01 -3.354140e-01
2454496.877328 5.749333e-01 1.834792e+00 -1.071118e+00 -3.354209e-01 1.191755e+00 -3.247938e-01 -3.354182e-01
2454502.849647 7.147291e-01 1.868291e+00 -1.007350e+00 -3.393740e-01 1.149425e+00 -3.324674e-01 -3.393713e-01
2454502.858977 6.517862e-01 1.868342e+00 -1.007249e+00 -3.393799e-01 1.149363e+00 -3.324845e-01 -3.393772e-01
2454502.868318 7.835537e-01 1.868393e+00 -1.007149e+00 -3.393858e-01 1.149301e+00 -3.325017e-01 -3.393831e-01
2454502.877728 7.145494e-01 1.868444e+00 -1.007047e+00 -3.393918e-01 1.149239e+00 -3.325191e-01 -3.393890e-01
2454514.735699 9.513913e-01 1.929021e+00 -8.773159e-01 -3.461643e-01 1.083471e+00 -3.658354e-01 -3.461616e-01
2454514.742010 7.913088e-01 1.929051e+00 -8.772458e-01 -3.461675e-01 1.083444e+00 -3.658586e-01 -3.461648e-01
2454514.748150 7.216614e-01 1.929080e+00 -8.771776e-01 -3.461706e-01 1.083416e+00 -3.658812e-01 -3.461679e-01
2454514.754300 7.912629e-01 1.929109e+00 -8.771093e-01 -3.461738e-01 1.083389e+00 -3.659039e-01 -3.461711e-01
2454523.882184 8.453606e-01 1.970222e+00 -7.747014e-01 -3.503961e-01 1.051816e+00 -4.044115e-01 -3.503935e-01
2454523.890484 8.453541e-01 1.970258e+00 -7.746073e-01 -3.503996e-01 1.051795e+00 -4.044505e-01 -3.503970e-01
2454523.898744 8.453476e-01 1.970293e+00 -7.745137e-01 -3.504030e-01 1.051775e+00 -4.044892e-01 -3.504004e-01
2454523.907034 8.453411e-01 1.970328e+00 -7.744198e-01 -3.504064e-01 1.051754e+00 -4.045281e-01 -3.504039e-01
2454528.735591 8.457521e-01 1.990087e+00 -7.194482e-01 -3.522858e-01 1.042423e+00 -4.281472e-01 -3.522833e-01
2454528.742081 8.457583e-01 1.990113e+00 -7.193740e-01 -3.522882e-01 1.042414e+00 -4.281801e-01 -3.522857e-01
2454528.748551 9.273622e-01 1.990139e+00 -7.193000e-01 -3.522905e-01 1.042405e+00 -4.282129e-01 -3.522881e-01
2454528.755031 9.273690e-01 1.990164e+00 -7.192259e-01 -3.522929e-01 1.042396e+00 -4.282458e-01 -3.522904e-01
2454536.672194 8.643787e-01 2.019537e+00 -6.280206e-01 -3.548394e-01 1.038690e+00 -4.701067e-01 -3.548371e-01
2454536.679623 8.644064e-01 2.019563e+00 -6.279344e-01 -3.548415e-01 1.038693e+00 -4.701472e-01 -3.548392e-01
2454536.687063 8.644343e-01 2.019589e+00 -6.278481e-01 -3.548436e-01 1.038697e+00 -4.701878e-01 -3.548413e-01
2454536.694473 7.883983e-01 2.019615e+00 -6.277622e-01 -3.548456e-01 1.038700e+00 -4.702282e-01 -3.548433e-01
2454549.855093 7.156058e-01 2.059995e+00 -4.736186e-01 -3.575971e-01 1.065258e+00 -5.426300e-01 -3.575952e-01
2454549.862423 7.156514e-01 2.060015e+00 -4.735320e-01 -3.575981e-01 1.065284e+00 -5.426696e-01 -3.575962e-01
2454549.869762 7.847461e-01 2.060034e+00 -4.734452e-01 -3.575992e-01 1.065311e+00 -5.427093e-01 -3.575972e-01
2454549.877072 7.157427e-01 2.060054e+00 -4.733588e-01 -3.576002e-01 1.065337e+00 -5.427489e-01 -3.575983e-01
2454557.638116 7.036569e-01 2.078848e+00 -3.812459e-01 -3.583500e-01 1.100132e+00 -5.833151e-01 -3.583484e-01
2454557.647356 7.037255e-01 2.078868e+00 -3.811357e-01 -3.583505e-01 1.100181e+00 -5.833612e-01 -3.583489e-01
2454557.656585 6.418678e-01 2.078888e+00 -3.810258e-01 -3.583510e-01 1.100231e+00 -5.834073e-01 -3.583494e-01
2454557.665825 7.038626e-01 2.078908e+00 -3.809157e-01 -3.583515e-01 1.100281e+00 -5.834535e-01 -3.583499e-01
2454582.687005 5.497094e-01 2.113727e+00 -8.011271e-02 -3.563491e-01 1.301690e+00 -6.745860e-01 -3.563485e-01
2454582.693445 6.609518e-01 2.113731e+00 -8.003486e-02 -3.563478e-01 1.301758e+00 -6.745979e-01 -3.563471e-01
2454582.699895 6.028462e-01 2.113735e+00 -7.995688e-02 -3.563464e-01 1.301825e+00 -6.746099e-01 -3.563457e-01
2454582.706314 8.714514e-01 2.113739e+00 -7.987926e-02 -3.563450e-01 1.301893e+00 -6.746218e-01 -3.563443e-01
2454592.680358 5.215347e-01 2.116570e+00 4.076905e-02 -3.536758e-01 1.414526e+00 -6.838269e-01 -3.536755e-01
2454592.686778 5.718998e-01 2.116570e+00 4.084670e-02 -3.536737e-01 1.414603e+00 -6.838265e-01 -3.536735e-01
2454592.693187 4.338669e-01 2.116569e+00 4.092423e-02 -3.536716e-01 1.414680e+00 -6.838261e-01 -3.536714e-01
2454592.699587 5.216666e-01 2.116569e+00 4.100164e-02 -3.536696e-01 1.414758e+00 -6.838257e-01 -3.536694e-01
2455042.794992 7.179691e-01 -1.589059e+00 1.771124e+00 3.124072e-01 -9.762526e-01 9.617710e-01 3.124069e-01
2455042.800702 9.464614e-01 -1.589106e+00 1.771084e+00 3.124140e-01 -9.762227e-01 9.617901e-01 3.124137e-01
2455042.806322 1.037767e+00 -1.589152e+00 1.771045e+00 3.124207e-01 -9.761933e-01 9.618089e-01 3.124204e-01
2455042.812172 1.037760e+00 -1.589200e+00 1.771004e+00 3.124277e-01 -9.761627e-01 9.618285e-01 3.124274e-01
1 0.5
