2	0.5	1000	 1	period_start period_step period_end fixed/free
0.0				initial epoch
0.0				initial rotation angle      
0.1				convexity weight      
3 3				degree and order of spherical harmonics      
6				number of rows        
0.5	1			scattering parameters
0.1	1
-0.5	1     
0.1	0			LS coeff                 
50				iteration stop condidion
10				minimum number of iterations (only if the above value < 1)
5				Alamda multiplicative factor
0.1				Alamda initial value
2
24 0 0.12 2004.5-2004.6 R 703_CATALINA
2453127.882057 1.744123e+00 1.911348e+00 2.212035e+00 -6.110770e-01 1.165196e+00 1.534338e+00 -6.110834e-01
2453127.891257 2.520879e+00 1.911273e+00 2.212078e+00 -6.110613e-01 1.165225e+00 1.534263e+00 -6.110677e-01
2453127.900407 3.643570e+00 1.911198e+00 2.212121e+00 -6.110456e-01 1.165253e+00 1.534188e+00 -6.110520e-01
2453127.909558 4.802887e+00 1.911124e+00 2.212163e+00 -6.110300e-01 1.165282e+00 1.534114e+00 -6.110364e-01
2453137.820511 3.467736e+00 1.829156e+00 2.257101e+00 -5.937472e-01 1.205242e+00 1.462416e+00 -5.937548e-01
2453137.830941 3.162492e+00 1.829069e+00 2.257147e+00 -5.937286e-01 1.205293e+00 1.462350e+00 -5.937363e-01
2453137.841241 2.398905e+00 1.828982e+00 2.257192e+00 -5.937103e-01 1.205343e+00 1.462286e+00 -5.937180e-01
2453137.851601 5.011833e+00 1.828896e+00 2.257238e+00 -5.936919e-01 1.205394e+00 1.462221e+00 -5.936996e-01
2453146.838161 1.623453e+00 1.752804e+00 2.295803e+00 -5.774467e-01 1.255175e+00 1.414340e+00 -5.774553e-01
2453146.849561 1.623430e+00 1.752706e+00 2.295851e+00 -5.774258e-01 1.255245e+00 1.414290e+00 -5.774343e-01
2453146.860961 2.140067e+00 1.752609e+00 2.295898e+00 -5.774048e-01 1.255315e+00 1.414241e+00 -5.774134e-01
2453146.872321 1.780006e+00 1.752511e+00 2.295946e+00 -5.773839e-01 1.255385e+00 1.414191e+00 -5.773925e-01
2453162.785220 1.643465e+00 1.613766e+00 2.358902e+00 -5.472926e-01 1.365657e+00 1.374862e+00 -5.473021e-01
2453162.794390 1.975927e+00 1.613685e+00 2.358936e+00 -5.472748e-01 1.365726e+00 1.374857e+00 -5.472843e-01
2453162.803519 1.246756e+00 1.613604e+00 2.358970e+00 -5.472570e-01 1.365795e+00 1.374852e+00 -5.472665e-01
2453162.812649 1.137082e+00 1.613523e+00 2.359004e+00 -5.472393e-01 1.365864e+00 1.374847e+00 -5.472488e-01
2453175.747443 2.497232e+00 1.497111e+00 2.404903e+00 -5.215498e-01 1.465797e+00 1.389225e+00 -5.215595e-01
2453175.756693 3.292142e+00 1.497027e+00 2.404934e+00 -5.215311e-01 1.465870e+00 1.389250e+00 -5.215408e-01
2453175.765952 2.277710e+00 1.496942e+00 2.404965e+00 -5.215123e-01 1.465942e+00 1.389276e+00 -5.215220e-01
2453175.775252 1.894604e+00 1.496857e+00 2.404996e+00 -5.214934e-01 1.466014e+00 1.389302e+00 -5.215032e-01
2453181.675813 2.350533e+00 1.442712e+00 2.424288e+00 -5.094133e-01 1.511671e+00 1.410121e+00 -5.094230e-01
2453181.685152 2.143826e+00 1.442625e+00 2.424318e+00 -5.093940e-01 1.511743e+00 1.410161e+00 -5.094037e-01
2453181.694462 2.350783e+00 1.442539e+00 2.424347e+00 -5.093748e-01 1.511814e+00 1.410201e+00 -5.093845e-01
2453181.703821 2.350908e+00 1.442453e+00 2.424377e+00 -5.093555e-01 1.511886e+00 1.410241e+00 -5.093651e-01
80 0 0.12 2005.9-2008.5 V 703_CATALINA
2453628.865841 1.338850e+00 -2.054998e+00 -2.559726e-01 5.215158e-01 -1.057963e+00 -3.865674e-01 5.215142e-01
2453628.873981 1.609587e+00 -2.054990e+00 -2.560784e-01 5.215206e-01 -1.057939e+00 -3.865349e-01 5.215190e-01
2453628.882062 1.338742e+00 -2.054982e+00 -2.561834e-01 5.215253e-01 -1.057916e+00 -3.865026e-01 5.215237e-01
2453628.890162 1.467842e+00 -2.054974e+00 -2.562887e-01 5.215300e-01 -1.057892e+00 -3.864702e-01 5.215284e-01
2453673.714060 1.381243e+00 -1.949303e+00 -8.255391e-01 5.318722e-01 -1.154222e+00 -2.306673e-01 5.318760e-01
2453673.720040 1.514597e+00 -1.949281e+00 -8.256126e-01 5.318715e-01 -1.154264e+00 -2.306588e-01 5.318753e-01
2453673.726059 1.381415e+00 -1.949259e+00 -8.256865e-01 5.318708e-01 -1.154305e+00 -2.306502e-01 5.318747e-01
2453673.732049 1.381500e+00 -1.949237e+00 -8.257601e-01 5.318701e-01 -1.154347e+00 -2.306417e-01 5.318740e-01
2453680.681816 1.242573e+00 -1.922453e+00 -9.105405e-01 5.306948e-01 -1.206796e+00 -2.247281e-01 5.306994e-01
2453680.688356 1.362562e+00 -1.922426e+00 -9.106197e-01 5.306934e-01 -1.206849e+00 -2.247265e-01 5.306979e-01
2453680.694905 1.494138e+00 -1.922400e+00 -9.106990e-01 5.306919e-01 -1.206902e+00 -2.247249e-01 5.306965e-01
2453680.701455 1.494257e+00 -1.922373e+00 -9.107783e-01 5.306905e-01 -1.206955e+00 -2.247233e-01 5.306950e-01
2453711.663872 1.020355e+00 -1.772417e+00 -1.272199e+00 5.168848e-01 -1.518517e+00 -3.203057e-01 5.168914e-01
2453711.671932 9.306934e-01 -1.772372e+00 -1.272289e+00 5.168794e-01 -1.518608e+00 -3.203607e-01 5.168860e-01
2453711.679961 9.308113e-01 -1.772327e+00 -1.272379e+00 5.168741e-01 -1.518699e+00 -3.204155e-01 5.168807e-01
2453711.688000 1.227204e+00 -1.772282e+00 -1.272469e+00 5.168688e-01 -1.518790e+00 -3.204704e-01 5.168754e-01
2453729.652124 1.029306e+00 -1.664347e+00 -1.467942e+00 5.028052e-01 -1.722077e+00 -4.861067e-01 5.028122e-01
2453729.660074 1.128753e+00 -1.664296e+00 -1.468026e+00 5.027981e-01 -1.722164e+00 -4.861992e-01 5.028050e-01
2453729.668073 1.029564e+00 -1.664245e+00 -1.468110e+00 5.027909e-01 -1.722253e+00 -4.862922e-01 5.027978e-01
2453729.676053 1.237964e+00 -1.664193e+00 -1.468195e+00 5.027837e-01 -1.722341e+00 -4.863851e-01 5.027907e-01
2453773.602532 1.124841e+00 -1.346585e+00 -1.894379e+00 4.518920e-01 -2.080518e+00 -1.235543e+00 4.518973e-01
2453773.607922 1.233451e+00 -1.346543e+00 -1.894427e+00 4.518844e-01 -2.080538e+00 -1.235660e+00 4.518898e-01
2453773.613241 1.783004e+00 -1.346500e+00 -1.894474e+00 4.518770e-01 -2.080559e+00 -1.235775e+00 4.518823e-01
2453773.618591 6.474151e-01 -1.346457e+00 -1.894521e+00 4.518695e-01 -2.080579e+00 -1.235891e+00 4.518748e-01
2454054.940355 1.428918e+00 1.306558e+00 -2.733672e+00 -1.468607e-01 1.904211e+00 -1.945520e+00 -1.468577e-01
2454054.946926 1.428846e+00 1.306616e+00 -2.733659e+00 -1.468759e-01 1.904177e+00 -1.945438e+00 -1.468729e-01
2454054.953506 1.303057e+00 1.306674e+00 -2.733645e+00 -1.468911e-01 1.904143e+00 -1.945356e+00 -1.468881e-01
2454054.959987 1.188343e+00 1.306732e+00 -2.733631e+00 -1.469061e-01 1.904110e+00 -1.945276e+00 -1.469031e-01
2454109.955056 2.309527e+00 1.771282e+00 -2.576397e+00 -2.711560e-01 1.456051e+00 -1.644920e+00 -2.711514e-01
2454109.962137 2.309488e+00 1.771339e+00 -2.576372e+00 -2.711715e-01 1.455991e+00 -1.644934e+00 -2.711669e-01
2454109.969257 2.106243e+00 1.771396e+00 -2.576347e+00 -2.711872e-01 1.455930e+00 -1.644948e+00 -2.711826e-01
2454109.976387 1.751867e+00 1.771453e+00 -2.576321e+00 -2.712028e-01 1.455869e+00 -1.644963e+00 -2.711982e-01
2454116.798531 1.733930e+00 1.825680e+00 -2.551350e+00 -2.861287e-01 1.399575e+00 -1.664740e+00 -2.861242e-01
2454116.805051 1.733923e+00 1.825731e+00 -2.551325e+00 -2.861429e-01 1.399524e+00 -1.664765e+00 -2.861384e-01
2454116.811591 1.733916e+00 1.825783e+00 -2.551301e+00 -2.861572e-01 1.399472e+00 -1.664790e+00 -2.861526e-01
2454116.818161 2.285737e+00 1.825835e+00 -2.551276e+00 -2.861715e-01 1.399420e+00 -1.664814e+00 -2.861669e-01
2454128.738185 1.459909e+00 1.918638e+00 -2.504957e+00 -3.119441e-01 1.314830e+00 -1.726992e+00 -3.119399e-01
2454128.743725 2.537069e+00 1.918680e+00 -2.504935e+00 -3.119560e-01 1.314796e+00 -1.727029e+00 -3.119518e-01
2454128.749275 2.110273e+00 1.918723e+00 -2.504912e+00 -3.119679e-01 1.314762e+00 -1.727065e+00 -3.119637e-01
2454128.754805 1.755275e+00 1.918766e+00 -2.504890e+00 -3.119798e-01 1.314728e+00 -1.727102e+00 -3.119755e-01
2454140.658416 2.025640e+00 2.008910e+00 -2.455335e+00 -3.373053e-01 1.254183e+00 -1.819990e+00 -3.373015e-01
2454140.664886 1.278141e+00 2.008958e+00 -2.455307e+00 -3.373190e-01 1.254157e+00 -1.820048e+00 -3.373152e-01
2454140.671366 1.278189e+00 2.009007e+00 -2.455279e+00 -3.373326e-01 1.254132e+00 -1.820106e+00 -3.373288e-01
2454140.677846 1.401560e+00 2.009055e+00 -2.455251e+00 -3.373463e-01 1.254107e+00 -1.820164e+00 -3.373425e-01
2454147.697776 1.610501e+00 2.061004e+00 -2.424529e+00 -3.520790e-01 1.232261e+00 -1.886891e+00 -3.520756e-01
2454147.704935 1.221755e+00 2.061056e+00 -2.424497e+00 -3.520939e-01 1.232245e+00 -1.886963e+00 -3.520905e-01
2454147.712135 1.468952e+00 2.061109e+00 -2.424465e+00 -3.521090e-01 1.232228e+00 -1.887035e+00 -3.521055e-01
2454147.719395 1.469031e+00 2.061162e+00 -2.424433e+00 -3.521241e-01 1.232211e+00 -1.887108e+00 -3.521207e-01
2454149.646610 1.490896e+00 2.075264e+00 -2.415808e+00 -3.561415e-01 1.228214e+00 -1.906731e+00 -3.561382e-01
2454149.655269 1.792573e+00 2.075327e+00 -2.415769e+00 -3.561595e-01 1.228198e+00 -1.906820e+00 -3.561562e-01
2454149.663939 1.634958e+00 2.075390e+00 -2.415730e+00 -3.561776e-01 1.228182e+00 -1.906910e+00 -3.561743e-01
2454149.672588 1.792817e+00 2.075453e+00 -2.415691e+00 -3.561956e-01 1.228166e+00 -1.906999e+00 -3.561923e-01
2454525.895227 1.564159e+00 3.280318e+00 2.315711e-01 -8.213379e-01 2.348965e+00 5.693886e-01 -8.213354e-01
2454525.902398 2.260783e+00 3.280309e+00 2.316294e-01 -8.213394e-01 2.348912e+00 5.693305e-01 -8.213368e-01
2454525.909548 1.426386e+00 3.280300e+00 2.316875e-01 -8.213409e-01 2.348859e+00 5.692725e-01 -8.213383e-01
2454525.916768 1.563921e+00 3.280291e+00 2.317462e-01 -8.213423e-01 2.348805e+00 5.692139e-01 -8.213398e-01
2454531.808556 1.808657e+00 3.272397e+00 2.796026e-01 -8.224547e-01 2.309701e+00 5.197781e-01 -8.224523e-01
2454531.819156 1.649409e+00 3.272382e+00 2.796886e-01 -8.224565e-01 2.309639e+00 5.196865e-01 -8.224541e-01
2454531.829777 1.808424e+00 3.272367e+00 2.797748e-01 -8.224583e-01 2.309577e+00 5.195947e-01 -8.224559e-01
2454531.840377 1.504085e+00 3.272352e+00 2.798609e-01 -8.224601e-01 2.309515e+00 5.195031e-01 -8.224577e-01
2454531.879629 1.807876e+00 3.272297e+00 2.801795e-01 -8.224668e-01 2.309286e+00 5.191638e-01 -8.224644e-01
2454531.889439 1.503637e+00 3.272283e+00 2.802591e-01 -8.224685e-01 2.309228e+00 5.190790e-01 -8.224660e-01
2454531.899329 1.648606e+00 3.272269e+00 2.803394e-01 -8.224702e-01 2.309171e+00 5.189935e-01 -8.224677e-01
2454531.909140 1.371170e+00 3.272255e+00 2.804190e-01 -8.224718e-01 2.309114e+00 5.189086e-01 -8.224694e-01
2454555.820685 2.187127e+00 3.231260e+00 4.737378e-01 -8.247259e-01 2.247211e+00 3.025013e-01 -8.247242e-01
2454555.827845 1.819162e+00 3.231245e+00 4.737954e-01 -8.247260e-01 2.247216e+00 3.024371e-01 -8.247243e-01
2454555.834985 1.513103e+00 3.231231e+00 4.738529e-01 -8.247261e-01 2.247221e+00 3.023731e-01 -8.247244e-01
2454555.842105 1.659074e+00 3.231217e+00 4.739102e-01 -8.247263e-01 2.247226e+00 3.023093e-01 -8.247246e-01
2454563.800786 1.819624e+00 3.214396e+00 5.378316e-01 -8.246686e-01 2.260846e+00 2.328609e-01 -8.246672e-01
2454563.806676 1.513506e+00 3.214383e+00 5.378788e-01 -8.246684e-01 2.260863e+00 2.328112e-01 -8.246670e-01
2454563.812566 1.513514e+00 3.214370e+00 5.379260e-01 -8.246682e-01 2.260879e+00 2.327615e-01 -8.246668e-01
2454563.818446 1.380349e+00 3.214357e+00 5.379732e-01 -8.246680e-01 2.260895e+00 2.327119e-01 -8.246666e-01
2454591.723476 8.801788e-01 3.142837e+00 7.597710e-01 -8.212331e-01 2.429331e+00 4.678677e-02 -8.212328e-01
2454591.730566 1.160351e+00 3.142816e+00 7.598268e-01 -8.212316e-01 2.429395e+00 4.675586e-02 -8.212313e-01
2454591.737695 9.651785e-01 3.142795e+00 7.598829e-01 -8.212300e-01 2.429459e+00 4.672478e-02 -8.212298e-01
2454591.744805 1.677358e+00 3.142774e+00 7.599389e-01 -8.212285e-01 2.429522e+00 4.669380e-02 -8.212283e-01
2454592.759706 1.687550e+00 3.139805e+00 7.679256e-01 -8.210079e-01 2.438720e+00 4.237537e-02 -8.210077e-01
2454592.769415 1.539153e+00 3.139776e+00 7.680020e-01 -8.210058e-01 2.438809e+00 4.233506e-02 -8.210056e-01
2454592.779165 1.687748e+00 3.139748e+00 7.680787e-01 -8.210036e-01 2.438898e+00 4.229460e-02 -8.210034e-01
2454592.788894 2.029238e+00 3.139719e+00 7.681552e-01 -8.210015e-01 2.438987e+00 4.225425e-02 -8.210013e-01
1 0.5
2 0.5
