2	0.5	1000	 1	period_start period_step period_end fixed/free
0.0				initial epoch
0.0				initial rotation angle      
0.1				convexity weight      
3 3				degree and order of spherical harmonics      
6				number of rows        
0.5	1			scattering parameters
0.1	1
-0.5	1     
0.1	0			LS coeff                 
50				iteration stop condidion
10				minimum number of iterations (only if the above value < 1)
5				Alamda multiplicative factor
0.1				Alamda initial value
1
99 0 0.12 2005.10-2009.9 V 703_CATALINA
2453668.832658 3.417500e+00 -1.909896e+00 -2.051841e+00 3.238018e-01 -1.066056e+00 -1.525960e+00 3.238051e-01
2453668.841238 3.747120e+00 -1.909843e+00 -2.051909e+00 3.237915e-01 -1.066083e+00 -1.525904e+00 3.237948e-01
2453668.849858 3.116636e+00 -1.909789e+00 -2.051977e+00 3.237811e-01 -1.066110e+00 -1.525847e+00 3.237844e-01
2453668.858448 2.842333e+00 -1.909735e+00 -2.052045e+00 3.237708e-01 -1.066137e+00 -1.525790e+00 3.237741e-01
2453668.896159 2.155887e+00 -1.909499e+00 -2.052344e+00 3.237254e-01 -1.066255e+00 -1.525541e+00 3.237287e-01
2453668.908100 2.841910e+00 -1.909424e+00 -2.052439e+00 3.237110e-01 -1.066293e+00 -1.525462e+00 3.237143e-01
2453668.920160 3.115980e+00 -1.909349e+00 -2.052534e+00 3.236965e-01 -1.066330e+00 -1.525383e+00 3.236998e-01
2453668.932280 3.746098e+00 -1.909273e+00 -2.052631e+00 3.236819e-01 -1.066369e+00 -1.525303e+00 3.236852e-01
2453679.805394 2.550629e+00 -1.839784e+00 -2.137226e+00 3.103477e-01 -1.113533e+00 -1.462324e+00 3.103521e-01
2453679.810234 2.796711e+00 -1.839753e+00 -2.137263e+00 3.103416e-01 -1.113559e+00 -1.462301e+00 3.103461e-01
2453679.815074 3.066534e+00 -1.839721e+00 -2.137300e+00 3.103356e-01 -1.113586e+00 -1.462277e+00 3.103401e-01
2453679.819924 3.066536e+00 -1.839689e+00 -2.137337e+00 3.103295e-01 -1.113612e+00 -1.462253e+00 3.103340e-01
2453684.858556 5.353367e+00 -1.806522e+00 -2.175431e+00 3.039872e-01 -1.143606e+00 -1.439867e+00 3.039921e-01
2453684.865456 4.882385e+00 -1.806476e+00 -2.175483e+00 3.039785e-01 -1.143650e+00 -1.439840e+00 3.039834e-01
2453684.872376 4.882442e+00 -1.806430e+00 -2.175535e+00 3.039697e-01 -1.143695e+00 -1.439812e+00 3.039746e-01
2453684.879246 4.882499e+00 -1.806384e+00 -2.175586e+00 3.039610e-01 -1.143739e+00 -1.439785e+00 3.039659e-01
2453700.831139 2.496279e+00 -1.697553e+00 -2.291462e+00 2.832391e-01 -1.266233e+00 -1.403833e+00 2.832452e-01
2453700.837709 2.276731e+00 -1.697507e+00 -2.291508e+00 2.832304e-01 -1.266291e+00 -1.403830e+00 2.832365e-01
2453700.844229 2.496491e+00 -1.697462e+00 -2.291554e+00 2.832217e-01 -1.266348e+00 -1.403827e+00 2.832278e-01
2453700.850738 2.496597e+00 -1.697416e+00 -2.291600e+00 2.832131e-01 -1.266405e+00 -1.403825e+00 2.832192e-01
2453786.606532 1.655416e+00 -1.031032e+00 -2.785021e+00 1.584353e-01 -1.897716e+00 -2.309128e+00 1.584397e-01
2453786.612581 1.655525e+00 -1.030981e+00 -2.785047e+00 1.584259e-01 -1.897717e+00 -2.309247e+00 1.584303e-01
2453786.618551 2.182549e+00 -1.030931e+00 -2.785074e+00 1.584166e-01 -1.897717e+00 -2.309364e+00 1.584211e-01
2453786.624500 1.990637e+00 -1.030881e+00 -2.785100e+00 1.584073e-01 -1.897718e+00 -2.309480e+00 1.584118e-01
2453999.961505 3.498549e+00 8.635592e-01 -3.020185e+00 -1.849493e-01 1.867076e+00 -3.051016e+00 -1.849507e-01
2453999.966205 1.158444e+00 8.635998e-01 -3.020175e+00 -1.849565e-01 1.867118e+00 -3.050925e+00 -1.849580e-01
2453999.970886 2.909796e+00 8.636403e-01 -3.020165e+00 -1.849637e-01 1.867160e+00 -3.050835e+00 -1.849652e-01
2453999.975586 2.909710e+00 8.636810e-01 -3.020155e+00 -1.849709e-01 1.867202e+00 -3.050745e+00 -1.849724e-01
2454109.954357 3.181124e+00 1.748864e+00 -2.619987e+00 -3.404331e-01 1.433644e+00 -1.688506e+00 -3.404286e-01
2454109.961457 3.487915e+00 1.748916e+00 -2.619951e+00 -3.404421e-01 1.433579e+00 -1.688509e+00 -3.404375e-01
2454109.968568 3.180907e+00 1.748967e+00 -2.619915e+00 -3.404511e-01 1.433513e+00 -1.688513e+00 -3.404465e-01
2454109.975668 3.824162e+00 1.749019e+00 -2.619879e+00 -3.404601e-01 1.433447e+00 -1.688517e+00 -3.404555e-01
2454116.798970 2.141915e+00 1.798421e+00 -2.584749e+00 -3.490115e-01 1.372310e+00 -1.698143e+00 -3.490070e-01
2454116.805490 2.348516e+00 1.798468e+00 -2.584715e+00 -3.490196e-01 1.372253e+00 -1.698158e+00 -3.490151e-01
2454116.812021 2.575044e+00 1.798515e+00 -2.584681e+00 -3.490277e-01 1.372197e+00 -1.698173e+00 -3.490232e-01
2454116.818601 2.348420e+00 1.798562e+00 -2.584646e+00 -3.490359e-01 1.372141e+00 -1.698188e+00 -3.490314e-01
2454128.738190 5.285276e+00 1.882974e+00 -2.520596e+00 -3.636082e-01 1.279166e+00 -1.742631e+00 -3.636040e-01
2454128.743730 5.285280e+00 1.883012e+00 -2.520565e+00 -3.636148e-01 1.279128e+00 -1.742659e+00 -3.636106e-01
2454128.749280 5.285284e+00 1.883051e+00 -2.520535e+00 -3.636215e-01 1.279090e+00 -1.742687e+00 -3.636173e-01
2454128.754810 4.009302e+00 1.883090e+00 -2.520504e+00 -3.636282e-01 1.279052e+00 -1.742716e+00 -3.636239e-01
2454140.658000 3.405500e+00 1.964893e+00 -2.453211e+00 -3.776992e-01 1.210170e+00 -1.817861e+00 -3.776954e-01
2454140.664470 3.405574e+00 1.964937e+00 -2.453174e+00 -3.777067e-01 1.210140e+00 -1.817909e+00 -3.777029e-01
2454140.670949 3.105987e+00 1.964980e+00 -2.453136e+00 -3.777142e-01 1.210111e+00 -1.817957e+00 -3.777104e-01
2454140.677429 3.106054e+00 1.965024e+00 -2.453099e+00 -3.777218e-01 1.210081e+00 -1.818006e+00 -3.777180e-01
2454149.646808 2.687384e+00 2.024955e+00 -2.400239e+00 -3.879958e-01 1.177903e+00 -1.891165e+00 -3.879925e-01
2454149.655468 2.235373e+00 2.025012e+00 -2.400187e+00 -3.880056e-01 1.177881e+00 -1.891242e+00 -3.880022e-01
2454149.664137 2.687636e+00 2.025069e+00 -2.400135e+00 -3.880154e-01 1.177859e+00 -1.891318e+00 -3.880120e-01
2454149.672787 1.695863e+00 2.025126e+00 -2.400084e+00 -3.880251e-01 1.177837e+00 -1.891394e+00 -3.880218e-01
2454156.663310 2.804748e+00 2.070778e+00 -2.357630e+00 -3.958301e-01 1.166114e+00 -1.956046e+00 -3.958272e-01
2454156.670559 2.558086e+00 2.070825e+00 -2.357585e+00 -3.958381e-01 1.166108e+00 -1.956116e+00 -3.958352e-01
2454156.687749 2.805210e+00 2.070936e+00 -2.357480e+00 -3.958571e-01 1.166095e+00 -1.956281e+00 -3.958541e-01
2454156.695038 2.805348e+00 2.070983e+00 -2.357435e+00 -3.958651e-01 1.166089e+00 -1.956352e+00 -3.958622e-01
2454230.667500 1.118173e+00 2.491793e+00 -1.845864e+00 -4.666355e-01 1.829972e+00 -2.608344e+00 -4.666380e-01
2454230.673929 1.474113e+00 2.491824e+00 -1.845815e+00 -4.666406e-01 1.830085e+00 -2.608368e+00 -4.666431e-01
2454230.680379 1.118285e+00 2.491855e+00 -1.845766e+00 -4.666458e-01 1.830198e+00 -2.608392e+00 -4.666483e-01
2454236.651603 2.445081e+00 2.520438e+00 -1.799910e+00 -4.713444e-01 1.937962e+00 -2.626231e+00 -4.713473e-01
2454236.658132 1.854874e+00 2.520469e+00 -1.799860e+00 -4.713494e-01 1.938082e+00 -2.626245e+00 -4.713523e-01
2454236.664612 2.939917e+00 2.520499e+00 -1.799810e+00 -4.713544e-01 1.938202e+00 -2.626260e+00 -4.713573e-01
2454236.671101 2.940059e+00 2.520530e+00 -1.799759e+00 -4.713595e-01 1.938322e+00 -2.626275e+00 -4.713623e-01
2454503.988448 1.032458e+00 2.754364e+00 6.346604e-01 -4.896941e-01 2.021913e+00 1.295052e+00 -4.896914e-01
2454503.996009 1.492212e+00 2.754338e+00 6.347311e-01 -4.896888e-01 2.021797e+00 1.295025e+00 -4.896860e-01
2454504.003599 1.131848e+00 2.754312e+00 6.348022e-01 -4.896834e-01 2.021682e+00 1.294999e+00 -4.896806e-01
2454504.011170 1.131738e+00 2.754286e+00 6.348731e-01 -4.896780e-01 2.021566e+00 1.294973e+00 -4.896753e-01
2454554.902931 1.569358e+00 2.534557e+00 1.098121e+00 -4.455946e-01 1.548183e+00 9.425197e-01 -4.455928e-01
2454554.910091 1.431188e+00 2.534520e+00 1.098184e+00 -4.455873e-01 1.548163e+00 9.424604e-01 -4.455855e-01
2454554.917241 1.431103e+00 2.534483e+00 1.098246e+00 -4.455800e-01 1.548143e+00 9.424013e-01 -4.455782e-01
2454554.924431 1.569081e+00 2.534445e+00 1.098310e+00 -4.455726e-01 1.548123e+00 9.423418e-01 -4.455709e-01
2454561.830035 2.155457e+00 2.497757e+00 1.158609e+00 -4.383785e-01 1.534980e+00 8.862279e-01 -4.383770e-01
2454561.838775 2.363278e+00 2.497710e+00 1.158685e+00 -4.383692e-01 1.534971e+00 8.861585e-01 -4.383677e-01
2454561.847416 2.591138e+00 2.497663e+00 1.158760e+00 -4.383600e-01 1.534962e+00 8.860899e-01 -4.383585e-01
2454561.856066 2.590993e+00 2.497616e+00 1.158835e+00 -4.383508e-01 1.534954e+00 8.860212e-01 -4.383493e-01
2454568.878309 1.724893e+00 2.458634e+00 1.219376e+00 -4.307413e-01 1.533856e+00 8.321379e-01 -4.307401e-01
2454568.883839 2.073727e+00 2.458602e+00 1.219423e+00 -4.307352e-01 1.533859e+00 8.320972e-01 -4.307340e-01
2454568.889409 2.073675e+00 2.458571e+00 1.219471e+00 -4.307290e-01 1.533863e+00 8.320561e-01 -4.307278e-01
2454568.895009 1.724765e+00 2.458539e+00 1.219519e+00 -4.307228e-01 1.533867e+00 8.320148e-01 -4.307217e-01
2454580.877459 3.183737e+00 2.388155e+00 1.320875e+00 -4.170613e-01 1.558626e+00 7.519160e-01 -4.170606e-01
2454580.883989 2.648101e+00 2.388116e+00 1.320929e+00 -4.170536e-01 1.558648e+00 7.518775e-01 -4.170529e-01
2454580.890589 2.903569e+00 2.388076e+00 1.320984e+00 -4.170459e-01 1.558670e+00 7.518385e-01 -4.170451e-01
2454580.897139 2.648073e+00 2.388036e+00 1.321039e+00 -4.170382e-01 1.558692e+00 7.517999e-01 -4.170374e-01
2454591.790767 2.435417e+00 2.319857e+00 1.410872e+00 -4.038861e-01 1.607151e+00 6.970652e-01 -4.038859e-01
2454591.798377 2.435460e+00 2.319808e+00 1.410934e+00 -4.038767e-01 1.607193e+00 6.970342e-01 -4.038764e-01
2454591.805967 2.221205e+00 2.319759e+00 1.410996e+00 -4.038673e-01 1.607234e+00 6.970032e-01 -4.038670e-01
2454591.813606 2.025799e+00 2.319710e+00 1.411058e+00 -4.038578e-01 1.607276e+00 6.969721e-01 -4.038576e-01
2455063.818367 1.850484e+00 -2.168947e+00 1.047554e+00 4.005526e-01 -1.317543e+00 5.008875e-01 4.005512e-01
2455063.823817 1.850471e+00 -2.168978e+00 1.047499e+00 4.005576e-01 -1.317525e+00 5.009105e-01 4.005561e-01
2455063.829327 1.850458e+00 -2.169009e+00 1.047443e+00 4.005626e-01 -1.317506e+00 5.009338e-01 4.005611e-01
2455063.834767 2.028973e+00 -2.169039e+00 1.047387e+00 4.005675e-01 -1.317488e+00 5.009568e-01 4.005661e-01
2455072.790021 1.691862e+00 -2.217492e+00 9.552980e-01 4.083803e-01 -1.295298e+00 5.437294e-01 4.083783e-01
2455072.794981 1.283420e+00 -2.217518e+00 9.552465e-01 4.083844e-01 -1.295291e+00 5.437555e-01 4.083825e-01
2455072.799851 1.855123e+00 -2.217543e+00 9.551960e-01 4.083885e-01 -1.295283e+00 5.437812e-01 4.083865e-01
2455072.804771 2.034119e+00 -2.217569e+00 9.551450e-01 4.083926e-01 -1.295276e+00 5.438072e-01 4.083907e-01
2455072.861820 2.940505e+00 -2.217866e+00 9.545532e-01 4.084402e-01 -1.295190e+00 5.441083e-01 4.084383e-01
2455072.867220 3.224231e+00 -2.217894e+00 9.544972e-01 4.084447e-01 -1.295182e+00 5.441369e-01 4.084428e-01
2455072.872750 2.940565e+00 -2.217923e+00 9.544398e-01 4.084493e-01 -1.295173e+00 5.441661e-01 4.084474e-01
2455072.878250 3.535372e+00 -2.217951e+00 9.543828e-01 4.084539e-01 -1.295165e+00 5.441951e-01 4.084520e-01
2455098.704361 2.605907e+00 -2.337384e+00 6.807333e-01 4.272482e-01 -1.334432e+00 7.009116e-01 4.272451e-01
2455098.711151 2.857508e+00 -2.337411e+00 6.806600e-01 4.272524e-01 -1.334464e+00 7.009546e-01 4.272493e-01
2455098.717921 2.857695e+00 -2.337439e+00 6.805869e-01 4.272566e-01 -1.334495e+00 7.009975e-01 4.272535e-01
2455098.724570 2.606417e+00 -2.337465e+00 6.805151e-01 4.272607e-01 -1.334526e+00 7.010397e-01 4.272576e-01
1 0.5
