2	0.5	1000	 1	period_start period_step period_end fixed/free
0.0				initial epoch
0.0				initial rotation angle      
0.1				convexity weight      
3 3				degree and order of spherical harmonics      
6				number of rows        
0.5	1			scattering parameters
0.1	1
-0.5	1     
0.1	0			LS coeff                 
50				iteration stop condidion
10				minimum number of iterations (only if the above value < 1)
5				Alamda multiplicative factor
0.1				Alamda initial value
9
93 0   0.011   2009-10-17.2   R   Brinsfield
2455121.602479  9.306183e-01    -1.98386210  -0.44815969  -0.10485099   -1.07144217  -0.04720651  -0.10485637
2455121.605360  9.611066e-01    -1.98386064  -0.44819780  -0.10484300   -1.07146146  -0.04719943  -0.10484838
2455121.608236  9.461754e-01    -1.98385919  -0.44823584  -0.10483503   -1.07148072  -0.04719237  -0.10484040
2455121.611111  9.366376e-01    -1.98385774  -0.44827387  -0.10482706   -1.07149998  -0.04718530  -0.10483243
2455121.613995  9.646540e-01    -1.98385628  -0.44831202  -0.10481906   -1.07151929  -0.04717822  -0.10482444
2455121.616873  9.628788e-01    -1.98385482  -0.44835009  -0.10481108   -1.07153857  -0.04717115  -0.10481646
2455121.619749  9.418279e-01    -1.98385337  -0.44838815  -0.10480310   -1.07155784  -0.04716409  -0.10480848
2455121.622627  9.280504e-01    -1.98385191  -0.44842622  -0.10479513   -1.07157712  -0.04715702  -0.10480050
2455121.625503  9.611066e-01    -1.98385045  -0.44846427  -0.10478715   -1.07159639  -0.04714996  -0.10479253
2455121.628382  9.871237e-01    -1.98384899  -0.44850235  -0.10477917   -1.07161568  -0.04714289  -0.10478455
2455121.631257  9.816836e-01    -1.98384753  -0.44854038  -0.10477120   -1.07163495  -0.04713584  -0.10477658
2455121.634145  9.898551e-01    -1.98384607  -0.44857858  -0.10476319   -1.07165430  -0.04712875  -0.10476857
2455121.637851  9.880335e-01    -1.98384419  -0.44862760  -0.10475291   -1.07167914  -0.04711966  -0.10475829
2455121.640730  1.031743e+00    -1.98384273  -0.44866569  -0.10474493   -1.07169844  -0.04711259  -0.10475031
2455121.643610  1.013845e+00    -1.98384127  -0.44870378  -0.10473695   -1.07171774  -0.04710553  -0.10474233
2455121.646488  1.024169e+00    -1.98383980  -0.44874185  -0.10472897   -1.07173704  -0.04709847  -0.10473435
2455121.649365  1.025113e+00    -1.98383834  -0.44877992  -0.10472099   -1.07175634  -0.04709141  -0.10472637
2455121.652238  1.024169e+00    -1.98383688  -0.44881792  -0.10471302   -1.07177560  -0.04708437  -0.10471840
2455121.655111  1.022284e+00    -1.98383542  -0.44885592  -0.10470506   -1.07179487  -0.04707732  -0.10471044
2455121.658008  1.047060e+00    -1.98383394  -0.44889424  -0.10469702   -1.07181429  -0.04707022  -0.10470240
2455121.660886  1.039373e+00    -1.98383248  -0.44893231  -0.10468904   -1.07183360  -0.04706317  -0.10469442
2455121.663767  1.028896e+00    -1.98383101  -0.44897042  -0.10468106   -1.07185292  -0.04705611  -0.10468644
2455121.666641  1.075404e+00    -1.98382955  -0.44900844  -0.10467309   -1.07187220  -0.04704906  -0.10467847
2455121.669591  1.056748e+00    -1.98382805  -0.44904746  -0.10466491   -1.07189199  -0.04704183  -0.10467029
2455121.673495  1.061626e+00    -1.98382605  -0.44909909  -0.10465408   -1.07191819  -0.04703227  -0.10465946
2455121.676374  1.065544e+00    -1.98382459  -0.44913719  -0.10464610   -1.07193751  -0.04702521  -0.10465148
2455121.679249  1.071449e+00    -1.98382312  -0.44917522  -0.10463812   -1.07195681  -0.04701817  -0.10464351
2455121.682127  1.072436e+00    -1.98382165  -0.44921328  -0.10463014   -1.07197612  -0.04701112  -0.10463553
2455121.685111  1.092374e+00    -1.98382013  -0.44925275  -0.10462187   -1.07199615  -0.04700382  -0.10462725
2455121.687990  1.104515e+00    -1.98381865  -0.44929083  -0.10461389   -1.07201548  -0.04699677  -0.10461927
2455121.690868  1.094388e+00    -1.98381718  -0.44932890  -0.10460591   -1.07203480  -0.04698972  -0.10461129
2455121.693747  1.113708e+00    -1.98381571  -0.44936698  -0.10459792   -1.07205413  -0.04698268  -0.10460331
2455121.696626  1.117819e+00    -1.98381424  -0.44940506  -0.10458994   -1.07207346  -0.04697563  -0.10459533
2455121.699498  1.089360e+00    -1.98381277  -0.44944305  -0.10458198   -1.07209274  -0.04696860  -0.10458736
2455121.702375  1.086354e+00    -1.98381130  -0.44948112  -0.10457400   -1.07211207  -0.04696156  -0.10457938
2455121.705246  1.099440e+00    -1.98380983  -0.44951909  -0.10456604   -1.07213135  -0.04695453  -0.10457142
2455121.708960  1.091369e+00    -1.98380792  -0.44956821  -0.10455574   -1.07215630  -0.04694545  -0.10456112
2455121.711840  1.083357e+00    -1.98380645  -0.44960631  -0.10454775   -1.07217564  -0.04693840  -0.10455314
2455121.714718  1.090364e+00    -1.98380497  -0.44964437  -0.10453977   -1.07219498  -0.04693137  -0.10454516
2455121.717598  1.107571e+00    -1.98380349  -0.44968246  -0.10453179   -1.07221433  -0.04692432  -0.10453717
2455121.720475  1.097417e+00    -1.98380202  -0.44972052  -0.10452381   -1.07223366  -0.04691729  -0.10452919
2455121.723354  1.094388e+00    -1.98380054  -0.44975859  -0.10451582   -1.07225300  -0.04691025  -0.10452121
2455121.726232  1.113708e+00    -1.98379906  -0.44979666  -0.10450784   -1.07227235  -0.04690322  -0.10451323
2455121.729109  1.078379e+00    -1.98379758  -0.44983473  -0.10449986   -1.07229169  -0.04689618  -0.10450525
2455121.731981  1.084355e+00    -1.98379611  -0.44987271  -0.10449190   -1.07231099  -0.04688916  -0.10449729
2455121.734854  1.101467e+00    -1.98379463  -0.44991071  -0.10448393   -1.07233031  -0.04688214  -0.10448932
2455121.737792  1.087355e+00    -1.98379312  -0.44994957  -0.10447579   -1.07235006  -0.04687496  -0.10448117
2455121.740664  1.097417e+00    -1.98379164  -0.44998755  -0.10446782   -1.07236937  -0.04686795  -0.10447321
2455121.744277  1.088358e+00    -1.98378978  -0.45003534  -0.10445780   -1.07239366  -0.04685912  -0.10446319
2455121.747155  1.095397e+00    -1.98378830  -0.45007340  -0.10444982   -1.07241301  -0.04685210  -0.10445521
2455121.750031  1.084355e+00    -1.98378682  -0.45011144  -0.10444185   -1.07243236  -0.04684507  -0.10444724
2455121.752908  1.069477e+00    -1.98378533  -0.45014949  -0.10443387   -1.07245171  -0.04683805  -0.10443926
2455121.755858  1.052862e+00    -1.98378381  -0.45018851  -0.10442569   -1.07247155  -0.04683085  -0.10443108
2455121.758734  1.057722e+00    -1.98378233  -0.45022656  -0.10441771   -1.07249090  -0.04682382  -0.10442310
2455121.761612  1.048025e+00    -1.98378084  -0.45026462  -0.10440973   -1.07251026  -0.04681680  -0.10441512
2455121.764493  1.051893e+00    -1.98377936  -0.45030273  -0.10440174   -1.07252965  -0.04680977  -0.10440713
2455121.767371  1.036505e+00    -1.98377787  -0.45034079  -0.10439376   -1.07254901  -0.04680275  -0.10439915
2455121.770253  1.040331e+00    -1.98377638  -0.45037891  -0.10438577   -1.07256841  -0.04679571  -0.10439116
2455121.773132  1.033645e+00    -1.98377489  -0.45041698  -0.10437778   -1.07258778  -0.04678869  -0.10438317
2455121.776006  1.028896e+00    -1.98377341  -0.45045499  -0.10436981   -1.07260713  -0.04678168  -0.10437520
2455121.779701  1.016650e+00    -1.98377150  -0.45050386  -0.10435957   -1.07263200  -0.04677267  -0.10436496
2455121.782579  1.023226e+00    -1.98377001  -0.45054193  -0.10435159   -1.07265137  -0.04676565  -0.10435698
2455121.785457  9.962574e-01    -1.98376852  -0.45058000  -0.10434360   -1.07267075  -0.04675863  -0.10434899
2455121.788332  9.898551e-01    -1.98376703  -0.45061802  -0.10433563   -1.07269011  -0.04675162  -0.10434102
2455121.791207  9.735799e-01    -1.98376554  -0.45065605  -0.10432766   -1.07270947  -0.04674461  -0.10433305
2455121.794086  9.753749e-01    -1.98376405  -0.45069412  -0.10431967   -1.07272886  -0.04673760  -0.10432506
2455121.796959  9.762738e-01    -1.98376256  -0.45073212  -0.10431170   -1.07274821  -0.04673060  -0.10431710
2455121.799838  9.708936e-01    -1.98376106  -0.45077019  -0.10430372   -1.07276760  -0.04672358  -0.10430911
2455121.802714  9.708936e-01    -1.98375957  -0.45080823  -0.10429574   -1.07278697  -0.04671657  -0.10430114
2455121.805588  9.807799e-01    -1.98375808  -0.45084624  -0.10428777   -1.07280633  -0.04670957  -0.10429317
2455121.808465  9.426959e-01    -1.98375659  -0.45088429  -0.10427980   -1.07282571  -0.04670256  -0.10428519
2455121.811341  9.383647e-01    -1.98375509  -0.45092234  -0.10427182   -1.07284510  -0.04669556  -0.10427721
2455121.814965  9.331933e-01    -1.98375321  -0.45097026  -0.10426177   -1.07286952  -0.04668673  -0.10426716
2455121.817843  9.178497e-01    -1.98375171  -0.45100832  -0.10425378   -1.07288891  -0.04667972  -0.10425918
2455121.820719  9.289057e-01    -1.98375022  -0.45104636  -0.10424581   -1.07290829  -0.04667272  -0.10425120
2455121.823622  8.953063e-01    -1.98374870  -0.45108475  -0.10423776   -1.07292786  -0.04666566  -0.10424315
2455121.826499  9.119511e-01    -1.98374721  -0.45112280  -0.10422978   -1.07294725  -0.04665865  -0.10423517
2455121.829376  9.035903e-01    -1.98374571  -0.45116085  -0.10422180   -1.07296665  -0.04665165  -0.10422720
2455121.832248  8.911925e-01    -1.98374421  -0.45119883  -0.10421383   -1.07298601  -0.04664466  -0.10421923
2455121.835124  8.838358e-01    -1.98374271  -0.45123686  -0.10420586   -1.07300540  -0.04663767  -0.10421125
2455121.837997  8.920138e-01    -1.98374122  -0.45127485  -0.10419789   -1.07302478  -0.04663068  -0.10420329
2455121.840874  9.002675e-01    -1.98373972  -0.45131291  -0.10418991   -1.07304418  -0.04662368  -0.10419531
2455121.843752  8.887336e-01    -1.98373821  -0.45135097  -0.10418193   -1.07306359  -0.04661668  -0.10418732
2455121.846632  8.781557e-01    -1.98373671  -0.45138906  -0.10417394   -1.07308302  -0.04660967  -0.10417934
2455121.850382  8.550107e-01    -1.98373475  -0.45143865  -0.10416354   -1.07310831  -0.04660056  -0.10416894
2455121.853253  8.661070e-01    -1.98373325  -0.45147662  -0.10415558   -1.07312768  -0.04659358  -0.10416097
2455121.856132  8.347792e-01    -1.98373175  -0.45151469  -0.10414759   -1.07314711  -0.04658658  -0.10415299
2455121.859009  8.613339e-01    -1.98373024  -0.45155274  -0.10413961   -1.07316652  -0.04657959  -0.10414501
2455121.861884  8.526514e-01    -1.98372874  -0.45159076  -0.10413164   -1.07318592  -0.04657260  -0.10413704
2455121.864761  8.502987e-01    -1.98372724  -0.45162880  -0.10412366   -1.07320533  -0.04656561  -0.10412906
2455121.867634  8.456128e-01    -1.98372573  -0.45166681  -0.10411569   -1.07322473  -0.04655863  -0.10412109
2455121.870509  8.471718e-01    -1.98372423  -0.45170483  -0.10410772   -1.07324414  -0.04655164  -0.10411311
2455121.873384  8.550107e-01    -1.98372272  -0.45174285  -0.10409974   -1.07326354  -0.04654466  -0.10410514
57 0   0.013   2009-10-18.3   R   Brinsfield
2455122.660812  1.004392e+00    -1.98328869  -0.46215119  -0.10191462   -1.07864201  -0.04466506  -0.10192009
2455122.663691  9.556596e-01    -1.98328702  -0.46218922  -0.10190663   -1.07866190  -0.04465831  -0.10191210
2455122.666566  9.988568e-01    -1.98328536  -0.46222721  -0.10189865   -1.07868177  -0.04465157  -0.10190412
2455122.669442  1.029682e+00    -1.98328369  -0.46226520  -0.10189066   -1.07870165  -0.04464483  -0.10189613
2455122.672317  1.018364e+00    -1.98328203  -0.46230318  -0.10188268   -1.07872152  -0.04463809  -0.10188815
2455122.675181  1.014620e+00    -1.98328037  -0.46234103  -0.10187473   -1.07874132  -0.04463138  -0.10188020
2455122.678060  9.933521e-01    -1.98327870  -0.46237907  -0.10186673   -1.07876122  -0.04462463  -0.10187220
2455122.680940  9.574216e-01    -1.98327703  -0.46241712  -0.10185874   -1.07878113  -0.04461788  -0.10186421
2455122.683814  9.451553e-01    -1.98327536  -0.46245508  -0.10185076   -1.07880101  -0.04461115  -0.10185623
2455122.686695  9.824336e-01    -1.98327369  -0.46249315  -0.10184276   -1.07882093  -0.04460441  -0.10184823
2455122.689579  9.177052e-01    -1.98327202  -0.46253125  -0.10183475   -1.07884087  -0.04459765  -0.10184022
2455122.692458  9.539009e-01    -1.98327035  -0.46256928  -0.10182676   -1.07886078  -0.04459091  -0.10183223
2455122.696335  9.253440e-01    -1.98326810  -0.46262050  -0.10181600   -1.07888759  -0.04458184  -0.10182147
2455122.699209  9.442853e-01    -1.98326643  -0.46265847  -0.10180802   -1.07890747  -0.04457511  -0.10181349
2455122.702085  9.356281e-01    -1.98326475  -0.46269647  -0.10180003   -1.07892738  -0.04456838  -0.10180550
2455122.707841  9.236410e-01    -1.98326141  -0.46277251  -0.10178405   -1.07896720  -0.04455491  -0.10178952
2455122.710720  9.160164e-01    -1.98325973  -0.46281055  -0.10177605   -1.07898712  -0.04454817  -0.10178152
2455122.713688  9.126480e-01    -1.98325800  -0.46284975  -0.10176781   -1.07900766  -0.04454123  -0.10177328
2455122.716562  9.287595e-01    -1.98325633  -0.46288772  -0.10175983   -1.07902755  -0.04453451  -0.10176530
2455122.719445  9.227909e-01    -1.98325465  -0.46292581  -0.10175183   -1.07904750  -0.04452777  -0.10175730
2455122.722314  9.101297e-01    -1.98325298  -0.46296371  -0.10174386   -1.07906736  -0.04452106  -0.10174933
2455122.734672  9.219414e-01    -1.98324577  -0.46312697  -0.10170955   -1.07915293  -0.04449217  -0.10171502
2455122.737544  9.026166e-01    -1.98324410  -0.46316491  -0.10170157   -1.07917281  -0.04448546  -0.10170705
2455122.740427  9.425475e-01    -1.98324241  -0.46320300  -0.10169357   -1.07919278  -0.04447873  -0.10169904
2455122.743308  9.468980e-01    -1.98324073  -0.46324105  -0.10168557   -1.07921273  -0.04447200  -0.10169104
2455122.746187  9.618409e-01    -1.98323905  -0.46327908  -0.10167758   -1.07923268  -0.04446528  -0.10168305
2455122.749065  9.609554e-01    -1.98323737  -0.46331710  -0.10166958   -1.07925261  -0.04445856  -0.10167506
2455122.751943  9.680622e-01    -1.98323568  -0.46335512  -0.10166159   -1.07927255  -0.04445184  -0.10166707
2455122.754815  9.689542e-01    -1.98323400  -0.46339307  -0.10165362   -1.07929245  -0.04444513  -0.10165909
2455122.757703  9.752213e-01    -1.98323231  -0.46343122  -0.10164560   -1.07931246  -0.04443839  -0.10165107
2455122.760575  9.824336e-01    -1.98323063  -0.46346916  -0.10163762   -1.07933237  -0.04443169  -0.10164310
2455122.763457  9.851521e-01    -1.98322894  -0.46350723  -0.10162962   -1.07935234  -0.04442496  -0.10163509
2455122.767190  9.970186e-01    -1.98322676  -0.46355654  -0.10161925   -1.07937821  -0.04441625  -0.10162473
2455122.770067  9.988568e-01    -1.98322507  -0.46359455  -0.10161127   -1.07939815  -0.04440954  -0.10161674
2455122.772945  1.004392e+00    -1.98322339  -0.46363256  -0.10160327   -1.07941810  -0.04440283  -0.10160875
2455122.775822  1.014620e+00    -1.98322170  -0.46367057  -0.10159529   -1.07943805  -0.04439612  -0.10160076
2455122.778695  1.009958e+00    -1.98322001  -0.46370852  -0.10158731   -1.07945797  -0.04438942  -0.10159278
2455122.781572  1.014620e+00    -1.98321833  -0.46374653  -0.10157932   -1.07947792  -0.04438271  -0.10158479
2455122.784537  1.025896e+00    -1.98321659  -0.46378570  -0.10157108   -1.07949848  -0.04437579  -0.10157656
2455122.787416  1.027787e+00    -1.98321489  -0.46382373  -0.10156309   -1.07951845  -0.04436908  -0.10156857
2455122.790290  1.058530e+00    -1.98321321  -0.46386169  -0.10155511   -1.07953838  -0.04436238  -0.10156059
2455122.793167  1.028734e+00    -1.98321152  -0.46389969  -0.10154712   -1.07955833  -0.04435568  -0.10155260
2455122.796044  1.053667e+00    -1.98320983  -0.46393770  -0.10153913   -1.07957829  -0.04434898  -0.10154461
2455122.798925  1.058530e+00    -1.98320813  -0.46397575  -0.10153113   -1.07959828  -0.04434227  -0.10153661
2455122.802566  1.069309e+00    -1.98320599  -0.46402385  -0.10152102   -1.07962354  -0.04433378  -0.10152650
2455122.805444  1.056582e+00    -1.98320430  -0.46406186  -0.10151303   -1.07964351  -0.04432708  -0.10151851
2455122.808315  1.069309e+00    -1.98320261  -0.46409980  -0.10150506   -1.07966343  -0.04432039  -0.10151053
2455122.811193  1.077217e+00    -1.98320091  -0.46413781  -0.10149706   -1.07968341  -0.04431369  -0.10150254
2455122.814073  1.082189e+00    -1.98319922  -0.46417585  -0.10148907   -1.07970339  -0.04430699  -0.10149455
2455122.816949  1.072268e+00    -1.98319752  -0.46421384  -0.10148108   -1.07972336  -0.04430029  -0.10148656
2455122.819823  1.073256e+00    -1.98319583  -0.46425180  -0.10147310   -1.07974331  -0.04429360  -0.10147858
2455122.822697  1.093209e+00    -1.98319413  -0.46428977  -0.10146512   -1.07976326  -0.04428692  -0.10147060
2455122.825574  1.090193e+00    -1.98319244  -0.46432777  -0.10145713   -1.07978323  -0.04428022  -0.10146261
2455122.828448  1.104341e+00    -1.98319074  -0.46436573  -0.10144915   -1.07980318  -0.04427354  -0.10145463
2455122.831326  1.114559e+00    -1.98318904  -0.46440374  -0.10144116   -1.07982317  -0.04426684  -0.10144664
2455122.834203  1.104341e+00    -1.98318734  -0.46444176  -0.10143316   -1.07984315  -0.04426015  -0.10143865
2455122.837842  1.093209e+00    -1.98318519  -0.46448982  -0.10142306   -1.07986843  -0.04425168  -0.10142854
6 0   0.012   2009-10-25.2   R   Brinsfield
2455129.639385  1.063208e+00    -1.97758058  -0.55393629  -0.08245849   -1.13166049  -0.03119605  -0.08246450
2455129.676643  1.112290e+00    -1.97754121  -0.55442398  -0.08235421   -1.13196868  -0.03114096  -0.08236023
2455129.713844  1.091989e+00    -1.97750182  -0.55491088  -0.08225010   -1.13227665  -0.03108615  -0.08225612
2455129.750773  9.931576e-01    -1.97746262  -0.55539421  -0.08214673   -1.13258263  -0.03103193  -0.08215276
2455129.787829  9.041032e-01    -1.97742319  -0.55587917  -0.08204301   -1.13288991  -0.03097772  -0.08204904
2455129.824651  8.352527e-01    -1.97738392  -0.55636105  -0.08193994   -1.13319552  -0.03092403  -0.08194597
80 0   0.025   2009-11-04.2   R   Brinsfield
2455139.604069  1.083032e+00    -1.96376476  -0.68337181  -0.05444831   -1.22292801  -0.02397341  -0.05445497
2455139.606950  1.077064e+00    -1.96375983  -0.68340893  -0.05444019   -1.22295684  -0.02397369  -0.05444684
2455139.609828  1.073103e+00    -1.96375490  -0.68344601  -0.05443207   -1.22298563  -0.02397397  -0.05443872
2455139.612707  1.110303e+00    -1.96374996  -0.68348309  -0.05442394   -1.22301444  -0.02397425  -0.05443060
2455139.615581  1.153032e+00    -1.96374504  -0.68352012  -0.05441583   -1.22304320  -0.02397453  -0.05442249
2455139.618448  1.177718e+00    -1.96374012  -0.68355706  -0.05440774   -1.22307189  -0.02397482  -0.05441440
2455139.621313  1.140358e+00    -1.96373521  -0.68359397  -0.05439966   -1.22310056  -0.02397510  -0.05440632
2455139.624183  1.148792e+00    -1.96373029  -0.68363094  -0.05439156   -1.22312929  -0.02397539  -0.05439822
2455139.627070  1.138260e+00    -1.96372535  -0.68366813  -0.05438342   -1.22315818  -0.02397568  -0.05439007
2455139.629948  1.160490e+00    -1.96372041  -0.68370521  -0.05437530   -1.22318698  -0.02397597  -0.05438195
2455139.632821  1.142461e+00    -1.96371549  -0.68374222  -0.05436719   -1.22321574  -0.02397626  -0.05437385
2455139.635701  1.170150e+00    -1.96371055  -0.68377933  -0.05435906   -1.22324457  -0.02397656  -0.05436572
2455139.639600  1.131987e+00    -1.96370386  -0.68382956  -0.05434806   -1.22328360  -0.02397696  -0.05435472
2455139.642482  1.101137e+00    -1.96369891  -0.68386668  -0.05433993   -1.22331245  -0.02397726  -0.05434659
2455139.645356  1.118514e+00    -1.96369398  -0.68390370  -0.05433182   -1.22334122  -0.02397755  -0.05433848
2455139.648237  1.118514e+00    -1.96368904  -0.68394081  -0.05432369   -1.22337007  -0.02397785  -0.05433035
2455139.651115  1.119545e+00    -1.96368410  -0.68397789  -0.05431557   -1.22339888  -0.02397816  -0.05432223
2455139.653991  1.130945e+00    -1.96367917  -0.68401495  -0.05430745   -1.22342768  -0.02397846  -0.05431411
2455139.656865  1.124712e+00    -1.96367424  -0.68405197  -0.05429934   -1.22345646  -0.02397876  -0.05430600
2455139.659743  1.148792e+00    -1.96366930  -0.68408904  -0.05429122   -1.22348528  -0.02397907  -0.05429788
2455139.662617  1.130945e+00    -1.96366436  -0.68412606  -0.05428311   -1.22351406  -0.02397938  -0.05428977
2455139.665496  1.096078e+00    -1.96365942  -0.68416315  -0.05427499   -1.22354289  -0.02397969  -0.05428165
2455139.668378  1.122642e+00    -1.96365447  -0.68420027  -0.05426686   -1.22357175  -0.02398000  -0.05427352
2455139.671257  1.131987e+00    -1.96364953  -0.68423737  -0.05425873   -1.22360059  -0.02398031  -0.05426539
2455139.674870  1.115428e+00    -1.96364332  -0.68428391  -0.05424854   -1.22363678  -0.02398070  -0.05425520
2455139.677752  1.118514e+00    -1.96363837  -0.68432103  -0.05424041   -1.22366564  -0.02398102  -0.05424707
2455139.680631  1.070142e+00    -1.96363343  -0.68435811  -0.05423229   -1.22369448  -0.02398134  -0.05423895
2455139.683506  1.080044e+00    -1.96362849  -0.68439514  -0.05422417   -1.22372328  -0.02398165  -0.05423083
2455139.686385  1.054487e+00    -1.96362354  -0.68443223  -0.05421605   -1.22375212  -0.02398197  -0.05422271
2455139.689256  1.075082e+00    -1.96361861  -0.68446922  -0.05420795   -1.22378089  -0.02398229  -0.05421461
2455139.692136  1.091042e+00    -1.96361366  -0.68450632  -0.05419982   -1.22380974  -0.02398262  -0.05420648
2455139.695008  1.053516e+00    -1.96360872  -0.68454331  -0.05419172   -1.22383852  -0.02398294  -0.05419838
2455139.697890  1.063265e+00    -1.96360377  -0.68458043  -0.05418359   -1.22386739  -0.02398327  -0.05419025
2455139.700765  1.018219e+00    -1.96359883  -0.68461746  -0.05417547   -1.22389620  -0.02398359  -0.05418214
2455139.703643  1.035241e+00    -1.96359388  -0.68465453  -0.05416735   -1.22392504  -0.02398392  -0.05417402
2455139.706654  1.043858e+00    -1.96358870  -0.68469333  -0.05415885   -1.22395522  -0.02398427  -0.05416552
2455139.710230  1.017282e+00    -1.96358255  -0.68473939  -0.05414876   -1.22399105  -0.02398468  -0.05415543
2455139.713102  1.009814e+00    -1.96357761  -0.68477638  -0.05414066   -1.22401984  -0.02398501  -0.05414732
2455139.715978  9.868279e-01    -1.96357266  -0.68481342  -0.05413255   -1.22404866  -0.02398535  -0.05413921
2455139.718851  1.010744e+00    -1.96356772  -0.68485043  -0.05412444   -1.22407746  -0.02398568  -0.05413110
2455139.721730  1.007028e+00    -1.96356277  -0.68488752  -0.05411631   -1.22410632  -0.02398602  -0.05412298
2455139.724607  1.007028e+00    -1.96355782  -0.68492457  -0.05410820   -1.22413516  -0.02398636  -0.05411486
2455139.727487  9.741849e-01    -1.96355286  -0.68496167  -0.05410007   -1.22416403  -0.02398670  -0.05410673
2455139.730365  9.634771e-01    -1.96354791  -0.68499874  -0.05409195   -1.22419288  -0.02398704  -0.05409861
2455139.733244  9.679242e-01    -1.96354295  -0.68503582  -0.05408383   -1.22422174  -0.02398739  -0.05409049
2455139.736125  9.723920e-01    -1.96353800  -0.68507292  -0.05407570   -1.22425062  -0.02398773  -0.05408236
2455139.739004  9.493828e-01    -1.96353304  -0.68511002  -0.05406757   -1.22427950  -0.02398808  -0.05407423
2455139.741943  9.320548e-01    -1.96352798  -0.68514787  -0.05405928   -1.22430896  -0.02398844  -0.05406594
2455139.745560  9.380832e-01    -1.96352175  -0.68519445  -0.05404907   -1.22434523  -0.02398888  -0.05405574
2455139.748433  9.024880e-01    -1.96351680  -0.68523146  -0.05404096   -1.22437404  -0.02398923  -0.05404763
2455139.751310  9.108385e-01    -1.96351185  -0.68526851  -0.05403285   -1.22440289  -0.02398958  -0.05403951
2455139.754189  8.811330e-01    -1.96350689  -0.68530559  -0.05402472   -1.22443176  -0.02398993  -0.05403139
2455139.757066  9.049851e-01    -1.96350193  -0.68534265  -0.05401660   -1.22446062  -0.02399029  -0.05402327
2455139.760011  8.602832e-01    -1.96349686  -0.68538058  -0.05400829   -1.22449016  -0.02399066  -0.05401496
2455139.762893  8.618694e-01    -1.96349189  -0.68541770  -0.05400016   -1.22451906  -0.02399102  -0.05400683
2455139.765775  8.469180e-01    -1.96348692  -0.68545482  -0.05399203   -1.22454797  -0.02399138  -0.05399869
2455139.768652  8.586998e-01    -1.96348197  -0.68549187  -0.05398391   -1.22457683  -0.02399174  -0.05399058
2455139.771528  8.563306e-01    -1.96347701  -0.68552891  -0.05397580   -1.22460568  -0.02399210  -0.05398246
2455139.774408  8.594912e-01    -1.96347204  -0.68556601  -0.05396767   -1.22463458  -0.02399247  -0.05397433
2455139.777287  8.626635e-01    -1.96346708  -0.68560309  -0.05395954   -1.22466346  -0.02399283  -0.05396621
2455139.780898  8.200521e-01    -1.96346085  -0.68564959  -0.05394935   -1.22469969  -0.02399329  -0.05395602
2455139.783773  8.508272e-01    -1.96345590  -0.68568662  -0.05394124   -1.22472853  -0.02399366  -0.05394791
2455139.786648  8.306945e-01    -1.96345094  -0.68572365  -0.05393313   -1.22475738  -0.02399403  -0.05393980
2455139.789528  8.329930e-01    -1.96344597  -0.68576073  -0.05392500   -1.22478627  -0.02399441  -0.05393167
2455139.792399  8.835708e-01    -1.96344102  -0.68579772  -0.05391690   -1.22481509  -0.02399478  -0.05392357
2455139.795281  8.722508e-01    -1.96343605  -0.68583484  -0.05390877   -1.22484401  -0.02399516  -0.05391543
2455139.798155  8.658475e-01    -1.96343109  -0.68587185  -0.05390066   -1.22487285  -0.02399553  -0.05390732
2455139.801034  8.754701e-01    -1.96342612  -0.68590892  -0.05389253   -1.22490175  -0.02399591  -0.05389920
2455139.803912  9.058188e-01    -1.96342115  -0.68594599  -0.05388441   -1.22493063  -0.02399629  -0.05389108
2455139.806786  8.770844e-01    -1.96341619  -0.68598300  -0.05387630   -1.22495947  -0.02399667  -0.05388297
2455139.809669  8.901053e-01    -1.96341122  -0.68602014  -0.05386816   -1.22498842  -0.02399706  -0.05387483
2455139.812548  9.467631e-01    -1.96340625  -0.68605721  -0.05386004   -1.22501732  -0.02399744  -0.05386671
2455139.816178  9.100001e-01    -1.96339998  -0.68610396  -0.05384980   -1.22505376  -0.02399793  -0.05385647
2455139.819061  8.698441e-01    -1.96339500  -0.68614109  -0.05384166   -1.22508270  -0.02399832  -0.05384833
2455139.821976  9.083252e-01    -1.96338997  -0.68617862  -0.05383344   -1.22511196  -0.02399871  -0.05384010
2455139.824851  9.175745e-01    -1.96338500  -0.68621565  -0.05382532   -1.22514083  -0.02399910  -0.05383199
2455139.827728  9.209613e-01    -1.96338003  -0.68625271  -0.05381720   -1.22516972  -0.02399949  -0.05382387
2455139.830608  9.226593e-01    -1.96337506  -0.68628980  -0.05380908   -1.22519864  -0.02399989  -0.05381574
2455139.833488  9.634771e-01    -1.96337008  -0.68632688  -0.05380095   -1.22522755  -0.02400028  -0.05380762
2455139.836378  9.243605e-01    -1.96336509  -0.68636410  -0.05379279   -1.22525657  -0.02400068  -0.05379946
77 0   0.023   2009-11-07.2   R   Brinsfield
2455142.606867  8.652274e-01    -1.95833122  -0.72195492  -0.04596810   -1.25367887  -0.02508067  -0.04597491
2455142.609744  8.628399e-01    -1.95832574  -0.72199180  -0.04595997   -1.25370901  -0.02508253  -0.04596678
2455142.612619  8.525704e-01    -1.95832026  -0.72202864  -0.04595184   -1.25373911  -0.02508439  -0.04595865
2455142.615515  8.805018e-01    -1.95831474  -0.72206575  -0.04594365   -1.25376944  -0.02508627  -0.04595047
2455142.618395  8.748432e-01    -1.95830925  -0.72210265  -0.04593551   -1.25379960  -0.02508813  -0.04594233
2455142.621275  8.660246e-01    -1.95830376  -0.72213955  -0.04592737   -1.25382977  -0.02509000  -0.04593419
2455142.624154  8.232471e-01    -1.95829827  -0.72217644  -0.04591924   -1.25385992  -0.02509187  -0.04592605
2455142.627034  8.377805e-01    -1.95829277  -0.72221336  -0.04591109   -1.25389009  -0.02509374  -0.04591791
2455142.629914  8.385525e-01    -1.95828728  -0.72225026  -0.04590295   -1.25392026  -0.02509561  -0.04590977
2455142.632790  8.455325e-01    -1.95828180  -0.72228711  -0.04589483   -1.25395039  -0.02509748  -0.04590164
2455142.635672  8.517855e-01    -1.95827630  -0.72232404  -0.04588668   -1.25398058  -0.02509936  -0.04589350
2455142.638539  8.549295e-01    -1.95827083  -0.72236077  -0.04587858   -1.25401061  -0.02510123  -0.04588539
2455142.641668  8.557173e-01    -1.95826486  -0.72240087  -0.04586973   -1.25404339  -0.02510327  -0.04587655
2455142.644540  8.604591e-01    -1.95825938  -0.72243768  -0.04586161   -1.25407349  -0.02510515  -0.04586843
2455142.647414  8.968717e-01    -1.95825390  -0.72247450  -0.04585349   -1.25410360  -0.02510703  -0.04586031
2455142.650293  8.740379e-01    -1.95824841  -0.72251139  -0.04584535   -1.25413376  -0.02510891  -0.04585217
2455142.653167  8.788814e-01    -1.95824292  -0.72254821  -0.04583723   -1.25416388  -0.02511079  -0.04584405
2455142.656043  8.716263e-01    -1.95823743  -0.72258506  -0.04582910   -1.25419401  -0.02511268  -0.04583592
2455142.658917  9.356863e-01    -1.95823194  -0.72262190  -0.04582097   -1.25422414  -0.02511456  -0.04582779
2455142.661795  9.127048e-01    -1.95822645  -0.72265877  -0.04581284   -1.25425430  -0.02511645  -0.04581966
2455142.664675  8.943970e-01    -1.95822095  -0.72269567  -0.04580470   -1.25428448  -0.02511834  -0.04581152
2455142.667557  9.135458e-01    -1.95821545  -0.72273260  -0.04579655   -1.25431468  -0.02512024  -0.04580337
2455142.670430  9.035043e-01    -1.95820996  -0.72276941  -0.04578843   -1.25434479  -0.02512213  -0.04579525
2455142.673311  9.271079e-01    -1.95820446  -0.72280632  -0.04578029   -1.25437499  -0.02512402  -0.04578711
2455142.676490  9.478295e-01    -1.95819839  -0.72284706  -0.04577130   -1.25440832  -0.02512612  -0.04577812
2455142.679369  9.788818e-01    -1.95819289  -0.72288395  -0.04576316   -1.25443850  -0.02512802  -0.04576998
2455142.682242  9.716957e-01    -1.95818740  -0.72292075  -0.04575504   -1.25446861  -0.02512991  -0.04576186
2455142.685114  9.452142e-01    -1.95818191  -0.72295755  -0.04574693   -1.25449872  -0.02513181  -0.04575374
2455142.687993  9.824948e-01    -1.95817641  -0.72299444  -0.04573879   -1.25452890  -0.02513371  -0.04574561
2455142.690873  9.870299e-01    -1.95817091  -0.72303133  -0.04573065   -1.25455909  -0.02513562  -0.04573747
2455142.693754  9.752821e-01    -1.95816540  -0.72306826  -0.04572250   -1.25458930  -0.02513753  -0.04572932
2455142.696632  1.024071e+00    -1.95815990  -0.72310513  -0.04571437   -1.25461948  -0.02513944  -0.04572119
2455142.699515  9.970805e-01    -1.95815439  -0.72314206  -0.04570622   -1.25464971  -0.02514135  -0.04571304
2455142.702390  1.042150e+00    -1.95814890  -0.72317890  -0.04569809   -1.25467985  -0.02514326  -0.04570491
2455142.705263  1.046960e+00    -1.95814340  -0.72321570  -0.04568997   -1.25470998  -0.02514517  -0.04569679
2455142.708142  1.016553e+00    -1.95813790  -0.72325259  -0.04568184   -1.25474017  -0.02514708  -0.04568865
2455142.712053  1.036407e+00    -1.95813042  -0.72330271  -0.04567078   -1.25478119  -0.02514969  -0.04567760
2455142.714926  1.081260e+00    -1.95812493  -0.72333951  -0.04566266   -1.25481132  -0.02515160  -0.04566948
2455142.717806  1.061525e+00    -1.95811942  -0.72337641  -0.04565452   -1.25484152  -0.02515352  -0.04566134
2455142.720681  1.043110e+00    -1.95811392  -0.72341324  -0.04564639   -1.25487168  -0.02515544  -0.04565321
2455142.723555  1.014683e+00    -1.95810842  -0.72345006  -0.04563827   -1.25490182  -0.02515736  -0.04564509
2455142.726427  1.065443e+00    -1.95810293  -0.72348686  -0.04563015   -1.25493195  -0.02515928  -0.04563697
2455142.729301  1.112577e+00    -1.95809743  -0.72352368  -0.04562202   -1.25496210  -0.02516120  -0.04562884
2455142.732181  1.083254e+00    -1.95809192  -0.72356058  -0.04561388   -1.25499231  -0.02516313  -0.04562070
2455142.735055  1.063482e+00    -1.95808642  -0.72359740  -0.04560576   -1.25502246  -0.02516505  -0.04561258
2455142.737933  1.046960e+00    -1.95808091  -0.72363427  -0.04559762   -1.25505265  -0.02516698  -0.04560445
2455142.740805  1.055675e+00    -1.95807541  -0.72367106  -0.04558951   -1.25508278  -0.02516891  -0.04559633
2455142.743690  1.063482e+00    -1.95806989  -0.72370803  -0.04558135   -1.25511306  -0.02517085  -0.04558817
2455142.746936  1.101362e+00    -1.95806367  -0.72374961  -0.04557217   -1.25514712  -0.02517303  -0.04557900
2455142.749809  1.057622e+00    -1.95805817  -0.72378642  -0.04556405   -1.25517726  -0.02517497  -0.04557087
2455142.752683  1.113603e+00    -1.95805267  -0.72382323  -0.04555593   -1.25520742  -0.02517690  -0.04556275
2455142.755560  1.089257e+00    -1.95804716  -0.72386009  -0.04554780   -1.25523761  -0.02517884  -0.04555462
2455142.758432  1.122872e+00    -1.95804166  -0.72389688  -0.04553968   -1.25526774  -0.02518078  -0.04554650
2455142.761312  1.088254e+00    -1.95803614  -0.72393378  -0.04553154   -1.25529798  -0.02518272  -0.04553836
2455142.764185  1.103393e+00    -1.95803064  -0.72397059  -0.04552342   -1.25532813  -0.02518466  -0.04553024
2455142.767064  1.107466e+00    -1.95802513  -0.72400747  -0.04551528   -1.25535834  -0.02518661  -0.04552210
2455142.769942  1.106446e+00    -1.95801961  -0.72404433  -0.04550714   -1.25538855  -0.02518856  -0.04551397
2455142.772822  1.142695e+00    -1.95801409  -0.72408123  -0.04549900   -1.25541878  -0.02519051  -0.04550582
2455142.775701  1.111553e+00    -1.95800858  -0.72411812  -0.04549086   -1.25544901  -0.02519246  -0.04549768
2455142.778578  1.145857e+00    -1.95800306  -0.72415497  -0.04548273   -1.25547921  -0.02519441  -0.04548955
2455142.781762  1.136398e+00    -1.95799696  -0.72419576  -0.04547373   -1.25551263  -0.02519657  -0.04548055
2455142.784639  1.143748e+00    -1.95799145  -0.72423261  -0.04546560   -1.25554283  -0.02519853  -0.04547242
2455142.787518  1.107466e+00    -1.95798593  -0.72426949  -0.04545746   -1.25557305  -0.02520048  -0.04546428
2455142.790391  1.106446e+00    -1.95798042  -0.72430629  -0.04544934   -1.25560322  -0.02520244  -0.04545616
2455142.793269  1.133262e+00    -1.95797490  -0.72434317  -0.04544120   -1.25563344  -0.02520440  -0.04544802
2455142.796148  1.118743e+00    -1.95796938  -0.72438005  -0.04543306   -1.25566367  -0.02520636  -0.04543989
2455142.799022  1.072335e+00    -1.95796387  -0.72441686  -0.04542494   -1.25569385  -0.02520832  -0.04543176
2455142.801900  1.076292e+00    -1.95795835  -0.72445372  -0.04541680   -1.25572407  -0.02521029  -0.04542363
2455142.804778  1.048891e+00    -1.95795283  -0.72449059  -0.04540867   -1.25575429  -0.02521225  -0.04541549
2455142.807653  1.046960e+00    -1.95794731  -0.72452741  -0.04540054   -1.25578448  -0.02521422  -0.04540737
2455142.810529  1.062503e+00    -1.95794179  -0.72456427  -0.04539241   -1.25581469  -0.02521619  -0.04539923
2455142.813407  1.022187e+00    -1.95793627  -0.72460113  -0.04538428   -1.25584491  -0.02521816  -0.04539110
2455142.817264  1.050825e+00    -1.95792887  -0.72465053  -0.04537337   -1.25588542  -0.02522080  -0.04538020
2455142.820147  9.924993e-01    -1.95792334  -0.72468746  -0.04536522   -1.25591570  -0.02522278  -0.04537205
2455142.823021  1.010021e+00    -1.95791782  -0.72472427  -0.04535710   -1.25594589  -0.02522476  -0.04536392
2455142.825898  9.797839e-01    -1.95791230  -0.72476114  -0.04534896   -1.25597612  -0.02522673  -0.04535579
2455142.828777  9.797839e-01    -1.95790677  -0.72479801  -0.04534083   -1.25600636  -0.02522871  -0.04534765
84 0   0.023   2009-11-08.2   R   Brinsfield
2455143.575019  1.073996e+00    -1.95645648  -0.73435019  -0.04323091   -1.26388714  -0.02579508  -0.04323777
2455143.577898  1.079947e+00    -1.95645081  -0.73438701  -0.04322277   -1.26391770  -0.02579747  -0.04322963
2455143.580777  1.078953e+00    -1.95644515  -0.73442384  -0.04321463   -1.26394827  -0.02579986  -0.04322149
2455143.583657  1.073007e+00    -1.95643948  -0.73446067  -0.04320648   -1.26397884  -0.02580226  -0.04321335
2455143.586537  1.090944e+00    -1.95643381  -0.73449752  -0.04319834   -1.26400943  -0.02580466  -0.04320520
2455143.589416  1.082935e+00    -1.95642815  -0.73453435  -0.04319020   -1.26404000  -0.02580705  -0.04319706
2455143.592289  1.128762e+00    -1.95642250  -0.73457109  -0.04318207   -1.26407050  -0.02580945  -0.04318893
2455143.595168  1.123576e+00    -1.95641683  -0.73460792  -0.04317393   -1.26410107  -0.02581185  -0.04318079
2455143.598046  1.124611e+00    -1.95641116  -0.73464473  -0.04316579   -1.26413163  -0.02581425  -0.04317266
2455143.600927  1.119444e+00    -1.95640549  -0.73468157  -0.04315765   -1.26416222  -0.02581665  -0.04316451
2455143.603799  1.124611e+00    -1.95639984  -0.73471832  -0.04314952   -1.26419273  -0.02581905  -0.04315638
2455143.606680  1.131885e+00    -1.95639416  -0.73475517  -0.04314138   -1.26422333  -0.02582146  -0.04314824
2455143.609808  1.141307e+00    -1.95638800  -0.73479517  -0.04313253   -1.26425655  -0.02582408  -0.04313939
2455143.612685  1.122542e+00    -1.95638234  -0.73483197  -0.04312439   -1.26428710  -0.02582649  -0.04313126
2455143.615560  1.138158e+00    -1.95637668  -0.73486874  -0.04311626   -1.26431764  -0.02582889  -0.04312313
2455143.618441  1.137110e+00    -1.95637100  -0.73490559  -0.04310812   -1.26434824  -0.02583131  -0.04311498
2455143.621319  1.137110e+00    -1.95636533  -0.73494241  -0.04309998   -1.26437882  -0.02583372  -0.04310684
2455143.624193  1.101038e+00    -1.95635967  -0.73497917  -0.04309185   -1.26440935  -0.02583614  -0.04309871
2455143.627068  1.121508e+00    -1.95635400  -0.73501594  -0.04308372   -1.26443989  -0.02583855  -0.04309058
2455143.629941  1.124611e+00    -1.95634834  -0.73505268  -0.04307560   -1.26447041  -0.02584096  -0.04308246
2455143.632817  1.140256e+00    -1.95634268  -0.73508946  -0.04306746   -1.26450096  -0.02584338  -0.04307433
2455143.635690  1.109181e+00    -1.95633701  -0.73512622  -0.04305934   -1.26453149  -0.02584580  -0.04306620
2455143.638565  1.126685e+00    -1.95633134  -0.73516299  -0.04305121   -1.26456204  -0.02584822  -0.04305807
2455143.641445  1.111226e+00    -1.95632567  -0.73519982  -0.04304306   -1.26459264  -0.02585065  -0.04304993
2455143.644571  1.095980e+00    -1.95631951  -0.73523980  -0.04303422   -1.26462585  -0.02585328  -0.04304109
2455143.647446  1.123576e+00    -1.95631384  -0.73527657  -0.04302609   -1.26465640  -0.02585571  -0.04303296
2455143.650325  1.121508e+00    -1.95630816  -0.73531339  -0.04301795   -1.26468700  -0.02585814  -0.04302481
2455143.653204  1.084932e+00    -1.95630248  -0.73535022  -0.04300981   -1.26471760  -0.02586057  -0.04301667
2455143.656147  1.109181e+00    -1.95629668  -0.73538786  -0.04300148   -1.26474887  -0.02586306  -0.04300835
2455143.659039  1.058285e+00    -1.95629097  -0.73542484  -0.04299331   -1.26477961  -0.02586551  -0.04300017
2455143.661902  1.070046e+00    -1.95628533  -0.73546146  -0.04298521   -1.26481004  -0.02586793  -0.04299207
2455143.664781  1.098000e+00    -1.95627965  -0.73549828  -0.04297707   -1.26484064  -0.02587037  -0.04298393
2455143.667660  1.082935e+00    -1.95627397  -0.73553509  -0.04296893   -1.26487124  -0.02587281  -0.04297579
2455143.670539  1.104085e+00    -1.95626829  -0.73557192  -0.04296078   -1.26490185  -0.02587525  -0.04296765
2455143.673417  1.050516e+00    -1.95626261  -0.73560873  -0.04295264   -1.26493244  -0.02587770  -0.04295951
2455143.676340  1.069061e+00    -1.95625684  -0.73564611  -0.04294438   -1.26496351  -0.02588018  -0.04295124
2455143.680185  1.068077e+00    -1.95624925  -0.73569528  -0.04293350   -1.26500438  -0.02588345  -0.04294037
2455143.683062  1.009724e+00    -1.95624357  -0.73573207  -0.04292537   -1.26503497  -0.02588589  -0.04293223
2455143.685945  1.013450e+00    -1.95623788  -0.73576895  -0.04291721   -1.26506563  -0.02588835  -0.04292408
2455143.688817  1.011585e+00    -1.95623221  -0.73580568  -0.04290909   -1.26509617  -0.02589079  -0.04291596
2455143.691698  1.017191e+00    -1.95622652  -0.73584252  -0.04290094   -1.26512680  -0.02589325  -0.04290781
2455143.694575  1.035148e+00    -1.95622084  -0.73587931  -0.04289281   -1.26515739  -0.02589570  -0.04289967
2455143.697448  9.958697e-01    -1.95621517  -0.73591605  -0.04288468   -1.26518794  -0.02589815  -0.04289155
2455143.700320  9.995451e-01    -1.95620950  -0.73595278  -0.04287656   -1.26521847  -0.02590061  -0.04288343
2455143.703199  9.840167e-01    -1.95620381  -0.73598961  -0.04286842   -1.26524910  -0.02590307  -0.04287528
2455143.706078  9.758935e-01    -1.95619812  -0.73602642  -0.04286028   -1.26527972  -0.02590553  -0.04286714
2455143.708950  9.607324e-01    -1.95619245  -0.73606315  -0.04285215   -1.26531026  -0.02590799  -0.04285902
2455143.711836  9.732008e-01    -1.95618675  -0.73610005  -0.04284399   -1.26534095  -0.02591046  -0.04285086
2455143.714963  9.519244e-01    -1.95618057  -0.73614004  -0.04283515   -1.26537421  -0.02591313  -0.04284202
2455143.717843  9.379993e-01    -1.95617487  -0.73617688  -0.04282700   -1.26540485  -0.02591560  -0.04283387
2455143.720722  9.598481e-01    -1.95616919  -0.73621369  -0.04281886   -1.26543548  -0.02591807  -0.04282573
2455143.723604  9.607324e-01    -1.95616349  -0.73625055  -0.04281071   -1.26546613  -0.02592055  -0.04281758
2455143.726484  9.362729e-01    -1.95615780  -0.73628737  -0.04280257   -1.26549677  -0.02592302  -0.04280943
2455143.729358  9.158040e-01    -1.95615212  -0.73632412  -0.04279444   -1.26552734  -0.02592549  -0.04280131
2455143.732239  9.191839e-01    -1.95614642  -0.73636096  -0.04278629   -1.26555799  -0.02592797  -0.04279316
2455143.735122  9.208790e-01    -1.95614072  -0.73639784  -0.04277814   -1.26558867  -0.02593045  -0.04278500
2455143.738005  9.234270e-01    -1.95613502  -0.73643470  -0.04276998   -1.26561934  -0.02593293  -0.04277685
2455143.740886  8.729763e-01    -1.95612932  -0.73647154  -0.04276183   -1.26564999  -0.02593542  -0.04276870
2455143.743759  8.900255e-01    -1.95612364  -0.73650828  -0.04275371   -1.26568056  -0.02593789  -0.04276058
2455143.746637  8.753918e-01    -1.95611795  -0.73654508  -0.04274557   -1.26571118  -0.02594038  -0.04275244
2455143.749776  8.657698e-01    -1.95611174  -0.73658522  -0.04273669   -1.26574459  -0.02594309  -0.04274356
2455143.752648  8.851206e-01    -1.95610606  -0.73662195  -0.04272857   -1.26577516  -0.02594557  -0.04273544
2455143.755522  8.665674e-01    -1.95610037  -0.73665870  -0.04272044   -1.26580574  -0.02594805  -0.04272731
2455143.758487  8.681656e-01    -1.95609450  -0.73669661  -0.04271206   -1.26583730  -0.02595062  -0.04271893
2455143.761370  8.515351e-01    -1.95608880  -0.73673347  -0.04270390   -1.26586798  -0.02595311  -0.04271077
2455143.764248  8.468424e-01    -1.95608310  -0.73677027  -0.04269576   -1.26589861  -0.02595561  -0.04270263
2455143.767210  8.283281e-01    -1.95607724  -0.73680816  -0.04268739   -1.26593014  -0.02595817  -0.04269426
2455143.770088  8.237632e-01    -1.95607154  -0.73684496  -0.04267925   -1.26596078  -0.02596067  -0.04268612
2455143.772968  8.657698e-01    -1.95606584  -0.73688178  -0.04267110   -1.26599143  -0.02596317  -0.04267797
2455143.775850  8.383056e-01    -1.95606014  -0.73691863  -0.04266295   -1.26602211  -0.02596567  -0.04266982
2455143.778731  8.617918e-01    -1.95605443  -0.73695547  -0.04265480   -1.26605278  -0.02596818  -0.04266167
2455143.781610  8.147089e-01    -1.95604873  -0.73699228  -0.04264666   -1.26608343  -0.02597068  -0.04265353
2455143.785282  8.649731e-01    -1.95604146  -0.73703924  -0.04263627   -1.26612253  -0.02597388  -0.04264315
2455143.788154  8.892063e-01    -1.95603577  -0.73707596  -0.04262815   -1.26615310  -0.02597638  -0.04263502
2455143.793912  9.040710e-01    -1.95602437  -0.73714958  -0.04261187   -1.26621441  -0.02598139  -0.04261874
2455143.802548  8.290915e-01    -1.95600725  -0.73726001  -0.04258744   -1.26630638  -0.02598893  -0.04259431
2455143.805421  8.617918e-01    -1.95600156  -0.73729674  -0.04257932   -1.26633697  -0.02599145  -0.04258619
2455143.808298  9.057380e-01    -1.95599586  -0.73733352  -0.04257118   -1.26636761  -0.02599396  -0.04257805
2455143.811174  8.753918e-01    -1.95599016  -0.73737029  -0.04256305   -1.26639824  -0.02599648  -0.04256992
2455143.814046  9.082438e-01    -1.95598447  -0.73740701  -0.04255493   -1.26642882  -0.02599899  -0.04256180
2455143.816924  9.501727e-01    -1.95597876  -0.73744382  -0.04254678   -1.26645949  -0.02600152  -0.04255366
2455143.820048  9.822059e-01    -1.95597257  -0.73748376  -0.04253795   -1.26649276  -0.02600426  -0.04254482
2455143.822925  9.660565e-01    -1.95596686  -0.73752054  -0.04252981   -1.26652341  -0.02600678  -0.04253669
2455143.825809  9.259820e-01    -1.95596115  -0.73755741  -0.04252166   -1.26655413  -0.02600931  -0.04252853
71 0   0.026   2009-11-14.2   R   Brinsfield
2455149.578901  1.099451e+00    -1.94351457  -0.81070720  -0.02623087   -1.33015299  -0.03435695  -0.02623798
2455149.581767  1.160849e+00    -1.94350786  -0.81074343  -0.02622275   -1.33018576  -0.03436281  -0.02622986
2455149.584669  1.178083e+00    -1.94350106  -0.81078011  -0.02621452   -1.33021895  -0.03436873  -0.02622163
2455149.587548  1.149148e+00    -1.94349432  -0.81081651  -0.02620636   -1.33025188  -0.03437462  -0.02621347
2455149.590424  1.139661e+00    -1.94348758  -0.81085288  -0.02619821   -1.33028478  -0.03438050  -0.02620532
2455149.593305  1.174832e+00    -1.94348083  -0.81088930  -0.02619004   -1.33031773  -0.03438639  -0.02619715
2455149.596183  1.208859e+00    -1.94347409  -0.81092568  -0.02618188   -1.33035065  -0.03439228  -0.02618899
2455149.599063  1.152327e+00    -1.94346734  -0.81096209  -0.02617372   -1.33038359  -0.03439817  -0.02618083
2455149.601938  1.237017e+00    -1.94346060  -0.81099843  -0.02616557   -1.33041647  -0.03440405  -0.02617268
2455149.604821  1.204414e+00    -1.94345384  -0.81103489  -0.02615740   -1.33044946  -0.03440996  -0.02616451
2455149.607699  1.186795e+00    -1.94344710  -0.81107127  -0.02614924   -1.33048239  -0.03441585  -0.02615635
2455149.610578  1.151266e+00    -1.94344035  -0.81110766  -0.02614108   -1.33051532  -0.03442175  -0.02614819
2455149.614322  1.134425e+00    -1.94343157  -0.81115499  -0.02613047   -1.33055815  -0.03442942  -0.02613758
2455149.617203  1.168357e+00    -1.94342482  -0.81119141  -0.02612230   -1.33059111  -0.03443533  -0.02612941
2455149.620081  1.211088e+00    -1.94341807  -0.81122780  -0.02611414   -1.33062405  -0.03444123  -0.02612125
2455149.622963  1.171590e+00    -1.94341131  -0.81126423  -0.02610597   -1.33065702  -0.03444714  -0.02611308
2455149.625842  1.140711e+00    -1.94340456  -0.81130062  -0.02609781   -1.33068996  -0.03445305  -0.02610492
2455149.628721  1.139661e+00    -1.94339781  -0.81133702  -0.02608965   -1.33072290  -0.03445896  -0.02609676
2455149.631604  1.119891e+00    -1.94339105  -0.81137346  -0.02608148   -1.33075589  -0.03446487  -0.02608859
2455149.634487  1.114746e+00    -1.94338428  -0.81140991  -0.02607331   -1.33078889  -0.03447080  -0.02608042
2455149.637367  1.114746e+00    -1.94337753  -0.81144632  -0.02606514   -1.33082184  -0.03447671  -0.02607226
2455149.640251  1.111670e+00    -1.94337076  -0.81148277  -0.02605697   -1.33085484  -0.03448264  -0.02606408
2455149.643128  1.111670e+00    -1.94336401  -0.81151914  -0.02604881   -1.33088777  -0.03448855  -0.02605593
2455149.646009  1.122990e+00    -1.94335725  -0.81155555  -0.02604065   -1.33092074  -0.03449447  -0.02604776
2455149.649661  1.140711e+00    -1.94334868  -0.81160173  -0.02603029   -1.33096254  -0.03450199  -0.02603741
2455149.652533  1.082370e+00    -1.94334194  -0.81163803  -0.02602215   -1.33099541  -0.03450790  -0.02602927
2455149.655414  1.063594e+00    -1.94333518  -0.81167444  -0.02601399   -1.33102838  -0.03451382  -0.02602110
2455149.658297  1.086365e+00    -1.94332842  -0.81171088  -0.02600582   -1.33106138  -0.03451976  -0.02601293
2455149.661176  1.055786e+00    -1.94332166  -0.81174727  -0.02599766   -1.33109433  -0.03452569  -0.02600477
2455149.664051  1.059683e+00    -1.94331491  -0.81178363  -0.02598950   -1.33112725  -0.03453161  -0.02599662
2455149.666931  1.054814e+00    -1.94330815  -0.81182003  -0.02598134   -1.33116022  -0.03453755  -0.02598845
2455149.669812  1.025122e+00    -1.94330138  -0.81185644  -0.02597318   -1.33119320  -0.03454348  -0.02598029
2455149.672688  1.014789e+00    -1.94329463  -0.81189279  -0.02596502   -1.33122612  -0.03454941  -0.02597214
2455149.675569  1.029854e+00    -1.94328787  -0.81192921  -0.02595686   -1.33125910  -0.03455535  -0.02596397
2455149.678561  9.461841e-01    -1.94328084  -0.81196702  -0.02594838   -1.33129335  -0.03456153  -0.02595549
2455149.681442  9.655523e-01    -1.94327407  -0.81200345  -0.02594021   -1.33132635  -0.03456747  -0.02594732
2455149.685076  9.584639e-01    -1.94326554  -0.81204938  -0.02592991   -1.33136795  -0.03457497  -0.02593702
2455149.687955  9.263515e-01    -1.94325878  -0.81208577  -0.02592175   -1.33140091  -0.03458092  -0.02592886
2455149.690836  9.470564e-01    -1.94325201  -0.81212218  -0.02591358   -1.33143390  -0.03458687  -0.02592070
2455149.693713  9.027671e-01    -1.94324525  -0.81215854  -0.02590543   -1.33146684  -0.03459281  -0.02591254
2455149.696592  9.086065e-01    -1.94323849  -0.81219494  -0.02589726   -1.33149982  -0.03459876  -0.02590438
2455149.699473  9.052652e-01    -1.94323172  -0.81223135  -0.02588910   -1.33153281  -0.03460472  -0.02589621
2455149.702348  8.749349e-01    -1.94322496  -0.81226769  -0.02588095   -1.33156573  -0.03461067  -0.02588806
2455149.705228  8.830306e-01    -1.94321819  -0.81230409  -0.02587279   -1.33159871  -0.03461662  -0.02587990
2455149.708104  8.773559e-01    -1.94321144  -0.81234044  -0.02586463   -1.33163164  -0.03462257  -0.02587175
2455149.710984  9.144834e-01    -1.94320467  -0.81237685  -0.02585647   -1.33166463  -0.03462854  -0.02586358
2455149.713867  8.464002e-01    -1.94319789  -0.81241328  -0.02584830   -1.33169765  -0.03463451  -0.02585541
2455149.716748  8.920224e-01    -1.94319112  -0.81244970  -0.02584013   -1.33173065  -0.03464047  -0.02584724
2455149.720388  8.503072e-01    -1.94318256  -0.81249570  -0.02582981   -1.33177234  -0.03464801  -0.02583693
2455149.723431  8.309517e-01    -1.94317541  -0.81253416  -0.02582119   -1.33180719  -0.03465432  -0.02582830
2455149.726310  8.075620e-01    -1.94316864  -0.81257055  -0.02581302   -1.33184018  -0.03466029  -0.02582014
2455149.729195  8.526596e-01    -1.94316185  -0.81260701  -0.02580485   -1.33187322  -0.03466627  -0.02581196
2455149.732074  8.233335e-01    -1.94315508  -0.81264340  -0.02579669   -1.33190620  -0.03467224  -0.02580380
2455149.734958  7.964816e-01    -1.94314830  -0.81267985  -0.02578851   -1.33193924  -0.03467823  -0.02579563
2455149.737833  8.135338e-01    -1.94314154  -0.81271618  -0.02578036   -1.33197217  -0.03468419  -0.02578748
2455149.740711  8.225752e-01    -1.94313477  -0.81275256  -0.02577220   -1.33200515  -0.03469017  -0.02577932
2455149.743584  8.045922e-01    -1.94312801  -0.81278887  -0.02576406   -1.33203807  -0.03469614  -0.02577117
2455149.746461  7.669655e-01    -1.94312124  -0.81282523  -0.02575590   -1.33207103  -0.03470211  -0.02576302
2455149.749343  8.001580e-01    -1.94311446  -0.81286165  -0.02574773   -1.33210404  -0.03470810  -0.02575485
2455149.752226  7.884529e-01    -1.94310768  -0.81289808  -0.02573956   -1.33213708  -0.03471409  -0.02574668
2455149.755886  7.986853e-01    -1.94309907  -0.81294435  -0.02572919   -1.33217902  -0.03472170  -0.02573630
2455149.758767  8.324836e-01    -1.94309229  -0.81298076  -0.02572102   -1.33221203  -0.03472770  -0.02572814
2455149.761651  8.637258e-01    -1.94308550  -0.81301720  -0.02571284   -1.33224508  -0.03473370  -0.02571996
2455149.764531  8.944904e-01    -1.94307872  -0.81305360  -0.02570468   -1.33227808  -0.03473969  -0.02571180
2455149.767410  9.035988e-01    -1.94307195  -0.81308998  -0.02569652   -1.33231107  -0.03474568  -0.02570364
2455149.770291  9.505518e-01    -1.94306516  -0.81312640  -0.02568835   -1.33234410  -0.03475168  -0.02569547
2455149.773159  9.558191e-01    -1.94305841  -0.81316264  -0.02568022   -1.33237696  -0.03475766  -0.02568734
2455149.776169  9.990234e-01    -1.94305133  -0.81320068  -0.02567169   -1.33241146  -0.03476393  -0.02567881
2455149.779051  1.011989e+00    -1.94304454  -0.81323709  -0.02566352   -1.33244449  -0.03476993  -0.02567064
2455149.781925  9.709025e-01    -1.94303777  -0.81327341  -0.02565537   -1.33247742  -0.03477593  -0.02566249
2455149.784804  9.953497e-01    -1.94303099  -0.81330979  -0.02564721   -1.33251042  -0.03478193  -0.02565433
59 0   0.021   2009-11-15.2   R   Brinsfield
2455150.613817  7.808076e-01    -1.94105763  -0.82377738  -0.02329694   -1.34205533  -0.03658423  -0.02330409
2455150.616698  8.537761e-01    -1.94105070  -0.82381372  -0.02328877   -1.34208865  -0.03659075  -0.02329592
2455150.619578  8.592983e-01    -1.94104377  -0.82385005  -0.02328061   -1.34212195  -0.03659727  -0.02328775
2455150.622451  8.624700e-01    -1.94103686  -0.82388629  -0.02327246   -1.34215518  -0.03660377  -0.02327961
2455150.625330  8.351106e-01    -1.94102993  -0.82392261  -0.02326430   -1.34218847  -0.03661029  -0.02327145
2455150.628209  8.656534e-01    -1.94102300  -0.82395894  -0.02325614   -1.34222178  -0.03661682  -0.02326328
2455150.631083  8.776960e-01    -1.94101608  -0.82399519  -0.02324799   -1.34225502  -0.03662333  -0.02325513
2455150.633962  8.956620e-01    -1.94100915  -0.82403151  -0.02323983   -1.34228832  -0.03662986  -0.02324697
2455150.636842  8.585075e-01    -1.94100222  -0.82406784  -0.02323166   -1.34232163  -0.03663639  -0.02323881
2455150.639720  9.224528e-01    -1.94099529  -0.82410414  -0.02322350   -1.34235492  -0.03664291  -0.02323065
2455150.642593  8.931903e-01    -1.94098837  -0.82414040  -0.02321535   -1.34238817  -0.03664943  -0.02322250
2455150.645471  9.182145e-01    -1.94098145  -0.82417670  -0.02320719   -1.34242146  -0.03665596  -0.02321434
2455150.649107  9.165244e-01    -1.94097269  -0.82422257  -0.02319688   -1.34246352  -0.03666421  -0.02320403
2455150.651992  9.588355e-01    -1.94096574  -0.82425896  -0.02318870   -1.34249689  -0.03667076  -0.02319585
2455150.654871  9.553094e-01    -1.94095881  -0.82429527  -0.02318054   -1.34253020  -0.03667730  -0.02318769
2455150.657749  9.712791e-01    -1.94095188  -0.82433159  -0.02317238   -1.34256350  -0.03668384  -0.02317953
2455150.660623  9.544300e-01    -1.94094496  -0.82436784  -0.02316423   -1.34259675  -0.03669037  -0.02317138
2455150.663501  1.004024e+00    -1.94093802  -0.82440414  -0.02315607   -1.34263005  -0.03669691  -0.02316322
2455150.666382  9.793639e-01    -1.94093108  -0.82444048  -0.02314790   -1.34266339  -0.03670346  -0.02315505
2455150.669260  9.984910e-01    -1.94092415  -0.82447678  -0.02313974   -1.34269668  -0.03671001  -0.02314689
2455150.672133  1.003099e+00    -1.94091723  -0.82451303  -0.02313160   -1.34272994  -0.03671655  -0.02313874
2455150.675012  1.004949e+00    -1.94091029  -0.82454935  -0.02312343   -1.34276325  -0.03672310  -0.02313058
2455150.677885  9.948191e-01    -1.94090337  -0.82458559  -0.02311529   -1.34279650  -0.03672963  -0.02312244
2455150.680762  1.006802e+00    -1.94089644  -0.82462187  -0.02310713   -1.34282979  -0.03673618  -0.02311428
2455150.684415  1.056195e+00    -1.94088763  -0.82466795  -0.02309677   -1.34287206  -0.03674450  -0.02310392
2455150.687282  9.957356e-01    -1.94088072  -0.82470412  -0.02308864   -1.34290525  -0.03675104  -0.02309579
2455150.690161  1.008658e+00    -1.94087378  -0.82474044  -0.02308048   -1.34293857  -0.03675760  -0.02308763
2455150.693046  1.027411e+00    -1.94086683  -0.82477682  -0.02307230   -1.34297196  -0.03676417  -0.02307945
2455150.695921  1.044586e+00    -1.94085990  -0.82481309  -0.02306415   -1.34300523  -0.03677073  -0.02307130
2455150.698799  1.045548e+00    -1.94085296  -0.82484939  -0.02305599   -1.34303854  -0.03677729  -0.02306314
2455150.701675  1.063026e+00    -1.94084602  -0.82488567  -0.02304783   -1.34307184  -0.03678385  -0.02305498
2455150.704555  1.039786e+00    -1.94083908  -0.82492200  -0.02303967   -1.34310518  -0.03679042  -0.02304682
2455150.707429  1.077815e+00    -1.94083215  -0.82495825  -0.02303152   -1.34313844  -0.03679698  -0.02303867
2455150.710305  1.063026e+00    -1.94082521  -0.82499452  -0.02302337   -1.34317173  -0.03680355  -0.02303051
2455150.713179  1.071875e+00    -1.94081828  -0.82503077  -0.02301522   -1.34320500  -0.03681011  -0.02302237
2455150.716058  1.077815e+00    -1.94081134  -0.82506708  -0.02300705   -1.34323833  -0.03681669  -0.02301420
2455150.719794  1.088790e+00    -1.94080233  -0.82511421  -0.02299646   -1.34328159  -0.03682522  -0.02300361
2455150.722672  1.060093e+00    -1.94079538  -0.82515051  -0.02298830   -1.34331491  -0.03683180  -0.02299545
2455150.725552  1.057168e+00    -1.94078844  -0.82518683  -0.02298013   -1.34334825  -0.03683839  -0.02298728
2455150.728437  1.074841e+00    -1.94078148  -0.82522322  -0.02297195   -1.34338165  -0.03684498  -0.02297910
2455150.731310  1.072863e+00    -1.94077454  -0.82525945  -0.02296381   -1.34341491  -0.03685156  -0.02297096
2455150.734187  1.070888e+00    -1.94076760  -0.82529575  -0.02295565   -1.34344824  -0.03685814  -0.02296280
2455150.737060  1.072863e+00    -1.94076067  -0.82533198  -0.02294750   -1.34348150  -0.03686472  -0.02295465
2455150.739934  1.066950e+00    -1.94075373  -0.82536823  -0.02293935   -1.34351478  -0.03687129  -0.02294650
2455150.742813  1.013314e+00    -1.94074678  -0.82540453  -0.02293119   -1.34354812  -0.03687789  -0.02293834
2455150.745691  1.082790e+00    -1.94073984  -0.82544083  -0.02292303   -1.34358144  -0.03688448  -0.02293018
2455150.748570  1.079802e+00    -1.94073288  -0.82547715  -0.02291487   -1.34361479  -0.03689108  -0.02292202
2455150.751444  1.048441e+00    -1.94072595  -0.82551340  -0.02290672   -1.34364808  -0.03689766  -0.02291387
2455150.755068  1.049407e+00    -1.94071720  -0.82555910  -0.02289644   -1.34369004  -0.03690597  -0.02290359
2455150.757946  1.056195e+00    -1.94071025  -0.82559539  -0.02288828   -1.34372337  -0.03691257  -0.02289543
2455150.760824  1.064987e+00    -1.94070330  -0.82563169  -0.02288012   -1.34375671  -0.03691917  -0.02288727
2455150.763701  1.061070e+00    -1.94069635  -0.82566798  -0.02287196   -1.34379004  -0.03692578  -0.02287911
2455150.766579  1.042663e+00    -1.94068940  -0.82570428  -0.02286380   -1.34382337  -0.03693238  -0.02287095
2455150.769452  1.031203e+00    -1.94068246  -0.82574051  -0.02285566   -1.34385665  -0.03693898  -0.02286281
2455150.772327  1.077815e+00    -1.94067552  -0.82577677  -0.02284751   -1.34388995  -0.03694558  -0.02285466
2455150.775199  1.047476e+00    -1.94066858  -0.82581298  -0.02283936   -1.34392322  -0.03695217  -0.02284651
2455150.778081  1.019868e+00    -1.94066162  -0.82584934  -0.02283119   -1.34395661  -0.03695880  -0.02283834
2455150.780957  1.004024e+00    -1.94065467  -0.82588561  -0.02282304   -1.34398993  -0.03696541  -0.02283019
2455150.783925  1.014248e+00    -1.94064750  -0.82592304  -0.02281462   -1.34402431  -0.03697223  -0.02282177
98 0 0.12 2005.11-2010.2 V 703_CATALINA
2453699.851504 4.359953e+00 -5.228736e-01 -2.691938e+00 5.015612e-01 -7.618459e-02 -1.811744e+00 5.015673e-01
2453699.858224 3.976322e+00 -5.228135e-01 -2.691969e+00 5.015736e-01 -7.622950e-02 -1.811723e+00 5.015796e-01
2453699.864984 3.626446e+00 -5.227531e-01 -2.692001e+00 5.015860e-01 -7.627468e-02 -1.811702e+00 5.015921e-01
2453699.871794 3.307353e+00 -5.226922e-01 -2.692032e+00 5.015986e-01 -7.632020e-02 -1.811681e+00 5.016046e-01
2453733.738993 2.451306e+00 -2.167300e-01 -2.827882e+00 5.599755e-01 -3.455823e-01 -1.852981e+00 5.599825e-01
2453733.747102 2.688011e+00 -2.166561e-01 -2.827910e+00 5.599886e-01 -3.456491e-01 -1.853027e+00 5.599955e-01
2453733.755242 2.451684e+00 -2.165821e-01 -2.827938e+00 5.600017e-01 -3.457161e-01 -1.853074e+00 5.600086e-01
2453733.763392 2.451874e+00 -2.165079e-01 -2.827966e+00 5.600148e-01 -3.457832e-01 -1.853121e+00 5.600217e-01
2454038.962713 3.944681e+00 2.295148e+00 -2.551727e+00 7.530679e-01 3.090343e+00 -1.956957e+00 7.530697e-01
2454038.969143 1.570342e+00 2.295189e+00 -2.551699e+00 7.530663e-01 3.090316e+00 -1.956841e+00 7.530681e-01
2454038.975503 2.269743e+00 2.295230e+00 -2.551672e+00 7.530647e-01 3.090290e+00 -1.956726e+00 7.530665e-01
2454038.981914 2.488623e+00 2.295272e+00 -2.551644e+00 7.530631e-01 3.090263e+00 -1.956610e+00 7.530649e-01
2454057.914083 2.875528e+00 2.414929e+00 -2.466361e+00 7.474257e-01 2.970193e+00 -1.648567e+00 7.474289e-01
2454057.920583 3.152799e+00 2.414969e+00 -2.466330e+00 7.474235e-01 2.970139e+00 -1.648474e+00 7.474266e-01
2454057.927064 1.814157e+00 2.415009e+00 -2.466300e+00 7.474212e-01 2.970085e+00 -1.648382e+00 7.474244e-01
2454057.933604 3.152490e+00 2.415049e+00 -2.466270e+00 7.474190e-01 2.970030e+00 -1.648289e+00 7.474221e-01
2454128.813373 3.970152e+00 2.809810e+00 -2.096616e+00 7.106562e-01 2.204960e+00 -1.319450e+00 7.106605e-01
2454128.819913 3.970057e+00 2.809843e+00 -2.096579e+00 7.106518e-01 2.204902e+00 -1.319482e+00 7.106560e-01
2454128.826463 3.969963e+00 2.809875e+00 -2.096541e+00 7.106472e-01 2.204844e+00 -1.319514e+00 7.106515e-01
2454141.803135 5.082701e+00 2.872539e+00 -2.021052e+00 7.013530e-01 2.104961e+00 -1.400975e+00 7.013568e-01
2454141.809545 4.635455e+00 2.872569e+00 -2.021014e+00 7.013482e-01 2.104920e+00 -1.401023e+00 7.013520e-01
2454141.815995 3.855583e+00 2.872599e+00 -2.020976e+00 7.013434e-01 2.104879e+00 -1.401072e+00 7.013472e-01
2454141.822435 3.855563e+00 2.872630e+00 -2.020938e+00 7.013386e-01 2.104837e+00 -1.401120e+00 7.013424e-01
2454154.700134 3.888694e+00 2.931733e+00 -1.943850e+00 6.913620e-01 2.041852e+00 -1.511511e+00 6.913651e-01
2454154.708764 3.546597e+00 2.931772e+00 -1.943798e+00 6.913551e-01 2.041823e+00 -1.511593e+00 6.913581e-01
2454154.717374 3.888837e+00 2.931810e+00 -1.943746e+00 6.913482e-01 2.041795e+00 -1.511675e+00 6.913512e-01
2454154.725983 3.546727e+00 2.931849e+00 -1.943693e+00 6.913413e-01 2.041766e+00 -1.511756e+00 6.913443e-01
2454170.676747 3.133721e+00 3.000711e+00 -1.845348e+00 6.779624e-01 2.022193e+00 -1.674767e+00 6.779644e-01
2454170.683227 2.377252e+00 3.000738e+00 -1.845307e+00 6.779568e-01 2.022199e+00 -1.674837e+00 6.779587e-01
2454170.689707 2.606695e+00 3.000765e+00 -1.845266e+00 6.779511e-01 2.022205e+00 -1.674907e+00 6.779531e-01
2454170.696307 2.858285e+00 3.000792e+00 -1.845225e+00 6.779453e-01 2.022212e+00 -1.674977e+00 6.779473e-01
2454213.625908 3.001544e+00 3.161512e+00 -1.566052e+00 6.365085e-01 2.313616e+00 -2.106200e+00 6.365071e-01
2454213.636288 2.076745e+00 3.161546e+00 -1.565983e+00 6.364975e-01 2.313743e+00 -2.106281e+00 6.364962e-01
2454213.646607 2.737925e+00 3.161580e+00 -1.565913e+00 6.364866e-01 2.313870e+00 -2.106362e+00 6.364853e-01
2454213.656876 3.002340e+00 3.161614e+00 -1.565844e+00 6.364758e-01 2.313996e+00 -2.106442e+00 6.364745e-01
2454452.991546 1.586773e+00 3.316138e+00 2.319151e-01 2.820341e-01 3.383774e+00 1.213547e+00 2.820358e-01
2454452.998237 1.586669e+00 3.316123e+00 2.319674e-01 2.820218e-01 3.383642e+00 1.213607e+00 2.820235e-01
2454453.005007 1.203532e+00 3.316107e+00 2.320204e-01 2.820094e-01 3.383509e+00 1.213667e+00 2.820111e-01
2454453.011878 2.091358e+00 3.316092e+00 2.320742e-01 2.819968e-01 3.383373e+00 1.213729e+00 2.819985e-01
2454524.964737 3.821664e+00 3.082843e+00 7.858713e-01 1.448727e-01 2.157332e+00 1.138753e+00 1.448753e-01
2454524.972358 2.198928e+00 3.082811e+00 7.859285e-01 1.448577e-01 2.157251e+00 1.138687e+00 1.448603e-01
2454524.980058 2.898472e+00 3.082778e+00 7.859863e-01 1.448426e-01 2.157169e+00 1.138620e+00 1.448451e-01
2454524.987829 3.177801e+00 3.082745e+00 7.860446e-01 1.448273e-01 2.157086e+00 1.138553e+00 1.448299e-01
2454561.869514 3.196229e+00 2.907061e+00 1.057230e+00 7.156618e-02 1.944458e+00 7.841921e-01 7.156766e-02
2454561.875984 2.914885e+00 2.907026e+00 1.057276e+00 7.155322e-02 1.944452e+00 7.841310e-01 7.155469e-02
2454561.882524 3.504328e+00 2.906992e+00 1.057323e+00 7.154012e-02 1.944446e+00 7.840693e-01 7.154159e-02
2454561.888945 3.195865e+00 2.906958e+00 1.057369e+00 7.152725e-02 1.944441e+00 7.840087e-01 7.152873e-02
2454567.788734 4.483828e+00 2.875212e+00 1.099537e+00 5.969506e-02 1.943662e+00 7.297266e-01 5.969630e-02
2454567.797685 3.729345e+00 2.875164e+00 1.099601e+00 5.967710e-02 1.943667e+00 7.296466e-01 5.967833e-02
2454567.806655 4.483489e+00 2.875114e+00 1.099665e+00 5.965909e-02 1.943672e+00 7.295664e-01 5.966033e-02
2454567.815605 3.729063e+00 2.875066e+00 1.099729e+00 5.964112e-02 1.943678e+00 7.294864e-01 5.964236e-02
2454580.795607 3.296478e+00 2.801636e+00 1.191101e+00 3.354074e-02 1.971333e+00 6.233092e-01 3.354146e-02
2454580.802077 3.614502e+00 2.801598e+00 1.191146e+00 3.352771e-02 1.971357e+00 6.232619e-01 3.352843e-02
2454580.808517 3.614487e+00 2.801560e+00 1.191191e+00 3.351474e-02 1.971380e+00 6.232149e-01 3.351546e-02
2454580.814977 3.006388e+00 2.801523e+00 1.191236e+00 3.350173e-02 1.971403e+00 6.231677e-01 3.350245e-02
2454597.746153 2.337306e+00 2.698287e+00 1.307219e+00 -6.257800e-04 2.059931e+00 5.244016e-01 -6.257800e-04
2454597.753283 2.562865e+00 2.698242e+00 1.307267e+00 -6.401600e-04 2.059979e+00 5.243716e-01 -6.401600e-04
2454597.760383 2.337415e+00 2.698197e+00 1.307314e+00 -6.544700e-04 2.060027e+00 5.243418e-01 -6.544800e-04
2454597.767522 1.944223e+00 2.698152e+00 1.307363e+00 -6.688700e-04 2.060075e+00 5.243118e-01 -6.688800e-04
2454977.919305 2.828088e+00 -1.295112e+00 1.365637e+00 -4.096550e-01 -1.720607e+00 4.462227e-01 -4.096524e-01
2454977.926476 2.145143e+00 -1.295182e+00 1.365564e+00 -4.096469e-01 -1.720567e+00 4.460973e-01 -4.096443e-01
2454977.933716 2.351903e+00 -1.295252e+00 1.365490e+00 -4.096387e-01 -1.720526e+00 4.459707e-01 -4.096361e-01
2454977.940887 1.956062e+00 -1.295322e+00 1.365417e+00 -4.096306e-01 -1.720486e+00 4.458454e-01 -4.096279e-01
2455044.833932 2.181736e+00 -1.804539e+00 5.778709e-01 -2.981779e-01 -1.164702e+00 -2.099654e-01 -2.981783e-01
2455044.840972 2.181555e+00 -1.804576e+00 5.777794e-01 -2.981627e-01 -1.164647e+00 -2.099809e-01 -2.981632e-01
2455044.847852 2.181379e+00 -1.804612e+00 5.776901e-01 -2.981480e-01 -1.164593e+00 -2.099961e-01 -2.981484e-01
2455044.854742 1.989281e+00 -1.804648e+00 5.776006e-01 -2.981332e-01 -1.164539e+00 -2.100112e-01 -2.981336e-01
2455084.930812 2.700908e+00 -1.953848e+00 4.386621e-02 -2.031236e-01 -9.700136e-01 -1.703756e-01 -2.031261e-01
2455084.936722 2.700864e+00 -1.953861e+00 4.378643e-02 -2.031085e-01 -9.700065e-01 -1.703564e-01 -2.031110e-01
2455084.942592 2.700820e+00 -1.953874e+00 4.370720e-02 -2.030934e-01 -9.699995e-01 -1.703373e-01 -2.030959e-01
2455084.948532 2.700775e+00 -1.953886e+00 4.362702e-02 -2.030782e-01 -9.699924e-01 -1.703180e-01 -2.030807e-01
2455091.768492 2.935121e+00 -1.967000e+00 -4.843789e-02 -1.854348e-01 -9.667697e-01 -1.469828e-01 -1.854376e-01
2455091.773362 3.218300e+00 -1.967008e+00 -4.850362e-02 -1.854221e-01 -9.667709e-01 -1.469655e-01 -1.854249e-01
2455091.778192 3.218304e+00 -1.967016e+00 -4.856881e-02 -1.854094e-01 -9.667722e-01 -1.469483e-01 -1.854123e-01
2455091.783072 3.218307e+00 -1.967025e+00 -4.863467e-02 -1.853967e-01 -9.667735e-01 -1.469309e-01 -1.853995e-01
2455091.809812 3.528827e+00 -1.967069e+00 -4.899557e-02 -1.853268e-01 -9.667805e-01 -1.468357e-01 -1.853297e-01
2455091.815232 3.528831e+00 -1.967078e+00 -4.906872e-02 -1.853127e-01 -9.667820e-01 -1.468164e-01 -1.853155e-01
2455091.820742 3.528836e+00 -1.967087e+00 -4.914308e-02 -1.852983e-01 -9.667834e-01 -1.467968e-01 -1.853011e-01
2455091.826212 3.218342e+00 -1.967096e+00 -4.921691e-02 -1.852840e-01 -9.667849e-01 -1.467773e-01 -1.852868e-01
2455099.879084 4.317960e+00 -1.978038e+00 -1.578247e-01 -1.640209e-01 -9.760233e-01 -1.175207e-01 -1.640241e-01
2455099.884174 5.191441e+00 -1.978043e+00 -1.578932e-01 -1.640074e-01 -9.760336e-01 -1.175021e-01 -1.640105e-01
2455099.894294 5.191660e+00 -1.978054e+00 -1.580295e-01 -1.639804e-01 -9.760542e-01 -1.174651e-01 -1.639835e-01
2455114.657516 3.671484e+00 -1.985680e+00 -3.559484e-01 -1.240080e-01 -1.029929e+00 -6.654792e-02 -1.240115e-01
2455114.664056 3.348677e+00 -1.985680e+00 -3.560356e-01 -1.239901e-01 -1.029963e+00 -6.652782e-02 -1.239936e-01
2455114.670696 3.348925e+00 -1.985680e+00 -3.561241e-01 -1.239719e-01 -1.029998e+00 -6.650741e-02 -1.239754e-01
2455114.677336 3.349173e+00 -1.985680e+00 -3.562126e-01 -1.239536e-01 -1.030033e+00 -6.648701e-02 -1.239572e-01
2455126.742913 2.726962e+00 -1.980353e+00 -5.159491e-01 -9.055096e-02 -1.108509e+00 -3.605006e-02 -9.055470e-02
2455126.749003 2.727221e+00 -1.980348e+00 -5.160292e-01 -9.053397e-02 -1.108556e+00 -3.603870e-02 -9.053771e-02
2455126.755022 2.727477e+00 -1.980343e+00 -5.161083e-01 -9.051718e-02 -1.108602e+00 -3.602747e-02 -9.052092e-02
2455126.761052 2.727734e+00 -1.980338e+00 -5.161875e-01 -9.050036e-02 -1.108649e+00 -3.601623e-02 -9.050409e-02
2455208.560978 2.013452e+00 -1.709174e+00 -1.503185e+00 1.395657e-01 -2.070969e+00 -5.886582e-01 1.395644e-01
2455208.566658 1.674878e+00 -1.709143e+00 -1.503246e+00 1.395813e-01 -2.071031e+00 -5.887554e-01 1.395800e-01
2455208.572377 1.836645e+00 -1.709112e+00 -1.503307e+00 1.395970e-01 -2.071093e+00 -5.888533e-01 1.395957e-01
2455208.578117 1.836823e+00 -1.709081e+00 -1.503369e+00 1.396127e-01 -2.071155e+00 -5.889516e-01 1.396114e-01
2455240.576952 2.079104e+00 -1.515570e+00 -1.826755e+00 2.253926e-01 -2.315354e+00 -1.247878e+00 2.253936e-01
2455240.581912 2.079247e+00 -1.515537e+00 -1.826802e+00 2.254056e-01 -2.315373e+00 -1.247995e+00 2.254065e-01
2455240.586861 2.079389e+00 -1.515504e+00 -1.826848e+00 2.254185e-01 -2.315391e+00 -1.248111e+00 2.254194e-01
2455240.591841 2.500147e+00 -1.515471e+00 -1.826896e+00 2.254315e-01 -2.315410e+00 -1.248228e+00 2.254324e-01
1 1
2 1
3 1
4 1
5 1
6 1
7 1
8 1
9 0.15
