2	0.5	1000	 1	period_start period_step period_end fixed/free
0.0				initial epoch
0.0				initial rotation angle      
0.1				convexity weight      
3 3				degree and order of spherical harmonics      
6				number of rows        
0.5	1			scattering parameters
0.1	1
-0.5	1     
0.1	0			LS coeff                 
50				iteration stop condidion
10				minimum number of iterations (only if the above value < 1)
5				Alamda multiplicative factor
0.1				Alamda initial value
1
110 0 0.12 2005.7-2009.4 V 703_CATALINA
2453553.813615 6.209197e+00 -1.512214e+00 2.237720e+00 -2.529667e-01 -1.327804e+00 1.237889e+00 -2.529745e-01
2453553.820685 6.208808e+00 -1.512276e+00 2.237674e+00 -2.529769e-01 -1.327748e+00 1.237865e+00 -2.529848e-01
2453553.827775 6.208417e+00 -1.512337e+00 2.237628e+00 -2.529872e-01 -1.327691e+00 1.237841e+00 -2.529950e-01
2453553.834836 6.208029e+00 -1.512399e+00 2.237582e+00 -2.529974e-01 -1.327635e+00 1.237816e+00 -2.530052e-01
2453562.796295 8.354587e+00 -1.589356e+00 2.178106e+00 -2.657983e-01 -1.258142e+00 1.216964e+00 -2.658059e-01
2453562.804365 6.948650e+00 -1.589424e+00 2.178052e+00 -2.658097e-01 -1.258082e+00 1.216953e+00 -2.658173e-01
2453562.812516 6.948254e+00 -1.589494e+00 2.177996e+00 -2.658212e-01 -1.258021e+00 1.216943e+00 -2.658288e-01
2453562.820636 6.947859e+00 -1.589562e+00 2.177941e+00 -2.658327e-01 -1.257960e+00 1.216933e+00 -2.658403e-01
2453563.843280 4.353114e+00 -1.598225e+00 2.170987e+00 -2.672734e-01 -1.250327e+00 1.215794e+00 -2.672810e-01
2453563.849841 3.969912e+00 -1.598280e+00 2.170942e+00 -2.672826e-01 -1.250278e+00 1.215787e+00 -2.672902e-01
2453563.856411 3.969736e+00 -1.598336e+00 2.170897e+00 -2.672919e-01 -1.250229e+00 1.215781e+00 -2.672994e-01
2453563.862911 4.352538e+00 -1.598391e+00 2.170853e+00 -2.673010e-01 -1.250181e+00 1.215774e+00 -2.673086e-01
2453651.610916 5.405173e+00 -2.234904e+00 1.459891e+00 -3.730819e-01 -1.269120e+00 1.715899e+00 -3.730806e-01
2453651.618635 5.405643e+00 -2.234949e+00 1.459820e+00 -3.730894e-01 -1.269202e+00 1.715955e+00 -3.730882e-01
2453651.626385 6.499582e+00 -2.234995e+00 1.459748e+00 -3.730970e-01 -1.269284e+00 1.716012e+00 -3.730958e-01
2453651.634084 5.928203e+00 -2.235040e+00 1.459677e+00 -3.731046e-01 -1.269366e+00 1.716068e+00 -3.731033e-01
2453665.614715 3.992085e+00 -2.314219e+00 1.328443e+00 -3.862443e-01 -1.441525e+00 1.806748e+00 -3.862414e-01
2453665.622754 4.799970e+00 -2.314262e+00 1.328367e+00 -3.862516e-01 -1.441637e+00 1.806792e+00 -3.862486e-01
2453696.538753 2.896338e+00 -2.464814e+00 1.024832e+00 -4.112129e-01 -1.967156e+00 1.877975e+00 -4.112070e-01
2453696.543583 3.818294e+00 -2.464835e+00 1.024784e+00 -4.112163e-01 -1.967250e+00 1.877968e+00 -4.112105e-01
2453696.548422 2.003963e+00 -2.464856e+00 1.024735e+00 -4.112197e-01 -1.967344e+00 1.877961e+00 -4.112139e-01
2453696.553242 2.004056e+00 -2.464877e+00 1.024686e+00 -4.112232e-01 -1.967438e+00 1.877954e+00 -4.112173e-01
2453705.567393 6.003473e+00 -2.502188e+00 9.332096e-01 -4.174024e-01 -2.146889e+00 1.853044e+00 -4.173960e-01
2453705.571733 5.475446e+00 -2.502206e+00 9.331653e-01 -4.174052e-01 -2.146977e+00 1.853026e+00 -4.173989e-01
2453705.576092 6.003944e+00 -2.502223e+00 9.331208e-01 -4.174081e-01 -2.147065e+00 1.853009e+00 -4.174018e-01
2453705.580422 5.475876e+00 -2.502240e+00 9.330766e-01 -4.174109e-01 -2.147153e+00 1.852991e+00 -4.174046e-01
2453976.899758 3.003458e+00 -2.198983e+00 -1.840756e+00 -3.656508e-01 -1.277600e+00 -2.254253e+00 -3.656541e-01
2453976.906918 2.739015e+00 -2.198942e+00 -1.840817e+00 -3.656440e-01 -1.277511e+00 -2.254202e+00 -3.656472e-01
2453976.914069 3.292815e+00 -2.198901e+00 -1.840878e+00 -3.656372e-01 -1.277421e+00 -2.254151e+00 -3.656404e-01
2453976.921229 3.002895e+00 -2.198860e+00 -1.840939e+00 -3.656304e-01 -1.277332e+00 -2.254101e+00 -3.656336e-01
2454027.958730 9.437213e+00 -1.875539e+00 -2.245955e+00 -3.115618e-01 -9.790355e-01 -1.811979e+00 -3.115609e-01
2454027.968631 8.606343e+00 -1.875470e+00 -2.246027e+00 -3.115504e-01 -9.790438e-01 -1.811899e+00 -3.115494e-01
2454027.978541 9.436115e+00 -1.875401e+00 -2.246099e+00 -3.115389e-01 -9.790522e-01 -1.811819e+00 -3.115380e-01
2454027.988431 8.605342e+00 -1.875333e+00 -2.246171e+00 -3.115274e-01 -9.790606e-01 -1.811738e+00 -3.115265e-01
2454035.833041 6.878108e+00 -1.820262e+00 -2.302606e+00 -3.023235e-01 -9.931321e-01 -1.751609e+00 -3.023220e-01
2454035.839491 6.877920e+00 -1.820216e+00 -2.302652e+00 -3.023159e-01 -9.931496e-01 -1.751563e+00 -3.023143e-01
2454035.845991 6.877731e+00 -1.820170e+00 -2.302698e+00 -3.023082e-01 -9.931673e-01 -1.751516e+00 -3.023066e-01
2454035.852421 6.272395e+00 -1.820125e+00 -2.302743e+00 -3.023005e-01 -9.931848e-01 -1.751470e+00 -3.022990e-01
2454041.855578 5.601661e+00 -1.777105e+00 -2.344825e+00 -2.951118e-01 -1.013524e+00 -1.711156e+00 -2.951097e-01
2454041.860438 5.108709e+00 -1.777070e+00 -2.344859e+00 -2.951059e-01 -1.013544e+00 -1.711125e+00 -2.951039e-01
2454041.865298 5.601512e+00 -1.777035e+00 -2.344892e+00 -2.951000e-01 -1.013563e+00 -1.711095e+00 -2.950980e-01
2454041.870168 5.601437e+00 -1.777000e+00 -2.344926e+00 -2.950941e-01 -1.013583e+00 -1.711065e+00 -2.950921e-01
2454083.725396 5.314848e+00 -1.457928e+00 -2.610883e+00 -2.417950e-01 -1.320558e+00 -1.636152e+00 -2.417907e-01
2454083.731316 5.827910e+00 -1.457881e+00 -2.610917e+00 -2.417871e-01 -1.320613e+00 -1.636172e+00 -2.417828e-01
2454083.737205 5.315385e+00 -1.457834e+00 -2.610951e+00 -2.417792e-01 -1.320668e+00 -1.636193e+00 -2.417749e-01
2454083.743115 4.847931e+00 -1.457787e+00 -2.610985e+00 -2.417713e-01 -1.320723e+00 -1.636213e+00 -2.417670e-01
2454096.690333 3.466350e+00 -1.353060e+00 -2.683232e+00 -2.242839e-01 -1.441815e+00 -1.703805e+00 -2.242793e-01
2454096.701183 3.801215e+00 -1.352971e+00 -2.683290e+00 -2.242690e-01 -1.441915e+00 -1.703881e+00 -2.242645e-01
2454096.712062 4.168429e+00 -1.352882e+00 -2.683349e+00 -2.242542e-01 -1.442016e+00 -1.703958e+00 -2.242496e-01
2454096.722981 4.168911e+00 -1.352793e+00 -2.683408e+00 -2.242393e-01 -1.442117e+00 -1.704034e+00 -2.242347e-01
2454140.623324 6.930163e+00 -9.807422e-01 -2.891822e+00 -1.621350e-01 -1.735071e+00 -2.256014e+00 -1.621312e-01
2454140.629754 6.930668e+00 -9.806860e-01 -2.891848e+00 -1.621257e-01 -1.735088e+00 -2.256125e+00 -1.621219e-01
2454140.636173 6.321305e+00 -9.806300e-01 -2.891875e+00 -1.621163e-01 -1.735105e+00 -2.256236e+00 -1.621125e-01
2454140.642603 6.321766e+00 -9.805739e-01 -2.891901e+00 -1.621069e-01 -1.735122e+00 -2.256347e+00 -1.621032e-01
2454147.608500 7.491239e+00 -9.195181e-01 -2.919703e+00 -1.519182e-01 -1.747399e+00 -2.380771e+00 -1.519147e-01
2454147.609030 6.832132e+00 -9.195134e-01 -2.919705e+00 -1.519174e-01 -1.747399e+00 -2.380781e+00 -1.519140e-01
2454147.615539 7.491817e+00 -9.194561e-01 -2.919730e+00 -1.519079e-01 -1.747405e+00 -2.380900e+00 -1.519044e-01
2454147.616069 7.491860e+00 -9.194515e-01 -2.919732e+00 -1.519071e-01 -1.747405e+00 -2.380910e+00 -1.519036e-01
2454147.622558 6.833143e+00 -9.193944e-01 -2.919757e+00 -1.518976e-01 -1.747411e+00 -2.381029e+00 -1.518941e-01
2454147.623088 7.492436e+00 -9.193897e-01 -2.919760e+00 -1.518968e-01 -1.747411e+00 -2.381039e+00 -1.518933e-01
2454147.629588 6.833669e+00 -9.193325e-01 -2.919785e+00 -1.518872e-01 -1.747417e+00 -2.381158e+00 -1.518838e-01
2454147.630118 7.493012e+00 -9.193279e-01 -2.919787e+00 -1.518865e-01 -1.747417e+00 -2.381168e+00 -1.518830e-01
2454157.588487 3.315858e+00 -8.312537e-01 -2.956996e+00 -1.371903e-01 -1.742517e+00 -2.570071e+00 -1.371875e-01
2454157.595707 4.793229e+00 -8.311895e-01 -2.957022e+00 -1.371796e-01 -1.742503e+00 -2.570212e+00 -1.371767e-01
2454157.602946 4.793586e+00 -8.311252e-01 -2.957048e+00 -1.371689e-01 -1.742489e+00 -2.570353e+00 -1.371660e-01
2454157.610186 3.316598e+00 -8.310608e-01 -2.957074e+00 -1.371582e-01 -1.742476e+00 -2.570494e+00 -1.371553e-01
2454168.617458 4.054395e+00 -7.327365e-01 -2.994721e+00 -1.207533e-01 -1.703967e+00 -2.789222e+00 -1.207512e-01
2454168.623918 3.697878e+00 -7.326785e-01 -2.994742e+00 -1.207436e-01 -1.703934e+00 -2.789352e+00 -1.207415e-01
2454168.630327 3.372709e+00 -7.326210e-01 -2.994763e+00 -1.207340e-01 -1.703901e+00 -2.789481e+00 -1.207319e-01
2454168.636766 3.698328e+00 -7.325632e-01 -2.994784e+00 -1.207244e-01 -1.703868e+00 -2.789611e+00 -1.207223e-01
2454408.927808 5.088295e+00 1.430096e+00 -2.930289e+00 2.397070e-01 2.172850e+00 -2.273048e+00 2.397066e-01
2454408.934358 6.117130e+00 1.430150e+00 -2.930265e+00 2.397160e-01 2.172828e+00 -2.272941e+00 2.397155e-01
2454408.940879 5.087722e+00 1.430204e+00 -2.930242e+00 2.397249e-01 2.172805e+00 -2.272834e+00 2.397245e-01
2454408.947429 5.087435e+00 1.430258e+00 -2.930219e+00 2.397339e-01 2.172783e+00 -2.272726e+00 2.397335e-01
2454415.884684 6.310564e+00 1.487153e+00 -2.904861e+00 2.492051e-01 2.143382e+00 -2.163480e+00 2.492051e-01
2454415.891784 6.918959e+00 1.487211e+00 -2.904835e+00 2.492148e-01 2.143347e+00 -2.163373e+00 2.492148e-01
2454415.898905 6.918520e+00 1.487269e+00 -2.904808e+00 2.492245e-01 2.143311e+00 -2.163266e+00 2.492244e-01
2454415.905985 6.309366e+00 1.487327e+00 -2.904782e+00 2.492341e-01 2.143276e+00 -2.163159e+00 2.492340e-01
2454415.938988 5.752517e+00 1.487596e+00 -2.904658e+00 2.492789e-01 2.143110e+00 -2.162662e+00 2.492788e-01
2454415.947679 6.915512e+00 1.487667e+00 -2.904626e+00 2.492907e-01 2.143067e+00 -2.162531e+00 2.492907e-01
2454415.956269 5.751631e+00 1.487737e+00 -2.904593e+00 2.493024e-01 2.143023e+00 -2.162401e+00 2.493023e-01
2454415.964910 6.306052e+00 1.487808e+00 -2.904561e+00 2.493141e-01 2.142980e+00 -2.162271e+00 2.493141e-01
2454421.900511 5.451637e+00 1.536003e+00 -2.881916e+00 2.573365e-01 2.109566e+00 -2.076543e+00 2.573368e-01
2454421.911972 5.451069e+00 1.536095e+00 -2.881872e+00 2.573519e-01 2.109494e+00 -2.076385e+00 2.573522e-01
2454421.923403 6.552945e+00 1.536188e+00 -2.881827e+00 2.573673e-01 2.109423e+00 -2.076228e+00 2.573676e-01
2454421.938944 5.975512e+00 1.536313e+00 -2.881767e+00 2.573882e-01 2.109327e+00 -2.076013e+00 2.573885e-01
2454464.966108 7.194622e+00 1.871243e+00 -2.692606e+00 3.131248e-01 1.730035e+00 -1.719483e+00 3.131270e-01
2454464.972768 7.194305e+00 1.871292e+00 -2.692573e+00 3.131331e-01 1.729969e+00 -1.719467e+00 3.131352e-01
2454464.979408 7.888051e+00 1.871342e+00 -2.692541e+00 3.131414e-01 1.729904e+00 -1.719451e+00 3.131435e-01
2454464.986038 8.648701e+00 1.871392e+00 -2.692508e+00 3.131496e-01 1.729839e+00 -1.719436e+00 3.131517e-01
2454475.801041 7.420977e+00 1.951244e+00 -2.638322e+00 3.264339e-01 1.626227e+00 -1.710225e+00 3.264363e-01
2454475.826371 7.420119e+00 1.951429e+00 -2.638192e+00 3.264647e-01 1.625993e+00 -1.710241e+00 3.264670e-01
2454475.837792 7.419733e+00 1.951512e+00 -2.638133e+00 3.264785e-01 1.625888e+00 -1.710248e+00 3.264809e-01
2454475.844302 8.920221e+00 1.951559e+00 -2.638100e+00 3.264864e-01 1.625828e+00 -1.710252e+00 3.264888e-01
2454495.764382 8.541244e+00 2.093647e+00 -2.531657e+00 3.501198e-01 1.465551e+00 -1.772907e+00 3.501225e-01
2454495.772392 8.541269e+00 2.093703e+00 -2.531613e+00 3.501290e-01 1.465498e+00 -1.772951e+00 3.501318e-01
2454495.780402 8.541293e+00 2.093758e+00 -2.531568e+00 3.501383e-01 1.465445e+00 -1.772995e+00 3.501410e-01
2454495.788432 8.541318e+00 2.093814e+00 -2.531524e+00 3.501476e-01 1.465393e+00 -1.773039e+00 3.501503e-01
2454503.752566 5.975143e+00 2.148732e+00 -2.486638e+00 3.592804e-01 1.419071e+00 -1.823223e+00 3.592831e-01
2454503.759146 5.449482e+00 2.148777e+00 -2.486600e+00 3.592878e-01 1.419038e+00 -1.823269e+00 3.592905e-01
2454503.765726 5.449569e+00 2.148822e+00 -2.486562e+00 3.592953e-01 1.419004e+00 -1.823316e+00 3.592980e-01
2454503.772295 5.449655e+00 2.148867e+00 -2.486525e+00 3.593027e-01 1.418971e+00 -1.823363e+00 3.593055e-01
2454510.687359 6.112021e+00 2.195645e+00 -2.446499e+00 3.670810e-01 1.389377e+00 -1.876498e+00 3.670837e-01
2454510.693929 6.112185e+00 2.195689e+00 -2.446461e+00 3.670883e-01 1.389354e+00 -1.876553e+00 3.670910e-01
2454510.700509 6.702057e+00 2.195733e+00 -2.446422e+00 3.670956e-01 1.389331e+00 -1.876607e+00 3.670983e-01
2454510.707078 6.702238e+00 2.195777e+00 -2.446384e+00 3.671029e-01 1.389308e+00 -1.876661e+00 3.671057e-01
2454939.759210 5.265881e+00 2.927212e+00 1.097822e+00 4.873131e-01 2.042450e+00 6.229445e-01 4.873162e-01
2454939.764700 6.331015e+00 2.927190e+00 1.097869e+00 4.873094e-01 2.042472e+00 6.229076e-01 4.873125e-01
2454939.770110 5.265932e+00 2.927169e+00 1.097915e+00 4.873058e-01 2.042493e+00 6.228712e-01 4.873089e-01
2454939.775510 5.265957e+00 2.927147e+00 1.097961e+00 4.873022e-01 2.042513e+00 6.228349e-01 4.873053e-01
1 0.5
