2	0.5	1000	 1	period_start period_step period_end fixed/free
0.0				initial epoch
0.0				initial rotation angle      
0.1				convexity weight      
3 3				degree and order of spherical harmonics      
6				number of rows        
0.5	1			scattering parameters
0.1	1
-0.5	1     
0.1	0			LS coeff                 
50				iteration stop condidion
10				minimum number of iterations (only if the above value < 1)
5				Alamda multiplicative factor
0.1				Alamda initial value
1
99 0 0.12 2006.9-2010.11 V 703_CATALINA
2454008.872757 1.543649e+00 -2.084770e+00 -1.599470e+00 3.356905e-01 -1.090707e+00 -1.477871e+00 3.356898e-01
2454008.884467 1.283781e+00 -2.084691e+00 -1.599562e+00 3.356700e-01 -1.090656e+00 -1.477764e+00 3.356693e-01
2454008.896188 1.407451e+00 -2.084612e+00 -1.599655e+00 3.356495e-01 -1.090605e+00 -1.477657e+00 3.356488e-01
2454008.907939 1.170511e+00 -2.084534e+00 -1.599748e+00 3.356290e-01 -1.090554e+00 -1.477550e+00 3.356283e-01
2454024.915172 1.312449e+00 -1.972875e+00 -1.722837e+00 3.069507e-01 -1.053957e+00 -1.336377e+00 3.069514e-01
2454024.922722 1.196890e+00 -1.972821e+00 -1.722894e+00 3.069368e-01 -1.053955e+00 -1.336314e+00 3.069375e-01
2454024.930263 1.196813e+00 -1.972766e+00 -1.722950e+00 3.069230e-01 -1.053953e+00 -1.336251e+00 3.069237e-01
2454024.937853 1.312194e+00 -1.972711e+00 -1.723007e+00 3.069091e-01 -1.053951e+00 -1.336188e+00 3.069098e-01
2454030.868816 1.373438e+00 -1.929246e+00 -1.766834e+00 2.959550e-01 -1.056501e+00 -1.288552e+00 2.959561e-01
2454030.876496 1.373363e+00 -1.929189e+00 -1.766890e+00 2.959407e-01 -1.056509e+00 -1.288492e+00 2.959418e-01
2454030.884246 9.500834e-01 -1.929131e+00 -1.766947e+00 2.959262e-01 -1.056518e+00 -1.288432e+00 2.959274e-01
2454040.769676 2.059307e+00 -1.854246e+00 -1.837735e+00 2.772956e-01 -1.078566e+00 -1.218485e+00 2.772975e-01
2454040.776976 1.878055e+00 -1.854189e+00 -1.837786e+00 2.772816e-01 -1.078590e+00 -1.218438e+00 2.772836e-01
2454040.784277 1.712756e+00 -1.854133e+00 -1.837838e+00 2.772677e-01 -1.078614e+00 -1.218392e+00 2.772697e-01
2454040.791557 1.712705e+00 -1.854077e+00 -1.837889e+00 2.772538e-01 -1.078638e+00 -1.218345e+00 2.772558e-01
2454050.853991 1.834371e+00 -1.774802e+00 -1.906922e+00 2.578337e-01 -1.121557e+00 -1.162958e+00 2.578364e-01
2454050.861831 1.834363e+00 -1.774739e+00 -1.906974e+00 2.578184e-01 -1.121597e+00 -1.162922e+00 2.578211e-01
2454050.869661 1.834354e+00 -1.774676e+00 -1.907027e+00 2.578031e-01 -1.121638e+00 -1.162886e+00 2.578058e-01
2454050.877521 2.011320e+00 -1.774613e+00 -1.907079e+00 2.577878e-01 -1.121679e+00 -1.162850e+00 2.577905e-01
2454058.729770 1.683233e+00 -1.710681e+00 -1.958739e+00 2.423318e-01 -1.167311e+00 -1.133199e+00 2.423350e-01
2454058.735840 1.683255e+00 -1.710630e+00 -1.958778e+00 2.423198e-01 -1.167350e+00 -1.133181e+00 2.423230e-01
2454058.741900 1.683277e+00 -1.710580e+00 -1.958817e+00 2.423078e-01 -1.167389e+00 -1.133163e+00 2.423110e-01
2454058.747940 1.683298e+00 -1.710531e+00 -1.958856e+00 2.422958e-01 -1.167428e+00 -1.133145e+00 2.422990e-01
2454081.753729 1.003138e+00 -1.513335e+00 -2.098413e+00 1.956367e-01 -1.341913e+00 -1.128875e+00 1.956409e-01
2454081.758099 1.003175e+00 -1.513296e+00 -2.098437e+00 1.956276e-01 -1.341949e+00 -1.128887e+00 1.956318e-01
2454081.760628 1.099982e+00 -1.513274e+00 -2.098452e+00 1.956224e-01 -1.341971e+00 -1.128894e+00 1.956266e-01
2454081.765018 1.322518e+00 -1.513235e+00 -2.098477e+00 1.956133e-01 -1.342007e+00 -1.128906e+00 1.956175e-01
2454081.767518 1.003253e+00 -1.513213e+00 -2.098491e+00 1.956081e-01 -1.342028e+00 -1.128913e+00 1.956123e-01
2454081.771908 1.206220e+00 -1.513174e+00 -2.098516e+00 1.955990e-01 -1.342065e+00 -1.128925e+00 1.956033e-01
2454081.774378 1.206245e+00 -1.513152e+00 -2.098530e+00 1.955939e-01 -1.342085e+00 -1.128932e+00 1.955982e-01
2454081.778718 1.100148e+00 -1.513113e+00 -2.098554e+00 1.955850e-01 -1.342121e+00 -1.128943e+00 1.955892e-01
2454109.650963 1.006815e+00 -1.256184e+00 -2.242273e+00 1.367450e-01 -1.566369e+00 -1.309112e+00 1.367496e-01
2454109.658642 9.183032e-01 -1.256110e+00 -2.242308e+00 1.367285e-01 -1.566423e+00 -1.309189e+00 1.367331e-01
2454109.666222 9.183791e-01 -1.256038e+00 -2.242343e+00 1.367122e-01 -1.566477e+00 -1.309266e+00 1.367168e-01
2454109.673741 9.184544e-01 -1.255966e+00 -2.242378e+00 1.366961e-01 -1.566530e+00 -1.309342e+00 1.367007e-01
2454124.579481 8.980764e-01 -1.111414e+00 -2.306981e+00 1.044250e-01 -1.655969e+00 -1.487004e+00 1.044294e-01
2454124.584800 8.191017e-01 -1.111362e+00 -2.307003e+00 1.044134e-01 -1.655994e+00 -1.487076e+00 1.044178e-01
2454124.590130 8.981785e-01 -1.111310e+00 -2.307024e+00 1.044018e-01 -1.656020e+00 -1.487149e+00 1.044061e-01
2454124.595480 9.848894e-01 -1.111257e+00 -2.307046e+00 1.043901e-01 -1.656045e+00 -1.487222e+00 1.043945e-01
2454130.625511 7.961791e-01 -1.051515e+00 -2.330638e+00 9.121218e-02 -1.681165e+00 -1.573129e+00 9.121635e-02
2454130.630861 5.023830e-01 -1.051462e+00 -2.330658e+00 9.120046e-02 -1.681184e+00 -1.573208e+00 9.120463e-02
2454130.636260 1.049686e+00 -1.051408e+00 -2.330679e+00 9.118863e-02 -1.681203e+00 -1.573288e+00 9.119281e-02
2454130.641630 1.383833e+00 -1.051355e+00 -2.330699e+00 9.117687e-02 -1.681222e+00 -1.573368e+00 9.118104e-02
2454144.586803 9.154678e-01 -9.106634e-01 -2.379478e+00 6.049025e-02 -1.708189e+00 -1.797559e+00 6.049386e-02
2454144.593272 1.003852e+00 -9.105973e-01 -2.379499e+00 6.047596e-02 -1.708190e+00 -1.797670e+00 6.047956e-02
2454144.599732 6.945390e-01 -9.105314e-01 -2.379519e+00 6.046169e-02 -1.708191e+00 -1.797781e+00 6.046529e-02
2454144.606171 7.615938e-01 -9.104657e-01 -2.379540e+00 6.044746e-02 -1.708193e+00 -1.797891e+00 6.045107e-02
2454172.595469 1.396463e+00 -6.190054e-01 -2.452221e+00 -1.669690e-03 -1.603184e+00 -2.314374e+00 -1.667860e-03
2454172.599348 1.059356e+00 -6.189642e-01 -2.452229e+00 -1.678320e-03 -1.603153e+00 -2.314448e+00 -1.676490e-03
2454172.603088 8.811584e-01 -6.189246e-01 -2.452236e+00 -1.686640e-03 -1.603124e+00 -2.314519e+00 -1.684800e-03
2454172.606818 1.161625e+00 -6.188851e-01 -2.452244e+00 -1.694940e-03 -1.603094e+00 -2.314590e+00 -1.693100e-03
2454390.979302 8.737221e-01 1.612593e+00 -1.780671e+00 -4.143360e-01 2.525820e+00 -1.381526e+00 -4.143373e-01
2454390.985773 9.579738e-01 1.612646e+00 -1.780621e+00 -4.143440e-01 2.525827e+00 -1.381374e+00 -4.143453e-01
2454390.992293 9.579299e-01 1.612699e+00 -1.780570e+00 -4.143521e-01 2.525834e+00 -1.381221e+00 -4.143534e-01
2454476.916265 7.137905e-01 2.178787e+00 -9.922350e-01 -4.873531e-01 1.835412e+00 -7.073124e-02 -4.873506e-01
2454476.925576 7.825710e-01 2.178832e+00 -9.921392e-01 -4.873571e-01 1.835304e+00 -7.069198e-02 -4.873547e-01
2454476.934547 8.579824e-01 2.178875e+00 -9.920469e-01 -4.873611e-01 1.835201e+00 -7.065417e-02 -4.873587e-01
2454476.943017 8.578978e-01 2.178916e+00 -9.919598e-01 -4.873648e-01 1.835103e+00 -7.061849e-02 -4.873624e-01
2454502.851739 1.125982e+00 2.288795e+00 -7.192299e-01 -4.953979e-01 1.569903e+00 -4.437376e-02 -4.953952e-01
2454502.861030 1.125884e+00 2.288829e+00 -7.191301e-01 -4.953996e-01 1.569825e+00 -4.439114e-02 -4.953968e-01
2454502.870430 1.234398e+00 2.288863e+00 -7.190292e-01 -4.954013e-01 1.569746e+00 -4.440874e-02 -4.953985e-01
2454502.879771 1.125686e+00 2.288897e+00 -7.189289e-01 -4.954030e-01 1.569667e+00 -4.442624e-02 -4.954002e-01
2454504.825297 1.212428e+00 2.295911e+00 -6.980097e-01 -4.957358e-01 1.553663e+00 -4.843613e-02 -4.957330e-01
2454504.841248 1.105588e+00 2.295968e+00 -6.978380e-01 -4.957383e-01 1.553534e+00 -4.847196e-02 -4.957356e-01
2454504.849198 1.105509e+00 2.295996e+00 -6.977524e-01 -4.957396e-01 1.553470e+00 -4.848983e-02 -4.957369e-01
2454514.829927 1.346096e+00 2.329211e+00 -5.896245e-01 -4.968513e-01 1.482798e+00 -7.953784e-02 -4.968486e-01
2454514.836457 1.119585e+00 2.329231e+00 -5.895533e-01 -4.968517e-01 1.482758e+00 -7.956334e-02 -4.968490e-01
2454514.843007 1.119535e+00 2.329252e+00 -5.894819e-01 -4.968521e-01 1.482719e+00 -7.958891e-02 -4.968494e-01
2454514.849507 1.020983e+00 2.329272e+00 -5.894111e-01 -4.968525e-01 1.482679e+00 -7.961430e-02 -4.968498e-01
2454525.774606 1.393578e+00 2.360290e+00 -4.697088e-01 -4.969306e-01 1.429681e+00 -1.299333e-01 -4.969281e-01
2454525.781786 1.393542e+00 2.360309e+00 -4.696297e-01 -4.969303e-01 1.429655e+00 -1.299708e-01 -4.969277e-01
2454525.788927 1.393506e+00 2.360327e+00 -4.695511e-01 -4.969300e-01 1.429629e+00 -1.300080e-01 -4.969274e-01
2454525.796087 1.270860e+00 2.360346e+00 -4.694722e-01 -4.969296e-01 1.429603e+00 -1.300453e-01 -4.969271e-01
2454536.797306 1.366852e+00 2.385892e+00 -3.478112e-01 -4.958109e-01 1.404670e+00 -1.920308e-01 -4.958086e-01
2454536.804006 1.366853e+00 2.385905e+00 -3.477368e-01 -4.958098e-01 1.404664e+00 -1.920707e-01 -4.958075e-01
2454536.810636 1.498725e+00 2.385919e+00 -3.476632e-01 -4.958088e-01 1.404657e+00 -1.921102e-01 -4.958065e-01
2454536.817236 1.366855e+00 2.385933e+00 -3.475900e-01 -4.958077e-01 1.404651e+00 -1.921495e-01 -4.958054e-01
2454555.790467 1.210902e+00 2.416507e+00 -1.359696e-01 -4.910848e-01 1.432378e+00 -3.066919e-01 -4.910831e-01
2454555.797867 1.210959e+00 2.416515e+00 -1.358868e-01 -4.910823e-01 1.432406e+00 -3.067350e-01 -4.910806e-01
2454555.805256 1.327852e+00 2.416524e+00 -1.358041e-01 -4.910798e-01 1.432434e+00 -3.067780e-01 -4.910781e-01
2454555.812676 1.327914e+00 2.416532e+00 -1.357211e-01 -4.910772e-01 1.432463e+00 -3.068212e-01 -4.910755e-01
2454592.702290 1.104664e+00 2.427136e+00 2.771325e-01 -4.720375e-01 1.725358e+00 -4.477273e-01 -4.720373e-01
2454592.708749 1.007545e+00 2.427133e+00 2.772045e-01 -4.720331e-01 1.725432e+00 -4.477331e-01 -4.720329e-01
2454592.715209 1.007624e+00 2.427129e+00 2.772765e-01 -4.720286e-01 1.725506e+00 -4.477388e-01 -4.720284e-01
2454592.721638 1.007702e+00 2.427125e+00 2.773481e-01 -4.720242e-01 1.725580e+00 -4.477445e-01 -4.720240e-01
2455476.809582 1.278651e+00 -2.520796e+00 -8.812983e-01 4.585834e-01 -1.550067e+00 -6.432133e-01 4.585786e-01
2455476.817062 1.278620e+00 -2.520768e+00 -8.813692e-01 4.585741e-01 -1.550072e+00 -6.431598e-01 4.585693e-01
2455476.824592 1.278589e+00 -2.520740e+00 -8.814406e-01 4.585647e-01 -1.550077e+00 -6.431058e-01 4.585600e-01
2455481.812702 1.664902e+00 -2.501533e+00 -9.285796e-01 4.522794e-01 -1.556282e+00 -6.082059e-01 4.522743e-01
2455481.819042 1.518392e+00 -2.501508e+00 -9.286393e-01 4.522713e-01 -1.556294e+00 -6.081627e-01 4.522662e-01
2455481.831873 1.262916e+00 -2.501457e+00 -9.287601e-01 4.522549e-01 -1.556318e+00 -6.080752e-01 4.522499e-01
2455498.748168 1.408148e+00 -2.429423e+00 -1.085934e+00 4.296966e-01 -1.621279e+00 -5.082722e-01 4.296904e-01
2455498.755688 1.408185e+00 -2.429389e+00 -1.086003e+00 4.296861e-01 -1.621322e+00 -5.082363e-01 4.296800e-01
2455498.763277 1.284315e+00 -2.429354e+00 -1.086073e+00 4.296756e-01 -1.621365e+00 -5.082001e-01 4.296695e-01
2455498.770827 1.408262e+00 -2.429320e+00 -1.086142e+00 4.296651e-01 -1.621409e+00 -5.081641e-01 4.296589e-01
2455508.705600 1.122014e+00 -2.382092e+00 -1.176318e+00 4.155424e-01 -1.687935e+00 -4.692692e-01 4.155358e-01
2455508.712560 1.230317e+00 -2.382057e+00 -1.176381e+00 4.155323e-01 -1.687988e+00 -4.692484e-01 4.155257e-01
2455508.719520 1.230370e+00 -2.382023e+00 -1.176443e+00 4.155222e-01 -1.688041e+00 -4.692275e-01 4.155156e-01
2455508.726470 1.230423e+00 -2.381989e+00 -1.176506e+00 4.155121e-01 -1.688094e+00 -4.692067e-01 4.155055e-01
1 0.5
