2	0.5	1000	 1	period_start period_step period_end fixed/free
0.0				initial epoch
0.0				initial rotation angle      
0.1				convexity weight      
3 3				degree and order of spherical harmonics      
6				number of rows        
0.5	1			scattering parameters
0.1	1
-0.5	1     
0.1	0			LS coeff                 
50				iteration stop condidion
10				minimum number of iterations (only if the above value < 1)
5				Alamda multiplicative factor
0.1				Alamda initial value
1
104 0 0.12 2005.7-2009.10 V 703_CATALINA
2453561.920534 6.133151e-01 -2.294949e+00 1.553796e-01 -5.070054e-01 -1.977770e+00 -8.105119e-01 -5.070130e-01
2453561.927854 8.084487e-01 -2.294959e+00 1.552940e-01 -5.069984e-01 -1.977662e+00 -8.105587e-01 -5.070060e-01
2453561.935195 8.083905e-01 -2.294969e+00 1.552082e-01 -5.069915e-01 -1.977554e+00 -8.106055e-01 -5.069991e-01
2453561.942495 7.372082e-01 -2.294979e+00 1.551229e-01 -5.069845e-01 -1.977447e+00 -8.106521e-01 -5.069922e-01
2453642.800886 1.358501e+00 -2.237293e+00 -7.786237e-01 -3.956915e-01 -1.241432e+00 -6.709432e-01 -3.956913e-01
2453642.808666 1.489515e+00 -2.237271e+00 -7.787104e-01 -3.956778e-01 -1.241427e+00 -6.708973e-01 -3.956776e-01
2453642.816486 1.358408e+00 -2.237250e+00 -7.787975e-01 -3.956640e-01 -1.241422e+00 -6.708511e-01 -3.956638e-01
2453644.829426 1.477292e+00 -2.231652e+00 -8.011753e-01 -3.920958e-01 -1.240715e+00 -6.589988e-01 -3.920954e-01
2453644.838616 1.347260e+00 -2.231626e+00 -8.012773e-01 -3.920794e-01 -1.240714e+00 -6.589449e-01 -3.920790e-01
2453644.847807 1.347213e+00 -2.231600e+00 -8.013793e-01 -3.920630e-01 -1.240713e+00 -6.588909e-01 -3.920626e-01
2453644.856977 1.477139e+00 -2.231574e+00 -8.014811e-01 -3.920467e-01 -1.240712e+00 -6.588372e-01 -3.920463e-01
2453651.776162 1.590670e+00 -2.210860e+00 -8.778601e-01 -3.795239e-01 -1.245856e+00 -6.191159e-01 -3.795226e-01
2453651.783162 1.450693e+00 -2.210838e+00 -8.779370e-01 -3.795110e-01 -1.245867e+00 -6.190769e-01 -3.795097e-01
2453651.790182 1.323035e+00 -2.210816e+00 -8.780140e-01 -3.794981e-01 -1.245878e+00 -6.190377e-01 -3.794968e-01
2453651.797212 1.323021e+00 -2.210794e+00 -8.780912e-01 -3.794852e-01 -1.245889e+00 -6.189985e-01 -3.794839e-01
2453666.770723 1.622323e+00 -2.158334e+00 -1.040239e+00 -3.510861e-01 -1.295697e+00 -5.446644e-01 -3.510830e-01
2453666.779253 1.349436e+00 -2.158301e+00 -1.040330e+00 -3.510695e-01 -1.295740e+00 -5.446287e-01 -3.510664e-01
2453666.787783 1.349483e+00 -2.158269e+00 -1.040421e+00 -3.510528e-01 -1.295783e+00 -5.445931e-01 -3.510497e-01
2453666.796422 1.479731e+00 -2.158235e+00 -1.040513e+00 -3.510359e-01 -1.295826e+00 -5.445570e-01 -3.510328e-01
2453672.729452 1.268973e+00 -2.134629e+00 -1.103452e+00 -3.393194e-01 -1.329242e+00 -5.221671e-01 -3.393156e-01
2453672.738932 1.391482e+00 -2.134590e+00 -1.103551e+00 -3.393005e-01 -1.329301e+00 -5.221354e-01 -3.392967e-01
2453672.748432 1.391564e+00 -2.134551e+00 -1.103652e+00 -3.392815e-01 -1.329360e+00 -5.221037e-01 -3.392778e-01
2453672.758061 1.525910e+00 -2.134512e+00 -1.103753e+00 -3.392623e-01 -1.329420e+00 -5.220715e-01 -3.392585e-01
2453699.642906 1.379971e+00 -2.008446e+00 -1.378281e+00 -2.832186e-01 -1.558501e+00 -4.997034e-01 -2.832126e-01
2453699.651406 9.548106e-01 -2.008401e+00 -1.378365e+00 -2.832002e-01 -1.558589e+00 -4.997211e-01 -2.831942e-01
2453699.659915 9.549147e-01 -2.008357e+00 -1.378449e+00 -2.831818e-01 -1.558677e+00 -4.997388e-01 -2.831757e-01
2453699.668435 1.148185e+00 -2.008312e+00 -1.378533e+00 -2.831633e-01 -1.558765e+00 -4.997566e-01 -2.831573e-01
2453706.748853 9.566064e-01 -1.970139e+00 -1.447640e+00 -2.676793e-01 -1.634208e+00 -5.207550e-01 -2.676729e-01
2453706.757593 1.049023e+00 -1.970091e+00 -1.447724e+00 -2.676600e-01 -1.634303e+00 -5.207888e-01 -2.676536e-01
2453706.766362 1.049148e+00 -1.970042e+00 -1.447809e+00 -2.676407e-01 -1.634399e+00 -5.208227e-01 -2.676343e-01
2453706.774992 1.049271e+00 -1.969995e+00 -1.447892e+00 -2.676216e-01 -1.634493e+00 -5.208561e-01 -2.676152e-01
2453758.601343 7.101500e-01 -1.634480e+00 -1.906496e+00 -1.472966e-01 -2.168471e+00 -1.079656e+00 -1.472905e-01
2453758.608752 7.787365e-01 -1.634425e+00 -1.906555e+00 -1.472787e-01 -2.168526e+00 -1.079784e+00 -1.472726e-01
2453758.616151 8.539474e-01 -1.634371e+00 -1.906614e+00 -1.472608e-01 -2.168580e+00 -1.079913e+00 -1.472547e-01
2453758.623581 1.026767e+00 -1.634316e+00 -1.906674e+00 -1.472429e-01 -2.168635e+00 -1.080042e+00 -1.472368e-01
2454027.926857 9.464996e-01 8.798808e-01 -2.637957e+00 4.677088e-01 1.776632e+00 -2.204474e+00 4.677097e-01
2454027.936078 7.872055e-01 8.799677e-01 -2.637935e+00 4.677249e-01 1.776647e+00 -2.204309e+00 4.677258e-01
2454039.921903 6.490866e-01 9.920476e-01 -2.605796e+00 4.882769e-01 1.776980e+00 -1.997957e+00 4.882788e-01
2454039.926733 1.127936e+00 9.920924e-01 -2.605783e+00 4.882850e-01 1.776972e+00 -1.997877e+00 4.882869e-01
2454039.931644 5.919235e-01 9.921380e-01 -2.605768e+00 4.882932e-01 1.776965e+00 -1.997797e+00 4.882951e-01
2454039.936494 1.355961e+00 9.921830e-01 -2.605754e+00 4.883013e-01 1.776957e+00 -1.997717e+00 4.883032e-01
2454086.864015 1.056030e+00 1.411413e+00 -2.434078e+00 5.597193e-01 1.494252e+00 -1.453507e+00 5.597237e-01
2454086.874315 9.630263e-01 1.411502e+00 -2.434032e+00 5.597334e-01 1.494161e+00 -1.453447e+00 5.597377e-01
2454086.884676 8.782137e-01 1.411590e+00 -2.433987e+00 5.597475e-01 1.494069e+00 -1.453387e+00 5.597518e-01
2454086.899737 9.628193e-01 1.411719e+00 -2.433921e+00 5.597680e-01 1.493935e+00 -1.453300e+00 5.597723e-01
2454095.826065 1.297021e+00 1.487354e+00 -2.393410e+00 5.716417e-01 1.413659e+00 -1.412700e+00 5.716462e-01
2454095.836966 9.838132e-01 1.487445e+00 -2.393360e+00 5.716558e-01 1.413560e+00 -1.412664e+00 5.716604e-01
2454095.847816 1.078645e+00 1.487536e+00 -2.393309e+00 5.716699e-01 1.413462e+00 -1.412628e+00 5.716745e-01
2454095.858737 9.836580e-01 1.487628e+00 -2.393258e+00 5.716841e-01 1.413363e+00 -1.412592e+00 5.716887e-01
2454109.916583 1.725108e+00 1.603717e+00 -2.324657e+00 5.892278e-01 1.289124e+00 -1.392965e+00 5.892324e-01
2454109.922493 1.308594e+00 1.603765e+00 -2.324627e+00 5.892349e-01 1.289074e+00 -1.392968e+00 5.892394e-01
2454109.928433 1.193421e+00 1.603813e+00 -2.324597e+00 5.892420e-01 1.289024e+00 -1.392970e+00 5.892466e-01
2454109.934343 9.926190e-01 1.603861e+00 -2.324566e+00 5.892491e-01 1.288974e+00 -1.392973e+00 5.892536e-01
2454125.783815 1.384513e+00 1.730049e+00 -2.240435e+00 6.073051e-01 1.168020e+00 -1.432181e+00 6.073094e-01
2454125.793985 1.384513e+00 1.730128e+00 -2.240379e+00 6.073161e-01 1.167953e+00 -1.432226e+00 6.073204e-01
2454125.804245 1.518088e+00 1.730208e+00 -2.240322e+00 6.073272e-01 1.167885e+00 -1.432270e+00 6.073315e-01
2454125.814455 1.262691e+00 1.730288e+00 -2.240266e+00 6.073382e-01 1.167818e+00 -1.432315e+00 6.073426e-01
2454148.747311 1.240548e+00 1.903387e+00 -2.106461e+00 6.301563e-01 1.064663e+00 -1.584128e+00 6.301596e-01
2454148.753771 1.131438e+00 1.903434e+00 -2.106421e+00 6.301621e-01 1.064650e+00 -1.584183e+00 6.301655e-01
2454148.760250 1.131484e+00 1.903481e+00 -2.106381e+00 6.301680e-01 1.064636e+00 -1.584239e+00 6.301714e-01
2454148.766700 1.240698e+00 1.903528e+00 -2.106342e+00 6.301739e-01 1.064623e+00 -1.584294e+00 6.301773e-01
2454560.888970 1.601281e+00 2.389761e+00 1.429625e+00 3.592501e-01 1.422967e+00 1.172918e+00 3.592516e-01
2454560.894530 1.460320e+00 2.389730e+00 1.429670e+00 3.592387e-01 1.422958e+00 1.172870e+00 3.592402e-01
2454560.900100 1.331768e+00 2.389698e+00 1.429714e+00 3.592274e-01 1.422950e+00 1.172821e+00 3.592289e-01
2454560.905700 1.460189e+00 2.389667e+00 1.429759e+00 3.592160e-01 1.422942e+00 1.172772e+00 3.592175e-01
2454570.832425 1.496405e+00 2.332677e+00 1.507919e+00 3.387472e-01 1.420851e+00 1.089768e+00 3.387483e-01
2454570.839825 1.640709e+00 2.332633e+00 1.507977e+00 3.387317e-01 1.420859e+00 1.089709e+00 3.387329e-01
2454570.847245 1.364627e+00 2.332589e+00 1.508034e+00 3.387163e-01 1.420866e+00 1.089650e+00 3.387174e-01
2454570.854695 1.364571e+00 2.332545e+00 1.508092e+00 3.387007e-01 1.420873e+00 1.089591e+00 3.387019e-01
2454626.690240 8.971969e-01 1.955603e+00 1.906744e+00 2.158622e-01 1.755036e+00 9.115594e-01 2.158610e-01
2454626.697619 1.078734e+00 1.955547e+00 1.906791e+00 2.158452e-01 1.755102e+00 9.115814e-01 2.158440e-01
2454626.705059 7.463476e-01 1.955491e+00 1.906839e+00 2.158281e-01 1.755169e+00 9.116035e-01 2.158269e-01
2454626.712498 7.463937e-01 1.955435e+00 1.906887e+00 2.158109e-01 1.755236e+00 9.116257e-01 2.158097e-01
2454977.914952 1.259219e+00 -1.502028e+00 1.761841e+00 -5.076511e-01 -1.927591e+00 8.424578e-01 -5.076484e-01
2454977.922143 1.259114e+00 -1.502089e+00 1.761782e+00 -5.076578e-01 -1.927541e+00 8.423467e-01 -5.076551e-01
2454977.929333 7.244846e-01 -1.502149e+00 1.761723e+00 -5.076644e-01 -1.927491e+00 8.422356e-01 -5.076618e-01
2454977.936534 1.047112e+00 -1.502210e+00 1.761664e+00 -5.076711e-01 -1.927441e+00 8.421244e-01 -5.076684e-01
2455043.802885 1.119697e+00 -1.973060e+00 1.147484e+00 -5.430733e-01 -1.346799e+00 3.486500e-01 -5.430736e-01
2455043.810635 9.312581e-01 -1.973104e+00 1.147404e+00 -5.430744e-01 -1.346741e+00 3.486516e-01 -5.430747e-01
2455043.818336 1.021033e+00 -1.973149e+00 1.147324e+00 -5.430754e-01 -1.346684e+00 3.486532e-01 -5.430757e-01
2455043.825986 1.119463e+00 -1.973193e+00 1.147245e+00 -5.430765e-01 -1.346626e+00 3.486548e-01 -5.430768e-01
2455059.754532 1.442006e+00 -2.059375e+00 9.792866e-01 -5.436555e-01 -1.246588e+00 3.753805e-01 -5.436567e-01
2455059.762442 1.315070e+00 -2.059415e+00 9.792017e-01 -5.436550e-01 -1.246549e+00 3.754044e-01 -5.436562e-01
2455059.770362 1.199310e+00 -2.059455e+00 9.791167e-01 -5.436545e-01 -1.246510e+00 3.754282e-01 -5.436557e-01
2455059.778252 1.199261e+00 -2.059495e+00 9.790320e-01 -5.436540e-01 -1.246471e+00 3.754520e-01 -5.436552e-01
2455069.767296 1.525141e+00 -2.107444e+00 8.707145e-01 -5.423985e-01 -1.206801e+00 4.124105e-01 -5.424003e-01
2455069.775286 1.390923e+00 -2.107481e+00 8.706270e-01 -5.423970e-01 -1.206777e+00 4.124450e-01 -5.423988e-01
2455069.783216 1.390901e+00 -2.107517e+00 8.705402e-01 -5.423955e-01 -1.206754e+00 4.124793e-01 -5.423973e-01
2455085.740041 1.407450e+00 -2.174033e+00 6.934939e-01 -5.378069e-01 -1.187556e+00 4.928234e-01 -5.378095e-01
2455085.747970 1.283644e+00 -2.174063e+00 6.934049e-01 -5.378039e-01 -1.187561e+00 4.928675e-01 -5.378064e-01
2455085.756000 1.407528e+00 -2.174094e+00 6.933147e-01 -5.378008e-01 -1.187566e+00 4.929122e-01 -5.378033e-01
2455085.763850 1.407566e+00 -2.174123e+00 6.932265e-01 -5.377977e-01 -1.187571e+00 4.929559e-01 -5.378003e-01
2455091.729566 1.317987e+00 -2.195739e+00 6.259435e-01 -5.352705e-01 -1.195563e+00 5.267346e-01 -5.352733e-01
2455091.739575 1.445222e+00 -2.195774e+00 6.258302e-01 -5.352659e-01 -1.195584e+00 5.267920e-01 -5.352687e-01
2455091.749555 1.445299e+00 -2.195808e+00 6.257172e-01 -5.352613e-01 -1.195604e+00 5.268493e-01 -5.352641e-01
2455091.759715 1.445378e+00 -2.195844e+00 6.256022e-01 -5.352566e-01 -1.195625e+00 5.269075e-01 -5.352594e-01
2455094.771115 1.223450e+00 -2.206072e+00 5.914330e-01 -5.338137e-01 -1.202932e+00 5.442123e-01 -5.338166e-01
2455094.779004 1.470983e+00 -2.206098e+00 5.913433e-01 -5.338097e-01 -1.202954e+00 5.442577e-01 -5.338127e-01
2455094.786784 1.223570e+00 -2.206124e+00 5.912549e-01 -5.338059e-01 -1.202976e+00 5.443024e-01 -5.338088e-01
2455094.794714 1.341684e+00 -2.206150e+00 5.911647e-01 -5.338019e-01 -1.202998e+00 5.443480e-01 -5.338048e-01
2455129.618316 9.096153e-01 -2.290688e+00 1.889905e-01 -5.091560e-01 -1.444574e+00 7.114268e-01 -5.091598e-01
2455129.625565 8.296537e-01 -2.290700e+00 1.889058e-01 -5.091494e-01 -1.444653e+00 7.114478e-01 -5.091532e-01
2455129.632825 9.097790e-01 -2.290711e+00 1.888210e-01 -5.091427e-01 -1.444731e+00 7.114687e-01 -5.091465e-01
2455129.640074 9.098608e-01 -2.290722e+00 1.887363e-01 -5.091361e-01 -1.444810e+00 7.114897e-01 -5.091399e-01
1 0.5
