2	0.5	1000	 1	period_start period_step period_end fixed/free
0.0				initial epoch
0.0				initial rotation angle      
0.1				convexity weight      
3 3				degree and order of spherical harmonics      
6				number of rows        
0.5	1			scattering parameters
0.1	1
-0.5	1     
0.1	0			LS coeff                 
50				iteration stop condidion
10				minimum number of iterations (only if the above value < 1)
5				Alamda multiplicative factor
0.1				Alamda initial value
1
109 0 0.12 2006.10-2010.11 V 703_CATALINA
2454024.943197 1.026025e+00 -1.664773e+00 -1.601526e+00 2.342159e-01 -7.460497e-01 -1.214622e+00 2.342165e-01
2454024.950138 1.025956e+00 -1.664720e+00 -1.601581e+00 2.342133e-01 -7.460452e-01 -1.214568e+00 2.342140e-01
2454024.957408 1.025884e+00 -1.664665e+00 -1.601639e+00 2.342105e-01 -7.460406e-01 -1.214511e+00 2.342112e-01
2454024.964468 1.025814e+00 -1.664611e+00 -1.601695e+00 2.342079e-01 -7.460360e-01 -1.214456e+00 2.342086e-01
2454030.905467 1.066577e+00 -1.618764e+00 -1.648295e+00 2.318803e-01 -7.463327e-01 -1.169462e+00 2.318815e-01
2454030.910827 9.726872e-01 -1.618722e+00 -1.648337e+00 2.318781e-01 -7.463366e-01 -1.169423e+00 2.318793e-01
2454030.916277 9.726438e-01 -1.618680e+00 -1.648379e+00 2.318759e-01 -7.463406e-01 -1.169384e+00 2.318771e-01
2454030.921747 1.066435e+00 -1.618637e+00 -1.648421e+00 2.318737e-01 -7.463446e-01 -1.169344e+00 2.318748e-01
2454040.769208 1.200674e+00 -1.539682e+00 -1.722608e+00 2.275897e-01 -7.639978e-01 -1.103364e+00 2.275917e-01
2454040.776509 1.094988e+00 -1.539622e+00 -1.722662e+00 2.275863e-01 -7.640183e-01 -1.103320e+00 2.275883e-01
2454040.783789 1.316417e+00 -1.539563e+00 -1.722715e+00 2.275830e-01 -7.640388e-01 -1.103276e+00 2.275849e-01
2454040.791099 1.200542e+00 -1.539503e+00 -1.722769e+00 2.275796e-01 -7.640594e-01 -1.103232e+00 2.275815e-01
2454052.828725 1.273797e+00 -1.438202e+00 -1.808064e+00 2.216336e-01 -8.114232e-01 -1.042258e+00 2.216364e-01
2454052.837845 1.273793e+00 -1.438123e+00 -1.808126e+00 2.216288e-01 -8.114685e-01 -1.042222e+00 2.216316e-01
2454052.859275 1.396676e+00 -1.437938e+00 -1.808273e+00 2.216175e-01 -8.115750e-01 -1.042136e+00 2.216204e-01
2454052.876845 1.273776e+00 -1.437787e+00 -1.808393e+00 2.216083e-01 -8.116625e-01 -1.042066e+00 2.216111e-01
2454081.758860 8.496911e-01 -1.175266e+00 -1.987171e+00 2.042780e-01 -1.003932e+00 -1.017618e+00 2.042822e-01
2454081.765779 8.497481e-01 -1.175201e+00 -1.987209e+00 2.042734e-01 -1.003986e+00 -1.017636e+00 2.042776e-01
2454081.772669 8.498048e-01 -1.175135e+00 -1.987247e+00 2.042687e-01 -1.004039e+00 -1.017654e+00 2.042730e-01
2454081.779479 1.021757e+00 -1.175070e+00 -1.987285e+00 2.042642e-01 -1.004091e+00 -1.017672e+00 2.042684e-01
2454096.688669 9.146383e-01 -1.030104e+00 -2.064369e+00 1.937106e-01 -1.118830e+00 -1.084940e+00 1.937151e-01
2454096.699549 8.342705e-01 -1.029996e+00 -2.064421e+00 1.937025e-01 -1.118912e+00 -1.085010e+00 1.937070e-01
2454096.710458 7.609648e-01 -1.029888e+00 -2.064474e+00 1.936944e-01 -1.118994e+00 -1.085080e+00 1.936989e-01
2454096.721357 9.150025e-01 -1.029780e+00 -2.064526e+00 1.936863e-01 -1.119075e+00 -1.085150e+00 1.936908e-01
2454109.651324 8.172950e-01 -8.996017e-01 -2.122516e+00 1.836987e-01 -1.209793e+00 -1.189357e+00 1.837033e-01
2454109.658993 8.173759e-01 -8.995234e-01 -2.122548e+00 1.836926e-01 -1.209842e+00 -1.189431e+00 1.836972e-01
2454109.666593 8.174561e-01 -8.994458e-01 -2.122580e+00 1.836865e-01 -1.209891e+00 -1.189505e+00 1.836911e-01
2454109.674092 8.175352e-01 -8.993692e-01 -2.122611e+00 1.836805e-01 -1.209939e+00 -1.189577e+00 1.836851e-01
2454124.611843 5.198496e-01 -7.445261e-01 -2.179006e+00 1.712287e-01 -1.289553e+00 -1.359338e+00 1.712330e-01
2454124.619412 4.741538e-01 -7.444465e-01 -2.179031e+00 1.712221e-01 -1.289584e+00 -1.359436e+00 1.712265e-01
2454124.626972 6.251162e-01 -7.443671e-01 -2.179057e+00 1.712156e-01 -1.289615e+00 -1.359535e+00 1.712199e-01
2454124.634491 5.199986e-01 -7.442880e-01 -2.179082e+00 1.712091e-01 -1.289646e+00 -1.359632e+00 1.712134e-01
2454144.614800 7.954245e-01 -5.310742e-01 -2.236174e+00 1.531286e-01 -1.328891e+00 -1.654646e+00 1.531321e-01
2454144.620790 9.563758e-01 -5.310094e-01 -2.236188e+00 1.531229e-01 -1.328889e+00 -1.654743e+00 1.531265e-01
2454144.626760 7.955325e-01 -5.309449e-01 -2.236202e+00 1.531173e-01 -1.328886e+00 -1.654841e+00 1.531209e-01
2454144.632729 7.255835e-01 -5.308803e-01 -2.236216e+00 1.531116e-01 -1.328884e+00 -1.654938e+00 1.531152e-01
2454153.653660 8.783641e-01 -4.328104e-01 -2.254942e+00 1.444530e-01 -1.314383e+00 -1.806414e+00 1.444561e-01
2454153.662649 1.056127e+00 -4.327122e-01 -2.254958e+00 1.444442e-01 -1.314357e+00 -1.806569e+00 1.444473e-01
2454153.671638 6.077954e-01 -4.326140e-01 -2.254974e+00 1.444354e-01 -1.314331e+00 -1.806724e+00 1.444385e-01
2454153.680628 8.013066e-01 -4.325158e-01 -2.254991e+00 1.444267e-01 -1.314306e+00 -1.806879e+00 1.444298e-01
2454172.598577 5.058156e-01 -2.243018e-01 -2.279701e+00 1.253592e-01 -1.208489e+00 -2.141906e+00 1.253611e-01
2454172.602467 8.016915e-01 -2.242588e-01 -2.279704e+00 1.253552e-01 -1.208456e+00 -2.141976e+00 1.253570e-01
2454439.986448 5.483832e-01 2.056768e+00 -6.296397e-01 -1.708407e-01 2.347530e+00 3.119390e-01 -1.708395e-01
2454439.993038 4.560951e-01 2.056787e+00 -6.295641e-01 -1.708460e-01 2.347439e+00 3.120476e-01 -1.708448e-01
2454439.999659 4.159359e-01 2.056807e+00 -6.294882e-01 -1.708513e-01 2.347348e+00 3.121566e-01 -1.708502e-01
2454440.006159 6.011710e-01 2.056826e+00 -6.294137e-01 -1.708566e-01 2.347258e+00 3.122637e-01 -1.708554e-01
2454454.988033 5.121202e-01 2.093767e+00 -4.557719e-01 -1.823310e-01 2.126540e+00 5.274839e-01 -1.823292e-01
2454454.994594 5.614867e-01 2.093780e+00 -4.556951e-01 -1.823358e-01 2.126439e+00 5.275640e-01 -1.823340e-01
2454455.001144 5.120441e-01 2.093793e+00 -4.556184e-01 -1.823406e-01 2.126338e+00 5.276440e-01 -1.823388e-01
2454455.007784 3.542212e-01 2.093806e+00 -4.555407e-01 -1.823454e-01 2.126235e+00 5.277251e-01 -1.823436e-01
2454496.963513 6.201041e-01 2.121978e+00 4.317356e-02 -2.077440e-01 1.477794e+00 7.885232e-01 -2.077413e-01
2454496.967823 5.655065e-01 2.121975e+00 4.322513e-02 -2.077460e-01 1.477734e+00 7.885260e-01 -2.077433e-01
2454496.972223 5.654706e-01 2.121972e+00 4.327778e-02 -2.077481e-01 1.477672e+00 7.885289e-01 -2.077454e-01
2454496.976553 6.199875e-01 2.121969e+00 4.332959e-02 -2.077502e-01 1.477612e+00 7.885317e-01 -2.077475e-01
2454509.964739 5.619306e-01 2.107713e+00 1.984832e-01 -2.134195e-01 1.308890e+00 7.786365e-01 -2.134168e-01
2454509.971779 5.124333e-01 2.107703e+00 1.985671e-01 -2.134223e-01 1.308806e+00 7.786219e-01 -2.134196e-01
2454509.978940 5.123790e-01 2.107692e+00 1.986525e-01 -2.134251e-01 1.308721e+00 7.786071e-01 -2.134224e-01
2454509.986140 5.123244e-01 2.107681e+00 1.987383e-01 -2.134280e-01 1.308635e+00 7.785922e-01 -2.134252e-01
2454554.908134 8.713515e-01 1.974688e+00 7.223109e-01 -2.243280e-01 9.883264e-01 5.666212e-01 -2.243263e-01
2454554.915264 8.713021e-01 1.974657e+00 7.223913e-01 -2.243286e-01 9.883123e-01 5.665799e-01 -2.243269e-01
2454554.922425 7.945918e-01 1.974626e+00 7.224720e-01 -2.243293e-01 9.882981e-01 5.665384e-01 -2.243275e-01
2454554.929595 8.712029e-01 1.974594e+00 7.225528e-01 -2.243299e-01 9.882840e-01 5.664969e-01 -2.243282e-01
2454561.837362 9.123362e-01 1.942866e+00 7.998410e-01 -2.247658e-01 9.801211e-01 5.273378e-01 -2.247643e-01
2454561.845992 8.320227e-01 1.942824e+00 7.999369e-01 -2.247661e-01 9.801176e-01 5.272902e-01 -2.247647e-01
2454561.854663 8.319845e-01 1.942782e+00 8.000331e-01 -2.247665e-01 9.801142e-01 5.272424e-01 -2.247650e-01
2454561.863293 8.319464e-01 1.942741e+00 8.001290e-01 -2.247668e-01 9.801108e-01 5.271949e-01 -2.247653e-01
2454568.881696 8.880593e-01 1.907516e+00 8.774232e-01 -2.248639e-01 9.827591e-01 4.901312e-01 -2.248627e-01
2454568.887206 9.737254e-01 1.907487e+00 8.774834e-01 -2.248638e-01 9.827654e-01 4.901035e-01 -2.248626e-01
2454568.892786 8.880365e-01 1.907458e+00 8.775443e-01 -2.248638e-01 9.827717e-01 4.900756e-01 -2.248626e-01
2455043.900756 8.049221e-01 -2.252658e+00 2.788523e-01 2.057719e-01 -1.625100e+00 -5.189481e-01 2.057715e-01
2455043.907077 6.105496e-01 -2.252669e+00 2.787823e-01 2.057761e-01 -1.625027e+00 -5.189512e-01 2.057758e-01
2455043.913517 6.694026e-01 -2.252680e+00 2.787111e-01 2.057805e-01 -1.624954e+00 -5.189544e-01 2.057801e-01
2455043.919918 6.693512e-01 -2.252691e+00 2.786402e-01 2.057848e-01 -1.624880e+00 -5.189575e-01 2.057844e-01
2455084.902401 9.909608e-01 -2.277492e+00 -1.775351e-01 2.289168e-01 -1.293754e+00 -3.922526e-01 2.289143e-01
2455084.908381 8.242092e-01 -2.277489e+00 -1.776016e-01 2.289195e-01 -1.293730e+00 -3.922189e-01 2.289170e-01
2455084.914131 7.516560e-01 -2.277486e+00 -1.776655e-01 2.289221e-01 -1.293708e+00 -3.921866e-01 2.289196e-01
2455084.920092 8.241384e-01 -2.277482e+00 -1.777317e-01 2.289248e-01 -1.293684e+00 -3.921530e-01 2.289223e-01
2455090.817388 8.698601e-01 -2.273303e+00 -2.432068e-01 2.314944e-01 -1.274543e+00 -3.579609e-01 2.314916e-01
2455090.827798 9.537276e-01 -2.273294e+00 -2.433222e-01 2.314988e-01 -1.274517e+00 -3.578991e-01 2.314960e-01
2455090.838219 1.045681e+00 -2.273285e+00 -2.434377e-01 2.315031e-01 -1.274490e+00 -3.578371e-01 2.315003e-01
2455090.848609 1.045621e+00 -2.273276e+00 -2.435529e-01 2.315075e-01 -1.274464e+00 -3.577754e-01 2.315047e-01
2455101.792353 8.359243e-01 -2.260401e+00 -3.644855e-01 2.357535e-01 -1.260782e+00 -2.914416e-01 2.357503e-01
2455101.799803 9.165620e-01 -2.260390e+00 -3.645676e-01 2.357562e-01 -1.260782e+00 -2.913963e-01 2.357530e-01
2455101.807093 8.359048e-01 -2.260379e+00 -3.646478e-01 2.357588e-01 -1.260783e+00 -2.913519e-01 2.357556e-01
2455101.814364 9.165409e-01 -2.260368e+00 -3.647278e-01 2.357614e-01 -1.260783e+00 -2.913077e-01 2.357582e-01
2455113.758660 1.219598e+00 -2.238808e+00 -4.954873e-01 2.396116e-01 -1.278439e+00 -2.208635e-01 2.396081e-01
2455113.765930 1.337293e+00 -2.238792e+00 -4.955664e-01 2.396137e-01 -1.278460e+00 -2.208229e-01 2.396102e-01
2455113.773110 1.466346e+00 -2.238777e+00 -4.956446e-01 2.396158e-01 -1.278480e+00 -2.207827e-01 2.396123e-01
2455113.780330 1.337354e+00 -2.238761e+00 -4.957231e-01 2.396178e-01 -1.278501e+00 -2.207423e-01 2.396144e-01
2455120.726357 1.046585e+00 -2.222662e+00 -5.709999e-01 2.414767e-01 -1.304041e+00 -1.838290e-01 2.414731e-01
2455120.734397 1.379732e+00 -2.222642e+00 -5.710866e-01 2.414787e-01 -1.304077e+00 -1.837889e-01 2.414751e-01
2455120.742507 1.147664e+00 -2.222622e+00 -5.711741e-01 2.414807e-01 -1.304113e+00 -1.837483e-01 2.414771e-01
2455120.750647 1.379862e+00 -2.222601e+00 -5.712620e-01 2.414827e-01 -1.304149e+00 -1.837077e-01 2.414791e-01
2455181.582166 5.361830e-01 -1.974730e+00 -1.193000e+00 2.456933e-01 -1.873557e+00 -2.140240e-01 2.456905e-01
2455181.587836 6.446821e-01 -1.974698e+00 -1.193054e+00 2.456927e-01 -1.873624e+00 -2.140682e-01 2.456898e-01
2455181.606094 6.448382e-01 -1.974596e+00 -1.193227e+00 2.456907e-01 -1.873840e+00 -2.142107e-01 2.456879e-01
2455181.611854 5.881445e-01 -1.974564e+00 -1.193282e+00 2.456901e-01 -1.873908e+00 -2.142556e-01 2.456872e-01
2455483.976243 6.090291e-01 9.434646e-01 -2.036596e+00 1.033320e-03 1.875506e+00 -1.681341e+00 1.028110e-03
2455483.981014 4.619746e-01 9.435125e-01 -2.036571e+00 1.027530e-03 1.875524e+00 -1.681239e+00 1.022320e-03
2455483.985724 4.619537e-01 9.435598e-01 -2.036546e+00 1.021820e-03 1.875541e+00 -1.681139e+00 1.016610e-03
2455483.990394 6.676962e-01 9.436068e-01 -2.036522e+00 1.016150e-03 1.875558e+00 -1.681040e+00 1.010940e-03
2455503.987939 4.936418e-01 1.139206e+00 -1.920963e+00 -2.320071e-02 1.890187e+00 -1.272797e+00 -2.320709e-02
2455503.991229 6.507220e-01 1.139238e+00 -1.920942e+00 -2.320468e-02 1.890180e+00 -1.272733e+00 -2.321106e-02
2455503.994500 4.501730e-01 1.139269e+00 -1.920922e+00 -2.320863e-02 1.890174e+00 -1.272670e+00 -2.321501e-02
2455503.997720 2.362454e-01 1.139299e+00 -1.920901e+00 -2.321252e-02 1.890167e+00 -1.272608e+00 -2.321889e-02
2455510.946453 7.211047e-01 1.204543e+00 -1.875919e+00 -3.158263e-02 1.870039e+00 -1.142553e+00 -3.158930e-02
2455510.953433 5.469679e-01 1.204608e+00 -1.875873e+00 -3.159102e-02 1.870013e+00 -1.142426e+00 -3.159769e-02
2455510.960414 6.575448e-01 1.204672e+00 -1.875826e+00 -3.159941e-02 1.869987e+00 -1.142300e+00 -3.160608e-02
2455510.967424 6.574893e-01 1.204737e+00 -1.875779e+00 -3.160783e-02 1.869961e+00 -1.142172e+00 -3.161451e-02
1 0.5
