2	0.5	1000	 1	period_start period_step period_end fixed/free
0.0				initial epoch
0.0				initial rotation angle      
0.1				convexity weight      
3 3				degree and order of spherical harmonics      
6				number of rows        
0.5	1			scattering parameters
0.1	1
-0.5	1     
0.1	0			LS coeff                 
50				iteration stop condidion
10				minimum number of iterations (only if the above value < 1)
5				Alamda multiplicative factor
0.1				Alamda initial value
2
24 0 0.12 2004.12-2005.5 R 703_CATALINA
2453351.997501 1.242032e+00 1.868434e+00 -1.652495e+00 -3.338263e-02 2.026754e+00 -6.808156e-01 -3.337410e-02
2453352.004552 1.132647e+00 1.868481e+00 -1.652442e+00 -3.337698e-02 2.026679e+00 -6.807428e-01 -3.336846e-02
2453352.011572 8.591252e-01 1.868528e+00 -1.652388e+00 -3.337136e-02 2.026605e+00 -6.806703e-01 -3.336284e-02
2453352.018633 1.636885e+00 1.868575e+00 -1.652334e+00 -3.336571e-02 2.026530e+00 -6.805975e-01 -3.335719e-02
2453388.846866 1.478242e+00 2.089352e+00 -1.351553e+00 -3.584850e-03 1.623219e+00 -4.850945e-01 -3.577070e-03
2453388.856596 1.620673e+00 2.089403e+00 -1.351468e+00 -3.576930e-03 1.623120e+00 -4.850900e-01 -3.569150e-03
2453388.866237 1.477902e+00 2.089454e+00 -1.351384e+00 -3.569090e-03 1.623023e+00 -4.850856e-01 -3.561310e-03
2453388.876118 1.229121e+00 2.089506e+00 -1.351299e+00 -3.561060e-03 1.622922e+00 -4.850810e-01 -3.553280e-03
2453403.900224 1.662921e+00 2.164267e+00 -1.218036e+00 8.658610e-03 1.484844e+00 -5.040762e-01 8.665200e-03
2453403.908744 1.662795e+00 2.164306e+00 -1.217958e+00 8.665540e-03 1.484775e+00 -5.041007e-01 8.672120e-03
2453403.917254 1.261264e+00 2.164346e+00 -1.217881e+00 8.672450e-03 1.484706e+00 -5.041251e-01 8.679040e-03
2453403.925745 1.822944e+00 2.164386e+00 -1.217805e+00 8.679350e-03 1.484638e+00 -5.041495e-01 8.685940e-03
2453432.748538 1.947791e+00 2.281054e+00 -9.477564e-01 3.196915e-02 1.334560e+00 -6.527766e-01 3.197224e-02
2453432.757037 1.776425e+00 2.281083e+00 -9.476743e-01 3.197596e-02 1.334543e+00 -6.528347e-01 3.197904e-02
2453432.765617 2.341809e+00 2.281113e+00 -9.475914e-01 3.198283e-02 1.334526e+00 -6.528933e-01 3.198592e-02
2453432.774137 2.135777e+00 2.281142e+00 -9.475090e-01 3.198966e-02 1.334509e+00 -6.529515e-01 3.199274e-02
2453459.707126 1.427852e+00 2.356586e+00 -6.811155e-01 5.328738e-02 1.371615e+00 -8.464060e-01 5.328668e-02
2453459.715145 1.187721e+00 2.356603e+00 -6.810345e-01 5.329362e-02 1.371653e+00 -8.464616e-01 5.329292e-02
2453459.723175 1.428058e+00 2.356621e+00 -6.809534e-01 5.329987e-02 1.371691e+00 -8.465172e-01 5.329916e-02
2453459.731205 1.565948e+00 2.356638e+00 -6.808723e-01 5.330612e-02 1.371729e+00 -8.465729e-01 5.330541e-02
2453493.690265 1.072187e+00 2.402762e+00 -3.313626e-01 7.901274e-02 1.662847e+00 -1.016070e+00 7.900779e-02
2453493.698425 9.779337e-01 2.402767e+00 -3.312774e-01 7.901871e-02 1.662944e+00 -1.016088e+00 7.901377e-02
2453493.706594 6.766254e-01 2.402771e+00 -3.311920e-01 7.902470e-02 1.663042e+00 -1.016106e+00 7.901975e-02
2453493.714674 4.269595e-01 2.402775e+00 -3.311076e-01 7.903061e-02 1.663138e+00 -1.016124e+00 7.902566e-02
95 0 0.12 2005.5-2008.5 V 703_CATALINA
2453500.662172 5.533577e-01 2.405225e+00 -2.583684e-01 8.407830e-02 1.749817e+00 -1.026561e+00 8.407263e-02
2453500.669832 8.770845e-01 2.405226e+00 -2.582880e-01 8.408382e-02 1.749917e+00 -1.026567e+00 8.407815e-02
2453500.677511 6.653911e-01 2.405227e+00 -2.582074e-01 8.408935e-02 1.750016e+00 -1.026572e+00 8.408368e-02
2453500.685181 7.296465e-01 2.405229e+00 -2.581270e-01 8.409488e-02 1.750116e+00 -1.026578e+00 8.408920e-02
2453522.642405 7.557372e-01 2.396935e+00 -2.684632e-02 9.946320e-02 2.061391e+00 -9.837824e-01 9.945587e-02
2453522.648984 4.768669e-01 2.396929e+00 -2.677687e-02 9.946766e-02 2.061490e+00 -9.837508e-01 9.946033e-02
2453522.655514 6.893239e-01 2.396923e+00 -2.670794e-02 9.947209e-02 2.061588e+00 -9.837195e-01 9.946476e-02
2453522.662053 7.558739e-01 2.396917e+00 -2.663891e-02 9.947652e-02 2.061686e+00 -9.836881e-01 9.946919e-02
2453528.648679 7.975668e-01 2.390375e+00 3.656035e-02 1.034955e-01 2.152212e+00 -9.500050e-01 1.034879e-01
2453905.877763 7.459541e-01 -1.020306e+00 1.640296e+00 6.824184e-02 -1.058006e+00 6.248928e-01 6.823675e-02
2453905.886983 7.458484e-01 -1.020407e+00 1.640229e+00 6.823307e-02 -1.057951e+00 6.248199e-01 6.822798e-02
2453905.896114 6.801261e-01 -1.020507e+00 1.640163e+00 6.822438e-02 -1.057896e+00 6.247477e-01 6.821929e-02
2453905.905374 5.656239e-01 -1.020608e+00 1.640097e+00 6.821557e-02 -1.057840e+00 6.246745e-01 6.821048e-02
2453975.726923 1.173353e+00 -1.657208e+00 9.913490e-01 -2.765820e-03 -7.439395e-01 5.596015e-01 -2.769120e-03
2453975.735773 1.173415e+00 -1.657270e+00 9.912511e-01 -2.775090e-03 -7.439389e-01 5.596406e-01 -2.778390e-03
2453975.744583 1.173476e+00 -1.657332e+00 9.911536e-01 -2.784320e-03 -7.439383e-01 5.596796e-01 -2.787620e-03
2453975.753443 1.173538e+00 -1.657394e+00 9.910556e-01 -2.793600e-03 -7.439377e-01 5.597188e-01 -2.796900e-03
2453992.707824 8.694618e-01 -1.766060e+00 7.979605e-01 -2.050269e-02 -7.720322e-01 6.434161e-01 -2.050476e-02
2453992.714274 7.930224e-01 -1.766098e+00 7.978851e-01 -2.050940e-02 -7.720544e-01 6.434500e-01 -2.051147e-02
2453992.720744 8.696023e-01 -1.766135e+00 7.978095e-01 -2.051612e-02 -7.720767e-01 6.434839e-01 -2.051819e-02
2453992.727184 7.931504e-01 -1.766173e+00 7.977342e-01 -2.052281e-02 -7.720989e-01 6.435177e-01 -2.052489e-02
2454027.587196 7.154027e-01 -1.924033e+00 3.741496e-01 -5.596490e-02 -1.024659e+00 8.023866e-01 -5.596400e-02
2454027.595786 5.951323e-01 -1.924061e+00 3.740422e-01 -5.597337e-02 -1.024753e+00 8.024120e-01 -5.597247e-02
2454027.604375 6.526441e-01 -1.924088e+00 3.739347e-01 -5.598184e-02 -1.024846e+00 8.024374e-01 -5.598094e-02
2454027.612965 6.527385e-01 -1.924116e+00 3.738272e-01 -5.599031e-02 -1.024940e+00 8.024627e-01 -5.598941e-02
2454050.607671 6.027636e-01 -1.978275e+00 8.328988e-02 -7.801100e-02 -1.321782e+00 8.244664e-01 -7.800833e-02
2454050.616310 6.610088e-01 -1.978287e+00 8.318003e-02 -7.801900e-02 -1.321909e+00 8.244546e-01 -7.801633e-02
2454050.624960 6.611005e-01 -1.978300e+00 8.307005e-02 -7.802702e-02 -1.322035e+00 8.244427e-01 -7.802435e-02
2454050.633609 6.611922e-01 -1.978313e+00 8.296008e-02 -7.803503e-02 -1.322162e+00 8.244308e-01 -7.803236e-02
2454057.619101 8.096717e-01 -1.986857e+00 -5.912160e-03 -8.443153e-02 -1.427319e+00 8.090388e-01 -8.442842e-02
2454057.624531 5.602034e-01 -1.986862e+00 -5.981250e-03 -8.443644e-02 -1.427402e+00 8.090222e-01 -8.443333e-02
2454057.629970 7.385545e-01 -1.986867e+00 -6.050480e-03 -8.444137e-02 -1.427486e+00 8.090056e-01 -8.443825e-02
2454057.635370 6.736263e-01 -1.986872e+00 -6.119190e-03 -8.444625e-02 -1.427570e+00 8.089891e-01 -8.444314e-02
2454070.608596 9.853366e-01 -1.993071e+00 -1.710228e-01 -9.590662e-02 -1.634220e+00 7.474752e-01 -9.590284e-02
2454070.613725 7.475103e-01 -1.993071e+00 -1.710879e-01 -9.591104e-02 -1.634303e+00 7.474420e-01 -9.590726e-02
2454070.618855 9.854846e-01 -1.993070e+00 -1.711529e-01 -9.591546e-02 -1.634387e+00 7.474087e-01 -9.591167e-02
2454070.623995 1.080644e+00 -1.993070e+00 -1.712181e-01 -9.591988e-02 -1.634471e+00 7.473753e-01 -9.591610e-02
2454081.614042 6.629339e-01 -1.988635e+00 -3.101176e-01 -1.051647e-01 -1.814807e+00 6.590078e-01 -1.051605e-01
2454081.618951 7.970759e-01 -1.988631e+00 -3.101793e-01 -1.051687e-01 -1.814888e+00 6.589606e-01 -1.051645e-01
2454081.623861 8.740353e-01 -1.988627e+00 -3.102411e-01 -1.051727e-01 -1.814968e+00 6.589133e-01 -1.051685e-01
2454081.628801 4.587315e-01 -1.988623e+00 -3.103033e-01 -1.051768e-01 -1.815050e+00 6.588658e-01 -1.051726e-01
2454094.569895 6.547095e-01 -1.972276e+00 -4.720890e-01 -1.154718e-01 -2.024052e+00 5.100806e-01 -1.154673e-01
2454094.579115 8.631764e-01 -1.972260e+00 -4.722034e-01 -1.154789e-01 -2.024197e+00 5.099573e-01 -1.154744e-01
2454094.588274 5.972418e-01 -1.972245e+00 -4.723170e-01 -1.154860e-01 -2.024341e+00 5.098347e-01 -1.154814e-01
2454094.597453 7.181267e-01 -1.972229e+00 -4.724309e-01 -1.154930e-01 -2.024486e+00 5.097119e-01 -1.154885e-01
2454110.557733 7.246081e-01 -1.936032e+00 -6.680278e-01 -1.272445e-01 -2.261235e+00 2.600346e-01 -1.272399e-01
2454110.563092 6.608912e-01 -1.936017e+00 -6.680925e-01 -1.272482e-01 -2.261308e+00 2.599390e-01 -1.272436e-01
2454110.568452 7.946149e-01 -1.936001e+00 -6.681573e-01 -1.272520e-01 -2.261382e+00 2.598433e-01 -1.272474e-01
2454110.573812 6.028141e-01 -1.935986e+00 -6.682221e-01 -1.272557e-01 -2.261455e+00 2.597477e-01 -1.272512e-01
2454380.942279 6.427260e-01 3.275747e-01 -2.388387e+00 -1.483155e-01 1.298743e+00 -2.152014e+00 -1.483172e-01
2454380.947719 6.426969e-01 3.276319e-01 -2.388384e+00 -1.483129e-01 1.298776e+00 -2.151921e+00 -1.483146e-01
2454380.953119 4.446174e-01 3.276887e-01 -2.388382e+00 -1.483103e-01 1.298810e+00 -2.151829e+00 -1.483121e-01
2454380.958520 7.726219e-01 3.277455e-01 -2.388379e+00 -1.483077e-01 1.298843e+00 -2.151736e+00 -1.483095e-01
2454393.937864 7.545963e-01 4.636421e-01 -2.378172e+00 -1.418656e-01 1.354467e+00 -1.933120e+00 -1.418668e-01
2454393.944374 6.881573e-01 4.637099e-01 -2.378165e+00 -1.418623e-01 1.354483e+00 -1.933013e+00 -1.418634e-01
2454393.950935 7.545027e-01 4.637782e-01 -2.378158e+00 -1.418589e-01 1.354499e+00 -1.932905e+00 -1.418601e-01
2454393.957475 6.880718e-01 4.638464e-01 -2.378150e+00 -1.418555e-01 1.354515e+00 -1.932798e+00 -1.418567e-01
2454410.935537 6.347671e-01 6.391003e-01 -2.352294e+00 -1.326857e-01 1.357951e+00 -1.669722e+00 -1.326860e-01
2454410.940388 6.347338e-01 6.391499e-01 -2.352284e+00 -1.326830e-01 1.357941e+00 -1.669652e+00 -1.326833e-01
2454410.945248 7.630778e-01 6.391996e-01 -2.352275e+00 -1.326803e-01 1.357932e+00 -1.669582e+00 -1.326806e-01
2454410.950128 4.814441e-01 6.392495e-01 -2.352266e+00 -1.326775e-01 1.357923e+00 -1.669512e+00 -1.326778e-01
2454421.867531 8.908142e-01 7.500222e-01 -2.328321e+00 -1.263653e-01 1.324057e+00 -1.523275e+00 -1.263651e-01
2454421.875632 6.756893e-01 7.501037e-01 -2.328301e+00 -1.263605e-01 1.324022e+00 -1.523175e+00 -1.263603e-01
2454421.883802 8.906490e-01 7.501860e-01 -2.328281e+00 -1.263557e-01 1.323988e+00 -1.523074e+00 -1.263554e-01
2454421.891933 7.407409e-01 7.502678e-01 -2.328261e+00 -1.263509e-01 1.323953e+00 -1.522974e+00 -1.263506e-01
2454464.874748 9.750993e-01 1.166607e+00 -2.180829e+00 -9.872636e-02 1.026981e+00 -1.207476e+00 -9.872425e-02
2454464.881298 8.110098e-01 1.166668e+00 -2.180801e+00 -9.872185e-02 1.026928e+00 -1.207464e+00 -9.871974e-02
2454464.887848 9.749968e-01 1.166728e+00 -2.180772e+00 -9.871734e-02 1.026875e+00 -1.207451e+00 -9.871523e-02
2454464.894408 9.749455e-01 1.166789e+00 -2.180743e+00 -9.871282e-02 1.026822e+00 -1.207439e+00 -9.871071e-02
2454495.710895 1.168659e+00 1.440221e+00 -2.026183e+00 -7.664947e-02 8.128490e-01 -1.266843e+00 -7.664677e-02
2454495.717625 1.281431e+00 1.440278e+00 -2.026145e+00 -7.664448e-02 8.128148e-01 -1.266879e+00 -7.664178e-02
2454495.724145 1.168698e+00 1.440333e+00 -2.026108e+00 -7.663965e-02 8.127818e-01 -1.266915e+00 -7.663695e-02
2454495.730685 1.168718e+00 1.440389e+00 -2.026072e+00 -7.663481e-02 8.127486e-01 -1.266950e+00 -7.663210e-02
2454502.682285 1.316208e+00 1.498591e+00 -1.985962e+00 -7.144871e-02 7.817456e-01 -1.308972e+00 -7.144597e-02
2454502.684984 1.094790e+00 1.498614e+00 -1.985946e+00 -7.144668e-02 7.817353e-01 -1.308990e+00 -7.144394e-02
2454502.690374 1.443253e+00 1.498658e+00 -1.985914e+00 -7.144263e-02 7.817148e-01 -1.309026e+00 -7.143990e-02
2454502.698464 1.200495e+00 1.498725e+00 -1.985866e+00 -7.143656e-02 7.816839e-01 -1.309080e+00 -7.143382e-02
2454502.701164 1.200512e+00 1.498748e+00 -1.985850e+00 -7.143453e-02 7.816736e-01 -1.309098e+00 -7.143179e-02
2454502.706554 1.094910e+00 1.498792e+00 -1.985818e+00 -7.143048e-02 7.816530e-01 -1.309134e+00 -7.142775e-02
2454502.709254 1.094925e+00 1.498814e+00 -1.985803e+00 -7.142845e-02 7.816427e-01 -1.309152e+00 -7.142572e-02
2454528.597674 8.646696e-01 1.702930e+00 -1.820541e+00 -5.157070e-02 7.560049e-01 -1.526964e+00 -5.156821e-02
2454528.612833 7.887229e-01 1.703044e+00 -1.820438e+00 -5.155885e-02 7.560368e-01 -1.527111e+00 -5.155636e-02
2454528.620443 8.648918e-01 1.703101e+00 -1.820386e+00 -5.155291e-02 7.560529e-01 -1.527184e+00 -5.155042e-02
2454581.657103 5.899371e-01 2.050692e+00 -1.411757e+00 -9.098330e-03 1.228603e+00 -1.991776e+00 -9.097650e-03
2454581.662493 7.777336e-01 2.050722e+00 -1.411711e+00 -9.093950e-03 1.228685e+00 -1.991807e+00 -9.093270e-03
2454581.667882 5.900054e-01 2.050752e+00 -1.411665e+00 -9.089570e-03 1.228767e+00 -1.991837e+00 -9.088890e-03
2454581.673272 7.778235e-01 2.050782e+00 -1.411620e+00 -9.085190e-03 1.228849e+00 -1.991867e+00 -9.084510e-03
2454590.628817 8.534116e-01 2.099058e+00 -1.334490e+00 -1.805090e-03 1.372672e+00 -2.033959e+00 -1.804790e-03
2454590.635226 8.534662e-01 2.099092e+00 -1.334434e+00 -1.799880e-03 1.372780e+00 -2.033983e+00 -1.799580e-03
2454590.641726 4.911504e-01 2.099125e+00 -1.334377e+00 -1.794590e-03 1.372890e+00 -2.034007e+00 -1.794290e-03
2454590.648166 6.475039e-01 2.099159e+00 -1.334321e+00 -1.789360e-03 1.372998e+00 -2.034031e+00 -1.789060e-03
2454594.624370 5.599767e-01 2.119557e+00 -1.299408e+00 1.444480e-03 1.441366e+00 -2.047002e+00 1.444610e-03
2454594.628559 8.875390e-01 2.119578e+00 -1.299371e+00 1.447880e-03 1.441439e+00 -2.047014e+00 1.448010e-03
2454594.632749 6.140516e-01 2.119600e+00 -1.299334e+00 1.451290e-03 1.441513e+00 -2.047026e+00 1.451420e-03
2454594.636969 5.600446e-01 2.119621e+00 -1.299296e+00 1.454720e-03 1.441587e+00 -2.047038e+00 1.454850e-03
1 0.5
2 0.5
