2	0.5	1000	 1	period_start period_step period_end fixed/free
0.0				initial epoch
0.0				initial rotation angle      
0.1				convexity weight      
3 3				degree and order of spherical harmonics      
6				number of rows        
0.5	1			scattering parameters
0.1	1
-0.5	1     
0.1	0			LS coeff                 
50				iteration stop condidion
10				minimum number of iterations (only if the above value < 1)
5				Alamda multiplicative factor
0.1				Alamda initial value
1
108 0 0.12 2005.9-2008.5 V 703_CATALINA
2453627.916652 1.673792e+00 -2.222929e+00 -1.902479e+00 1.237811e+00 -1.227880e+00 -2.049188e+00 1.237810e+00
2453627.924582 1.673678e+00 -2.222882e+00 -1.902538e+00 1.237804e+00 -1.227815e+00 -2.049112e+00 1.237802e+00
2453627.932393 1.269530e+00 -2.222835e+00 -1.902596e+00 1.237796e+00 -1.227750e+00 -2.049038e+00 1.237795e+00
2453627.940333 2.206040e+00 -2.222788e+00 -1.902655e+00 1.237789e+00 -1.227685e+00 -2.048962e+00 1.237787e+00
2453673.921155 1.947202e+00 -1.926923e+00 -2.224765e+00 1.182192e+00 -1.134041e+00 -1.627057e+00 1.182196e+00
2453673.926535 2.135024e+00 -1.926886e+00 -2.224800e+00 1.182184e+00 -1.134061e+00 -1.627019e+00 1.182188e+00
2453673.931906 2.134984e+00 -1.926849e+00 -2.224835e+00 1.182176e+00 -1.134081e+00 -1.626981e+00 1.182180e+00
2453673.937376 1.947092e+00 -1.926812e+00 -2.224871e+00 1.182168e+00 -1.134102e+00 -1.626942e+00 1.182172e+00
2453680.796187 2.761732e+00 -1.879298e+00 -2.269332e+00 1.171861e+00 -1.165036e+00 -1.582108e+00 1.171866e+00
2453680.804218 2.761687e+00 -1.879242e+00 -2.269384e+00 1.171849e+00 -1.165078e+00 -1.582061e+00 1.171853e+00
2453680.812348 2.094919e+00 -1.879185e+00 -2.269436e+00 1.171836e+00 -1.165120e+00 -1.582012e+00 1.171841e+00
2453680.820408 2.518606e+00 -1.879129e+00 -2.269488e+00 1.171824e+00 -1.165162e+00 -1.581965e+00 1.171828e+00
2453684.801997 2.282597e+00 -1.851168e+00 -2.294842e+00 1.165604e+00 -1.187514e+00 -1.559926e+00 1.165609e+00
2453684.807887 2.282582e+00 -1.851126e+00 -2.294880e+00 1.165595e+00 -1.187549e+00 -1.559896e+00 1.165600e+00
2453684.813737 2.282567e+00 -1.851085e+00 -2.294917e+00 1.165585e+00 -1.187584e+00 -1.559866e+00 1.165590e+00
2453684.819627 2.282552e+00 -1.851043e+00 -2.294954e+00 1.165576e+00 -1.187619e+00 -1.559836e+00 1.165581e+00
2453704.793857 2.559891e+00 -1.706738e+00 -2.416967e+00 1.131799e+00 -1.338840e+00 -1.501963e+00 1.131805e+00
2453704.803166 2.129291e+00 -1.706669e+00 -2.417022e+00 1.131782e+00 -1.338923e+00 -1.501959e+00 1.131788e+00
2453704.812626 2.129358e+00 -1.706600e+00 -2.417077e+00 1.131765e+00 -1.339007e+00 -1.501955e+00 1.131771e+00
2453704.821956 2.560132e+00 -1.706531e+00 -2.417132e+00 1.131748e+00 -1.339089e+00 -1.501950e+00 1.131755e+00
2453710.767775 2.873890e+00 -1.662322e+00 -2.451737e+00 1.120875e+00 -1.393306e+00 -1.503879e+00 1.120881e+00
2453710.774845 2.621103e+00 -1.662269e+00 -2.451778e+00 1.120861e+00 -1.393372e+00 -1.503887e+00 1.120868e+00
2453710.781985 2.180209e+00 -1.662216e+00 -2.451819e+00 1.120848e+00 -1.393439e+00 -1.503895e+00 1.120855e+00
2453791.584194 1.658834e+00 -1.013376e+00 -2.837440e+00 9.380473e-01 -1.919335e+00 -2.438640e+00 9.380514e-01
2453791.590614 2.186881e+00 -1.013322e+00 -2.837464e+00 9.380303e-01 -1.919327e+00 -2.438766e+00 9.380344e-01
2453791.597033 2.186994e+00 -1.013267e+00 -2.837488e+00 9.380134e-01 -1.919319e+00 -2.438891e+00 9.380174e-01
2453791.603463 1.513109e+00 -1.013213e+00 -2.837512e+00 9.379964e-01 -1.919310e+00 -2.439017e+00 9.380004e-01
2453798.608165 8.389066e-01 -9.534546e-01 -2.863051e+00 9.192668e-01 -1.903138e+00 -2.578021e+00 9.192703e-01
2453798.614365 2.107338e+00 -9.534015e-01 -2.863073e+00 9.192501e-01 -1.903118e+00 -2.578146e+00 9.192535e-01
2453798.626394 2.107532e+00 -9.532985e-01 -2.863116e+00 9.192175e-01 -1.903078e+00 -2.578387e+00 9.192210e-01
2454009.948419 2.620074e+00 9.256312e-01 -2.973572e+00 1.988735e-01 1.916976e+00 -2.833695e+00 1.988729e-01
2454009.957070 1.987396e+00 9.257054e-01 -2.973550e+00 1.988399e-01 1.917027e+00 -2.833526e+00 1.988393e-01
2454009.965680 1.987263e+00 9.257793e-01 -2.973527e+00 1.988066e-01 1.917078e+00 -2.833358e+00 1.988060e-01
2454009.974361 1.652823e+00 9.258538e-01 -2.973505e+00 1.987730e-01 1.917129e+00 -2.833188e+00 1.987723e-01
2454027.914193 2.252463e+00 1.078256e+00 -2.922630e+00 1.289903e-01 1.975105e+00 -2.489342e+00 1.289912e-01
2454027.923424 1.421089e+00 1.078334e+00 -2.922602e+00 1.289542e-01 1.975111e+00 -2.489171e+00 1.289552e-01
2454027.932675 2.053926e+00 1.078412e+00 -2.922573e+00 1.289181e-01 1.975117e+00 -2.489000e+00 1.289191e-01
2454027.941946 2.251896e+00 1.078490e+00 -2.922545e+00 1.288820e-01 1.975123e+00 -2.488828e+00 1.288829e-01
2454053.958760 1.590251e+00 1.293354e+00 -2.832477e+00 2.701788e-02 1.904650e+00 -2.054580e+00 2.702077e-02
2454053.965380 1.206245e+00 1.293408e+00 -2.832451e+00 2.699191e-02 1.904612e+00 -2.054485e+00 2.699479e-02
2454053.972061 9.149665e-01 1.293462e+00 -2.832426e+00 2.696570e-02 1.904574e+00 -2.054389e+00 2.696859e-02
2454053.978662 1.589921e+00 1.293515e+00 -2.832400e+00 2.693980e-02 1.904536e+00 -2.054294e+00 2.694269e-02
2454116.797210 3.064753e+00 1.774212e+00 -2.538798e+00 -2.184285e-01 1.348128e+00 -1.652179e+00 -2.184240e-01
2454116.803740 2.549095e+00 1.774259e+00 -2.538762e+00 -2.184537e-01 1.348072e+00 -1.652192e+00 -2.184492e-01
2454116.810260 2.549040e+00 1.774306e+00 -2.538726e+00 -2.184789e-01 1.348016e+00 -1.652205e+00 -2.184744e-01
2454116.816820 2.324702e+00 1.774352e+00 -2.538690e+00 -2.185043e-01 1.347959e+00 -1.652219e+00 -2.184998e-01
2454128.738583 3.296187e+00 1.858331e+00 -2.471433e+00 -2.644000e-01 1.254518e+00 -1.693472e+00 -2.643957e-01
2454128.744123 3.614200e+00 1.858370e+00 -2.471401e+00 -2.644212e-01 1.254480e+00 -1.693499e+00 -2.644170e-01
2454128.749673 3.006163e+00 1.858408e+00 -2.471369e+00 -2.644425e-01 1.254442e+00 -1.693526e+00 -2.644383e-01
2454128.755202 3.006165e+00 1.858447e+00 -2.471337e+00 -2.644637e-01 1.254403e+00 -1.693552e+00 -2.644595e-01
2454140.658920 2.556162e+00 1.939684e+00 -2.400710e+00 -3.099171e-01 1.184951e+00 -1.765372e+00 -3.099133e-01
2454140.665390 2.802840e+00 1.939727e+00 -2.400670e+00 -3.099417e-01 1.184921e+00 -1.765418e+00 -3.099379e-01
2454140.671870 2.556279e+00 1.939771e+00 -2.400631e+00 -3.099663e-01 1.184890e+00 -1.765464e+00 -3.099625e-01
2454140.678350 3.073393e+00 1.939814e+00 -2.400592e+00 -3.099909e-01 1.184860e+00 -1.765511e+00 -3.099871e-01
2454149.647194 2.665122e+00 1.999228e+00 -2.345139e+00 -3.439543e-01 1.152172e+00 -1.836070e+00 -3.439509e-01
2454149.655853 2.430740e+00 1.999284e+00 -2.345084e+00 -3.439870e-01 1.152150e+00 -1.836144e+00 -3.439836e-01
2454149.664523 2.665386e+00 1.999341e+00 -2.345030e+00 -3.440197e-01 1.152127e+00 -1.836218e+00 -3.440163e-01
2454149.673173 2.430981e+00 1.999397e+00 -2.344975e+00 -3.440523e-01 1.152105e+00 -1.836292e+00 -3.440490e-01
2454156.663690 2.542924e+00 2.044597e+00 -2.300449e+00 -3.703344e-01 1.139930e+00 -1.898871e+00 -3.703315e-01
2454156.670940 2.543056e+00 2.044644e+00 -2.300402e+00 -3.703616e-01 1.139924e+00 -1.898939e+00 -3.703587e-01
2454156.695419 3.057958e+00 2.044800e+00 -2.300244e+00 -3.704533e-01 1.139903e+00 -1.899167e+00 -3.704504e-01
2454236.652445 1.005545e+00 2.485894e+00 -1.717093e+00 -6.551367e-01 1.903430e+00 -2.543422e+00 -6.551396e-01
2454236.658974 1.453530e+00 2.485924e+00 -1.717040e+00 -6.551585e-01 1.903549e+00 -2.543434e+00 -6.551613e-01
2454236.665454 1.005649e+00 2.485954e+00 -1.716988e+00 -6.551801e-01 1.903668e+00 -2.543447e+00 -6.551830e-01
2454236.671943 1.453680e+00 2.485983e+00 -1.716936e+00 -6.552017e-01 1.903788e+00 -2.543459e+00 -6.552046e-01
2454498.958935 1.877064e+00 2.740163e+00 7.220212e-01 -1.218248e+00 2.069847e+00 1.444340e+00 -1.218246e+00
2454498.965505 1.876955e+00 2.740145e+00 7.220833e-01 -1.218253e+00 2.069745e+00 1.444325e+00 -1.218250e+00
2454498.972106 2.256465e+00 2.740127e+00 7.221457e-01 -1.218258e+00 2.069641e+00 1.444309e+00 -1.218255e+00
2454498.978736 1.876735e+00 2.740108e+00 7.222084e-01 -1.218262e+00 2.069538e+00 1.444294e+00 -1.218260e+00
2454503.954140 1.362190e+00 2.726030e+00 7.691449e-01 -1.221613e+00 1.993984e+00 1.429977e+00 -1.221610e+00
2454503.961901 1.968828e+00 2.726008e+00 7.692179e-01 -1.221618e+00 1.993870e+00 1.429950e+00 -1.221615e+00
2454503.969731 2.595240e+00 2.725985e+00 7.692916e-01 -1.221623e+00 1.993755e+00 1.429923e+00 -1.221620e+00
2454503.977482 1.361908e+00 2.725963e+00 7.693646e-01 -1.221628e+00 1.993641e+00 1.429897e+00 -1.221625e+00
2454509.993539 1.702260e+00 2.708028e+00 8.258602e-01 -1.225270e+00 1.908906e+00 1.405611e+00 -1.225268e+00
2454510.000640 1.866375e+00 2.708006e+00 8.259267e-01 -1.225274e+00 1.908810e+00 1.405578e+00 -1.225272e+00
2454510.007750 2.046311e+00 2.707985e+00 8.259933e-01 -1.225278e+00 1.908715e+00 1.405545e+00 -1.225276e+00
2454510.014860 1.552189e+00 2.707963e+00 8.260599e-01 -1.225282e+00 1.908619e+00 1.405512e+00 -1.225280e+00
2454528.896847 1.323112e+00 2.645279e+00 1.001325e+00 -1.233802e+00 1.696759e+00 1.289963e+00 -1.233799e+00
2454528.903437 1.450687e+00 2.645256e+00 1.001386e+00 -1.233804e+00 1.696700e+00 1.289915e+00 -1.233801e+00
2454528.910038 1.912279e+00 2.645232e+00 1.001447e+00 -1.233806e+00 1.696642e+00 1.289866e+00 -1.233804e+00
2454528.916618 2.298945e+00 2.645209e+00 1.001507e+00 -1.233808e+00 1.696583e+00 1.289818e+00 -1.233806e+00
2454539.900376 1.933286e+00 2.604354e+00 1.101840e+00 -1.236724e+00 1.615319e+00 1.204495e+00 -1.236722e+00
2454539.908636 2.119687e+00 2.604323e+00 1.101915e+00 -1.236726e+00 1.615270e+00 1.204428e+00 -1.236724e+00
2454539.916887 1.933070e+00 2.604291e+00 1.101990e+00 -1.236728e+00 1.615221e+00 1.204361e+00 -1.236725e+00
2454539.925147 1.762881e+00 2.604259e+00 1.102065e+00 -1.236729e+00 1.615172e+00 1.204294e+00 -1.236727e+00
2454557.972329 2.105501e+00 2.530279e+00 1.263956e+00 -1.238254e+00 1.552648e+00 1.056238e+00 -1.238253e+00
2454557.976769 2.105464e+00 2.530260e+00 1.263996e+00 -1.238254e+00 1.552643e+00 1.056202e+00 -1.238253e+00
2454557.981239 2.531280e+00 2.530240e+00 1.264035e+00 -1.238254e+00 1.552638e+00 1.056166e+00 -1.238252e+00
2454557.985769 2.308513e+00 2.530221e+00 1.264075e+00 -1.238254e+00 1.552634e+00 1.056130e+00 -1.238252e+00
2454570.712885 2.681554e+00 2.473048e+00 1.375782e+00 -1.236889e+00 1.560401e+00 9.595092e-01 -1.236888e+00
2454570.720795 2.445579e+00 2.473011e+00 1.375851e+00 -1.236888e+00 1.560418e+00 9.594536e-01 -1.236887e+00
2454570.728065 2.445555e+00 2.472977e+00 1.375914e+00 -1.236886e+00 1.560434e+00 9.594025e-01 -1.236885e+00
2454570.738865 2.445518e+00 2.472927e+00 1.376008e+00 -1.236884e+00 1.560458e+00 9.593267e-01 -1.236883e+00
2454582.806206 2.442480e+00 2.414993e+00 1.479854e+00 -1.233727e+00 1.604136e+00 8.837191e-01 -1.233727e+00
2454582.813746 2.031584e+00 2.414955e+00 1.479918e+00 -1.233725e+00 1.604173e+00 8.836783e-01 -1.233724e+00
2454582.821286 1.852844e+00 2.414918e+00 1.479982e+00 -1.233722e+00 1.604210e+00 8.836376e-01 -1.233721e+00
2454582.828806 1.852860e+00 2.414881e+00 1.480046e+00 -1.233720e+00 1.604248e+00 8.835969e-01 -1.233719e+00
2454588.859668 2.707724e+00 2.384596e+00 1.531142e+00 -1.231464e+00 1.637925e+00 8.540228e-01 -1.231464e+00
2454588.864588 2.707756e+00 2.384571e+00 1.531184e+00 -1.231462e+00 1.637955e+00 8.540012e-01 -1.231462e+00
2454588.869558 2.054068e+00 2.384546e+00 1.531225e+00 -1.231460e+00 1.637986e+00 8.539795e-01 -1.231460e+00
2454588.874518 2.054093e+00 2.384520e+00 1.531267e+00 -1.231458e+00 1.638017e+00 8.539577e-01 -1.231458e+00
2454592.764658 2.737767e+00 2.364521e+00 1.563930e+00 -1.229764e+00 1.663496e+00 8.383201e-01 -1.229764e+00
2454592.774388 3.001996e+00 2.364471e+00 1.564011e+00 -1.229759e+00 1.663563e+00 8.382846e-01 -1.229759e+00
2454592.784108 2.277318e+00 2.364420e+00 1.564093e+00 -1.229755e+00 1.663631e+00 8.382491e-01 -1.229755e+00
2454592.793838 2.077003e+00 2.364370e+00 1.564174e+00 -1.229750e+00 1.663698e+00 8.382137e-01 -1.229750e+00
2454599.677808 2.132880e+00 2.328098e+00 1.621386e+00 -1.226293e+00 1.715292e+00 8.178654e-01 -1.226293e+00
2454599.684417 1.774105e+00 2.328062e+00 1.621440e+00 -1.226289e+00 1.715346e+00 8.178506e-01 -1.226289e+00
2454599.690927 2.564437e+00 2.328027e+00 1.621494e+00 -1.226285e+00 1.715398e+00 8.178360e-01 -1.226285e+00
1 0.5
