2	0.5	1000	 1	period_start period_step period_end fixed/free
0.0				initial epoch
0.0				initial rotation angle      
0.1				convexity weight      
3 3				degree and order of spherical harmonics      
6				number of rows        
0.5	1			scattering parameters
0.1	1
-0.5	1     
0.1	0			LS coeff                 
50				iteration stop condidion
10				minimum number of iterations (only if the above value < 1)
5				Alamda multiplicative factor
0.1				Alamda initial value
1
100 0 0.12 2006.8-2010.11 V 703_CATALINA
2453976.930822 2.048140e+00 -1.936427e+00 -1.609265e+00 -2.268868e-02 -1.014834e+00 -2.022277e+00 -2.269190e-02
2453976.938423 1.553551e+00 -1.936381e+00 -1.609328e+00 -2.268618e-02 -1.014737e+00 -2.022221e+00 -2.268940e-02
2453976.946034 1.703300e+00 -1.936336e+00 -1.609391e+00 -2.268367e-02 -1.014640e+00 -2.022164e+00 -2.268689e-02
2453976.953684 1.703164e+00 -1.936290e+00 -1.609453e+00 -2.268116e-02 -1.014543e+00 -2.022107e+00 -2.268437e-02
2454024.843831 2.315752e+00 -1.611143e+00 -1.966840e+00 -6.561190e-03 -6.917301e-01 -1.581506e+00 -6.560520e-03
2454024.851531 2.111834e+00 -1.611085e+00 -1.966891e+00 -6.558560e-03 -6.917254e-01 -1.581436e+00 -6.557890e-03
2454024.859272 2.315405e+00 -1.611027e+00 -1.966942e+00 -6.555910e-03 -6.917207e-01 -1.581365e+00 -6.555240e-03
2454024.867002 2.111517e+00 -1.610969e+00 -1.966994e+00 -6.553270e-03 -6.917161e-01 -1.581294e+00 -6.552600e-03
2454050.820203 2.332223e+00 -1.405938e+00 -2.127520e+00 2.340090e-03 -7.522468e-01 -1.383938e+00 2.342780e-03
2454050.828963 2.332161e+00 -1.405866e+00 -2.127570e+00 2.343100e-03 -7.522902e-01 -1.383889e+00 2.345780e-03
2454050.837713 2.332098e+00 -1.405794e+00 -2.127620e+00 2.346100e-03 -7.523336e-01 -1.383840e+00 2.348780e-03
2454050.846463 2.332036e+00 -1.405721e+00 -2.127670e+00 2.349100e-03 -7.523771e-01 -1.383791e+00 2.351780e-03
2454066.713466 1.763770e+00 -1.271871e+00 -2.213311e+00 7.779270e-03 -8.503986e-01 -1.321077e+00 7.782870e-03
2454066.723546 1.763818e+00 -1.271784e+00 -2.213362e+00 7.782710e-03 -8.504714e-01 -1.321055e+00 7.786310e-03
2454066.733655 1.763867e+00 -1.271697e+00 -2.213413e+00 7.786160e-03 -8.505443e-01 -1.321033e+00 7.789770e-03
2454066.743775 1.608710e+00 -1.271610e+00 -2.213465e+00 7.789620e-03 -8.506174e-01 -1.321011e+00 7.793220e-03
2454094.674413 1.235205e+00 -1.022529e+00 -2.339907e+00 1.724875e-02 -1.076130e+00 -1.357841e+00 1.725327e-02
2454094.684872 8.546459e-01 -1.022433e+00 -2.339949e+00 1.725225e-02 -1.076217e+00 -1.357893e+00 1.725678e-02
2454094.695331 1.126765e+00 -1.022337e+00 -2.339990e+00 1.725576e-02 -1.076303e+00 -1.357944e+00 1.726028e-02
2454094.705781 1.027734e+00 -1.022241e+00 -2.340031e+00 1.725926e-02 -1.076389e+00 -1.357996e+00 1.726379e-02
2454147.635610 5.240355e-01 -5.142920e-01 -2.489465e+00 3.442222e-02 -1.342435e+00 -1.950926e+00 3.442567e-02
2454147.642060 4.779594e-01 -5.142280e-01 -2.489476e+00 3.442422e-02 -1.342433e+00 -1.951030e+00 3.442767e-02
2454147.648539 4.779929e-01 -5.141637e-01 -2.489487e+00 3.442623e-02 -1.342431e+00 -1.951135e+00 3.442968e-02
2454147.654979 3.307132e-01 -5.140998e-01 -2.489497e+00 3.442823e-02 -1.342430e+00 -1.951239e+00 3.443168e-02
2454168.602733 8.508328e-01 -3.044965e-01 -2.514402e+00 4.078951e-02 -1.275671e+00 -2.308653e+00 4.079163e-02
2454168.606953 5.886549e-01 -3.044540e-01 -2.514405e+00 4.079076e-02 -1.275645e+00 -2.308728e+00 4.079288e-02
2454168.611163 3.387483e-01 -3.044116e-01 -2.514408e+00 4.079201e-02 -1.275618e+00 -2.308802e+00 4.079413e-02
2454168.615372 1.229968e+00 -3.043691e-01 -2.514411e+00 4.079325e-02 -1.275592e+00 -2.308876e+00 4.079538e-02
2454172.597280 1.679394e+00 -2.642012e-01 -2.516882e+00 4.196719e-02 -1.248385e+00 -2.379066e+00 4.196903e-02
2454172.601170 2.019144e+00 -2.641620e-01 -2.516884e+00 4.196833e-02 -1.248356e+00 -2.379134e+00 4.197017e-02
2454172.604899 9.664541e-01 -2.641243e-01 -2.516886e+00 4.196942e-02 -1.248328e+00 -2.379200e+00 4.197126e-02
2454172.608609 1.274076e+00 -2.640868e-01 -2.516888e+00 4.197051e-02 -1.248301e+00 -2.379266e+00 4.197235e-02
2454409.998039 1.717526e+00 1.824003e+00 -1.343916e+00 7.746605e-02 2.554127e+00 -6.730697e-01 7.746570e-02
2454410.000810 1.083654e+00 1.824018e+00 -1.343888e+00 7.746593e-02 2.554109e+00 -6.730071e-01 7.746558e-02
2454410.003640 1.566310e+00 1.824034e+00 -1.343860e+00 7.746581e-02 2.554090e+00 -6.729432e-01 7.746546e-02
2454410.006430 1.302763e+00 1.824049e+00 -1.343832e+00 7.746569e-02 2.554072e+00 -6.728802e-01 7.746534e-02
2454424.964764 1.103110e+00 1.900353e+00 -1.190698e+00 7.659947e-02 2.429309e+00 -3.561141e-01 7.659990e-02
2454424.972964 8.367133e-01 1.900392e+00 -1.190613e+00 7.659888e-02 2.429227e+00 -3.559531e-01 7.659931e-02
2454424.981275 1.102895e+00 1.900431e+00 -1.190525e+00 7.659827e-02 2.429143e+00 -3.557901e-01 7.659870e-02
2454424.989486 1.102788e+00 1.900470e+00 -1.190439e+00 7.659767e-02 2.429060e+00 -3.556290e-01 7.659811e-02
2454439.961019 7.604652e-01 1.965671e+00 -1.030181e+00 7.528062e-02 2.256858e+00 -8.872972e-02 7.528179e-02
2454439.967640 5.768213e-01 1.965698e+00 -1.030109e+00 7.527993e-02 2.256774e+00 -8.862419e-02 7.528111e-02
2454439.974190 3.639181e-01 1.965724e+00 -1.030037e+00 7.527926e-02 2.256690e+00 -8.851979e-02 7.528043e-02
2454439.981001 6.323600e-01 1.965751e+00 -1.029963e+00 7.527855e-02 2.256604e+00 -8.841125e-02 7.527973e-02
2454560.753893 2.402398e+00 2.002193e+00 4.060437e-01 4.812918e-02 1.034843e+00 1.515921e-01 4.813070e-02
2454560.760593 2.402369e+00 2.002168e+00 4.061242e-01 4.812691e-02 1.034845e+00 1.515607e-01 4.812842e-02
2454560.767303 2.402340e+00 2.002143e+00 4.062048e-01 4.812463e-02 1.034848e+00 1.515292e-01 4.812615e-02
2454560.774013 2.190934e+00 2.002118e+00 4.062854e-01 4.812235e-02 1.034851e+00 1.514977e-01 4.812387e-02
2454580.796971 8.378936e-01 1.914073e+00 6.433523e-01 4.100472e-02 1.083783e+00 7.554119e-02 4.100544e-02
2454580.803411 1.104605e+00 1.914040e+00 6.434273e-01 4.100233e-02 1.083811e+00 7.552428e-02 4.100305e-02
2454580.809870 9.188091e-01 1.914007e+00 6.435024e-01 4.099994e-02 1.083839e+00 7.550732e-02 4.100065e-02
2454580.816310 8.379988e-01 1.913974e+00 6.435774e-01 4.099755e-02 1.083867e+00 7.549042e-02 4.099826e-02
2454582.752662 1.227344e+00 1.903989e+00 6.660694e-01 4.027653e-02 1.092602e+00 7.068080e-02 4.027717e-02
2454582.759702 1.345824e+00 1.903952e+00 6.661510e-01 4.027390e-02 1.092634e+00 7.066432e-02 4.027454e-02
2454582.766732 1.345891e+00 1.903915e+00 6.662324e-01 4.027127e-02 1.092667e+00 7.064787e-02 4.027191e-02
2454582.773791 1.345959e+00 1.903879e+00 6.663143e-01 4.026863e-02 1.092700e+00 7.063136e-02 4.026927e-02
2454648.650103 7.710318e-01 1.417299e+00 1.356168e+00 1.310227e-02 1.586235e+00 3.536059e-01 1.310034e-02
2454648.653603 7.710624e-01 1.417266e+00 1.356199e+00 1.310072e-02 1.586260e+00 3.536473e-01 1.309880e-02
2454648.657023 8.454859e-01 1.417234e+00 1.356230e+00 1.309922e-02 1.586285e+00 3.536877e-01 1.309730e-02
2454648.660492 6.413918e-01 1.417202e+00 1.356261e+00 1.309769e-02 1.586311e+00 3.537288e-01 1.309577e-02
2455041.921525 6.459166e-01 -2.334858e+00 6.901985e-02 -6.671342e-02 -1.733853e+00 -7.492604e-01 -6.671366e-02
2455041.927495 6.458783e-01 -2.334868e+00 6.895483e-02 -6.671244e-02 -1.733783e+00 -7.492650e-01 -6.671268e-02
2455041.933406 9.335234e-01 -2.334878e+00 6.889046e-02 -6.671147e-02 -1.733713e+00 -7.492695e-01 -6.671171e-02
2455041.939186 7.764264e-01 -2.334889e+00 6.882751e-02 -6.671052e-02 -1.733644e+00 -7.492740e-01 -6.671075e-02
2455085.793277 8.190319e-01 -2.360988e+00 -4.068637e-01 -5.809706e-02 -1.374344e+00 -6.066401e-01 -5.809961e-02
2455085.799308 8.980145e-01 -2.360985e+00 -4.069284e-01 -5.809570e-02 -1.374322e+00 -6.066035e-01 -5.809824e-02
2455085.805388 8.189656e-01 -2.360981e+00 -4.069936e-01 -5.809432e-02 -1.374299e+00 -6.065665e-01 -5.809687e-02
2455085.811508 8.189322e-01 -2.360978e+00 -4.070593e-01 -5.809294e-02 -1.374277e+00 -6.065294e-01 -5.809549e-02
2455113.852557 2.777117e+00 -2.326062e+00 -7.036531e-01 -5.128878e-02 -1.366164e+00 -4.274826e-01 -5.129228e-02
2455113.860497 3.045109e+00 -2.326046e+00 -7.037357e-01 -5.128673e-02 -1.366189e+00 -4.274344e-01 -5.129022e-02
2455113.868517 2.310000e+00 -2.326031e+00 -7.038191e-01 -5.128466e-02 -1.366214e+00 -4.273858e-01 -5.128815e-02
2455113.876567 2.106788e+00 -2.326015e+00 -7.039028e-01 -5.128258e-02 -1.366239e+00 -4.273369e-01 -5.128607e-02
2455126.775838 1.553907e+00 -2.297147e+00 -8.367625e-01 -4.786406e-02 -1.425584e+00 -3.563694e-01 -4.786779e-02
2455126.783078 1.553989e+00 -2.297128e+00 -8.368363e-01 -4.786209e-02 -1.425628e+00 -3.563346e-01 -4.786583e-02
2455126.790258 1.554070e+00 -2.297110e+00 -8.369095e-01 -4.786014e-02 -1.425672e+00 -3.563001e-01 -4.786388e-02
2455126.797488 1.417404e+00 -2.297092e+00 -8.369832e-01 -4.785818e-02 -1.425715e+00 -3.562653e-01 -4.786191e-02
2455202.594579 7.803035e-01 -1.979640e+00 -1.548785e+00 -2.498492e-02 -2.242494e+00 -6.012403e-01 -2.498660e-02
2455202.600329 4.490507e-01 -1.979607e+00 -1.548834e+00 -2.498305e-02 -2.242559e+00 -6.013156e-01 -2.498473e-02
2455202.606278 4.095699e-01 -1.979573e+00 -1.548884e+00 -2.498111e-02 -2.242625e+00 -6.013936e-01 -2.498279e-02
2455202.612048 4.491178e-01 -1.979540e+00 -1.548933e+00 -2.497923e-02 -2.242689e+00 -6.014692e-01 -2.498091e-02
2455455.961726 9.011966e-01 2.453482e-01 -2.484447e+00 5.569029e-02 1.243922e+00 -2.601123e+00 5.568696e-02
2455455.968736 1.083409e+00 2.454191e-01 -2.484434e+00 5.569203e-02 1.244005e+00 -2.600991e+00 5.568869e-02
2455455.975757 1.187860e+00 2.454900e-01 -2.484421e+00 5.569376e-02 1.244088e+00 -2.600859e+00 5.569043e-02
2455455.982757 1.187786e+00 2.455607e-01 -2.484408e+00 5.569549e-02 1.244171e+00 -2.600727e+00 5.569216e-02
2455477.960085 6.023180e-01 4.661122e-01 -2.432876e+00 6.085679e-02 1.431614e+00 -2.175689e+00 6.085198e-02
2455477.967026 1.046629e+00 4.661813e-01 -2.432856e+00 6.085833e-02 1.431651e+00 -2.175554e+00 6.085352e-02
2455477.974086 9.544628e-01 4.662515e-01 -2.432836e+00 6.085990e-02 1.431688e+00 -2.175417e+00 6.085509e-02
2455477.981137 1.046466e+00 4.663217e-01 -2.432816e+00 6.086147e-02 1.431725e+00 -2.175280e+00 6.085666e-02
2455486.953519 9.445063e-01 5.552290e-01 -2.405198e+00 6.280747e-02 1.466971e+00 -2.002763e+00 6.280207e-02
2455486.959359 6.533936e-01 5.552866e-01 -2.405179e+00 6.280871e-02 1.466987e+00 -2.002652e+00 6.280330e-02
2455486.965289 1.035486e+00 5.553451e-01 -2.405159e+00 6.280996e-02 1.467002e+00 -2.002539e+00 6.280455e-02
2455486.971150 1.364942e+00 5.554029e-01 -2.405140e+00 6.281120e-02 1.467018e+00 -2.002428e+00 6.280579e-02
2455501.978388 7.820933e-01 7.020640e-01 -2.350433e+00 6.584151e-02 1.475732e+00 -1.728701e+00 6.583523e-02
2455501.983559 6.504724e-01 7.021140e-01 -2.350412e+00 6.584251e-02 1.475725e+00 -1.728612e+00 6.583623e-02
2455501.988789 8.574303e-01 7.021646e-01 -2.350391e+00 6.584351e-02 1.475718e+00 -1.728521e+00 6.583723e-02
2455501.994020 9.400885e-01 7.022152e-01 -2.350371e+00 6.584452e-02 1.475710e+00 -1.728430e+00 6.583824e-02
2455510.950758 1.000384e+00 7.882796e-01 -2.312660e+00 6.751257e-02 1.453720e+00 -1.579244e+00 6.750590e-02
2455510.957698 1.202609e+00 7.883458e-01 -2.312629e+00 6.751382e-02 1.453695e+00 -1.579134e+00 6.750715e-02
2455510.964689 1.202492e+00 7.884125e-01 -2.312598e+00 6.751508e-02 1.453671e+00 -1.579022e+00 6.750841e-02
2455510.971710 1.202373e+00 7.884794e-01 -2.312567e+00 6.751634e-02 1.453647e+00 -1.578911e+00 6.750967e-02
1 0.5
