2	0.5	1000	 1	period_start period_step period_end fixed/free
0.0				initial epoch
0.0				initial rotation angle      
0.1				convexity weight      
3 3				degree and order of spherical harmonics      
6				number of rows        
0.5	1			scattering parameters
0.1	1
-0.5	1     
0.1	0			LS coeff                 
50				iteration stop condidion
10				minimum number of iterations (only if the above value < 1)
5				Alamda multiplicative factor
0.1				Alamda initial value
1
105 0 0.12 2005.9-2010.1 V 703_CATALINA
2453637.763496 2.328237e+00 -2.378720e+00 -4.302144e-02 -2.367333e-01 -1.375856e+00 -2.147747e-02 -2.367338e-01
2453637.770516 2.123419e+00 -2.378722e+00 -4.310019e-02 -2.367527e-01 -1.375864e+00 -2.143591e-02 -2.367531e-01
2453637.777466 1.936619e+00 -2.378725e+00 -4.317814e-02 -2.367718e-01 -1.375871e+00 -2.139477e-02 -2.367722e-01
2453637.784436 1.936657e+00 -2.378728e+00 -4.325632e-02 -2.367909e-01 -1.375879e+00 -2.135351e-02 -2.367914e-01
2453644.699342 2.184729e+00 -2.380388e+00 -1.207837e-01 -2.556803e-01 -1.389099e+00 1.918544e-02 -2.556799e-01
2453644.706491 2.184813e+00 -2.380389e+00 -1.208638e-01 -2.556997e-01 -1.389118e+00 1.922667e-02 -2.556993e-01
2453644.713581 1.992649e+00 -2.380389e+00 -1.209432e-01 -2.557190e-01 -1.389138e+00 1.926755e-02 -2.557186e-01
2453644.720661 1.657477e+00 -2.380390e+00 -1.210226e-01 -2.557382e-01 -1.389157e+00 1.930838e-02 -2.557378e-01
2453650.701851 1.571190e+00 -2.379847e+00 -1.879850e-01 -2.718652e-01 -1.409920e+00 5.293208e-02 -2.718641e-01
2453650.709951 1.433028e+00 -2.379845e+00 -1.880756e-01 -2.718869e-01 -1.409954e+00 5.297620e-02 -2.718858e-01
2453650.717981 1.571379e+00 -2.379843e+00 -1.881654e-01 -2.719085e-01 -1.409988e+00 5.301995e-02 -2.719073e-01
2453671.625759 1.623023e+00 -2.363757e+00 -4.207929e-01 -3.265821e-01 -1.547096e+00 1.450586e-01 -3.265785e-01
2453671.635658 1.350140e+00 -2.363744e+00 -4.209023e-01 -3.266074e-01 -1.547183e+00 1.450885e-01 -3.266037e-01
2453671.645518 1.024314e+00 -2.363731e+00 -4.210113e-01 -3.266325e-01 -1.547270e+00 1.451184e-01 -3.266289e-01
2453671.655397 1.024442e+00 -2.363718e+00 -4.211205e-01 -3.266576e-01 -1.547357e+00 1.451482e-01 -3.266540e-01
2453706.702103 1.157434e+00 -2.288977e+00 -8.015128e-01 -4.114507e-01 -1.952276e+00 1.251007e-01 -4.114443e-01
2453706.712353 9.628526e-01 -2.288946e+00 -8.016216e-01 -4.114741e-01 -1.952414e+00 1.250514e-01 -4.114677e-01
2453706.723072 9.629996e-01 -2.288915e+00 -8.017354e-01 -4.114986e-01 -1.952559e+00 1.249999e-01 -4.114922e-01
2453706.733071 1.269662e+00 -2.288885e+00 -8.018415e-01 -4.115214e-01 -1.952694e+00 1.249518e-01 -4.115150e-01
2453745.614098 1.758531e+00 -2.140862e+00 -1.200724e+00 -4.938076e-01 -2.471259e+00 -2.744640e-01 -4.938010e-01
2453745.621517 1.758684e+00 -2.140828e+00 -1.200797e+00 -4.938220e-01 -2.471347e+00 -2.745805e-01 -4.938154e-01
2453745.628957 1.462937e+00 -2.140794e+00 -1.200871e+00 -4.938365e-01 -2.471435e+00 -2.746974e-01 -4.938298e-01
2453745.636406 5.312065e-01 -2.140759e+00 -1.200944e+00 -4.938509e-01 -2.471524e+00 -2.748144e-01 -4.938443e-01
2454035.907904 1.140203e+00 2.663829e-01 -2.723486e+00 -6.325819e-01 1.092777e+00 -2.171423e+00 -6.325803e-01
2454035.914434 1.140133e+00 2.664469e-01 -2.723486e+00 -6.325758e-01 1.092777e+00 -2.171330e+00 -6.325743e-01
2454035.920995 9.482622e-01 2.665111e-01 -2.723487e+00 -6.325697e-01 1.092777e+00 -2.171237e+00 -6.325681e-01
2454035.927565 1.139991e+00 2.665754e-01 -2.723487e+00 -6.325636e-01 1.092776e+00 -2.171143e+00 -6.325620e-01
2454089.804834 1.357066e+00 7.856747e-01 -2.672197e+00 -5.707541e-01 8.171852e-01 -1.688875e+00 -5.707497e-01
2454089.812014 1.128714e+00 7.857424e-01 -2.672183e+00 -5.707444e-01 8.171274e-01 -1.688858e+00 -5.707400e-01
2454089.819185 1.356959e+00 7.858099e-01 -2.672170e+00 -5.707347e-01 8.170696e-01 -1.688841e+00 -5.707302e-01
2454089.826325 1.356905e+00 7.858772e-01 -2.672156e+00 -5.707250e-01 8.170121e-01 -1.688824e+00 -5.707206e-01
2454108.853466 2.029191e+00 9.631351e-01 -2.629850e+00 -5.436277e-01 6.662235e-01 -1.692402e+00 -5.436231e-01
2454108.858406 2.224960e+00 9.631806e-01 -2.629838e+00 -5.436204e-01 6.661866e-01 -1.692416e+00 -5.436158e-01
2454108.863316 1.850638e+00 9.632258e-01 -2.629825e+00 -5.436130e-01 6.661499e-01 -1.692429e+00 -5.436084e-01
2454108.868216 2.029181e+00 9.632709e-01 -2.629813e+00 -5.436057e-01 6.661133e-01 -1.692443e+00 -5.436011e-01
2454450.992267 4.764392e-01 2.773198e+00 -2.564077e-01 2.021782e-01 2.875662e+00 7.223800e-01 2.021798e-01
2454450.998408 1.091392e+00 2.773198e+00 -2.563486e-01 2.021924e-01 2.875555e+00 7.224497e-01 2.021940e-01
2454451.004488 8.278551e-01 2.773197e+00 -2.562901e-01 2.022065e-01 2.875449e+00 7.225186e-01 2.022081e-01
2454451.010629 1.196542e+00 2.773197e+00 -2.562310e-01 2.022207e-01 2.875341e+00 7.225883e-01 2.022224e-01
2454499.964585 1.281234e+00 2.723278e+00 2.163453e-01 3.116519e-01 2.040103e+00 9.267179e-01 3.116547e-01
2454499.970596 1.404736e+00 2.723266e+00 2.164032e-01 3.116648e-01 2.040015e+00 9.267038e-01 3.116675e-01
2454499.976596 1.851658e+00 2.723254e+00 2.164610e-01 3.116776e-01 2.039928e+00 9.266896e-01 3.116804e-01
2454499.982657 2.030144e+00 2.723242e+00 2.165194e-01 3.116906e-01 2.039839e+00 9.266753e-01 3.116933e-01
2454524.906256 1.482897e+00 2.662262e+00 4.552789e-01 3.635735e-01 1.737127e+00 8.091041e-01 3.635760e-01
2454524.906806 1.625953e+00 2.662260e+00 4.552841e-01 3.635746e-01 1.737121e+00 8.091005e-01 3.635771e-01
2454524.913536 1.482770e+00 2.662241e+00 4.553482e-01 3.635881e-01 1.737058e+00 8.090559e-01 3.635907e-01
2454524.914076 1.482761e+00 2.662239e+00 4.553533e-01 3.635892e-01 1.737053e+00 8.090523e-01 3.635918e-01
2454524.920726 1.625688e+00 2.662220e+00 4.554166e-01 3.636027e-01 1.736991e+00 8.090083e-01 3.636052e-01
2454524.921276 1.352180e+00 2.662218e+00 4.554218e-01 3.636038e-01 1.736986e+00 8.090046e-01 3.636063e-01
2454524.927927 1.954342e+00 2.662199e+00 4.554851e-01 3.636172e-01 1.736924e+00 8.089606e-01 3.636198e-01
2454524.928467 1.025647e+00 2.662197e+00 4.554902e-01 3.636183e-01 1.736919e+00 8.089570e-01 3.636208e-01
2454530.900237 1.263757e+00 2.643992e+00 5.121661e-01 3.755789e-01 1.685454e+00 7.675317e-01 3.755814e-01
2454530.907187 1.263662e+00 2.643970e+00 5.122319e-01 3.755927e-01 1.685399e+00 7.674815e-01 3.755952e-01
2454530.914167 1.385473e+00 2.643948e+00 5.122980e-01 3.756066e-01 1.685345e+00 7.674311e-01 3.756090e-01
2454530.921168 1.263470e+00 2.643926e+00 5.123643e-01 3.756205e-01 1.685289e+00 7.673806e-01 3.756230e-01
2454554.839995 2.603029e+00 2.557091e+00 7.363485e-01 4.214713e-01 1.570566e+00 5.818211e-01 4.214730e-01
2454554.847216 2.602932e+00 2.557061e+00 7.364152e-01 4.214846e-01 1.570553e+00 5.817647e-01 4.214863e-01
2454554.854496 2.164945e+00 2.557031e+00 7.364825e-01 4.214980e-01 1.570541e+00 5.817078e-01 4.214998e-01
2454570.751037 1.436865e+00 2.487058e+00 8.819408e-01 4.499806e-01 1.574673e+00 4.650680e-01 4.499817e-01
2454570.756987 1.894155e+00 2.487030e+00 8.819947e-01 4.499910e-01 1.574686e+00 4.650284e-01 4.499921e-01
2454570.762937 1.727490e+00 2.487002e+00 8.820485e-01 4.500013e-01 1.574699e+00 4.649887e-01 4.500024e-01
2454570.768907 1.894154e+00 2.486974e+00 8.821026e-01 4.500117e-01 1.574712e+00 4.649490e-01 4.500128e-01
2454583.744382 1.941107e+00 2.422661e+00 9.983053e-01 4.719644e-01 1.621205e+00 3.891832e-01 4.719650e-01
2454583.750272 1.472513e+00 2.422631e+00 9.983575e-01 4.719741e-01 1.621234e+00 3.891543e-01 4.719747e-01
2454583.756172 1.770389e+00 2.422600e+00 9.984097e-01 4.719838e-01 1.621263e+00 3.891254e-01 4.719844e-01
2454583.762062 1.343006e+00 2.422569e+00 9.984619e-01 4.719935e-01 1.621292e+00 3.890965e-01 4.719941e-01
2455039.899275 1.431347e+00 -1.918951e+00 1.286347e+00 1.279145e-01 -1.345762e+00 4.480794e-01 1.279143e-01
2455039.907935 1.085699e+00 -1.919010e+00 1.286266e+00 1.278893e-01 -1.345700e+00 4.480820e-01 1.278892e-01
2455039.916686 9.900870e-01 -1.919069e+00 1.286184e+00 1.278639e-01 -1.345638e+00 4.480847e-01 1.278637e-01
2455039.925446 9.900049e-01 -1.919129e+00 1.286102e+00 1.278384e-01 -1.345575e+00 4.480873e-01 1.278383e-01
2455069.793645 1.952036e+00 -2.100752e+00 9.942967e-01 4.000629e-02 -1.199911e+00 5.363952e-01 4.000452e-02
2455069.801765 1.780285e+00 -2.100796e+00 9.942143e-01 3.998222e-02 -1.199894e+00 5.364367e-01 3.998045e-02
2455069.810045 2.140381e+00 -2.100840e+00 9.941302e-01 3.995766e-02 -1.199876e+00 5.364791e-01 3.995589e-02
2455069.818375 2.573313e+00 -2.100885e+00 9.940456e-01 3.993296e-02 -1.199858e+00 5.365217e-01 3.993119e-02
2455073.777013 2.150954e+00 -2.121703e+00 9.536571e-01 2.818797e-02 -1.192994e+00 5.575886e-01 2.818600e-02
2455073.777623 1.961695e+00 -2.121706e+00 9.536509e-01 2.818616e-02 -1.192993e+00 5.575920e-01 2.818419e-02
2455073.787343 1.961734e+00 -2.121756e+00 9.535513e-01 2.815731e-02 -1.192980e+00 5.576456e-01 2.815533e-02
2455073.787903 2.151002e+00 -2.121759e+00 9.535455e-01 2.815564e-02 -1.192980e+00 5.576486e-01 2.815367e-02
2455073.797782 2.358574e+00 -2.121810e+00 9.534443e-01 2.812632e-02 -1.192967e+00 5.577031e-01 2.812434e-02
2455073.798402 2.358577e+00 -2.121813e+00 9.534379e-01 2.812448e-02 -1.192966e+00 5.577066e-01 2.812250e-02
2455073.808742 2.586184e+00 -2.121866e+00 9.533320e-01 2.809378e-02 -1.192953e+00 5.577636e-01 2.809181e-02
2455084.710563 1.421266e+00 -2.175123e+00 8.403392e-01 -4.290010e-03 -1.192040e+00 6.224107e-01 -4.292510e-03
2455084.715993 1.558440e+00 -2.175148e+00 8.402823e-01 -4.306140e-03 -1.192047e+00 6.224447e-01 -4.308640e-03
2455084.721413 1.708855e+00 -2.175173e+00 8.402256e-01 -4.322250e-03 -1.192053e+00 6.224786e-01 -4.324740e-03
2455084.726803 1.873786e+00 -2.175198e+00 8.401691e-01 -4.338260e-03 -1.192059e+00 6.225123e-01 -4.340760e-03
2455095.687368 1.179208e+00 -2.222654e+00 7.242175e-01 -3.688458e-02 -1.219153e+00 6.926894e-01 -3.688754e-02
2455095.693958 1.179285e+00 -2.222681e+00 7.241471e-01 -3.690413e-02 -1.219178e+00 6.927319e-01 -3.690708e-02
2455095.700558 1.179362e+00 -2.222708e+00 7.240767e-01 -3.692371e-02 -1.219203e+00 6.927745e-01 -3.692666e-02
2455095.707328 1.418000e+00 -2.222735e+00 7.240044e-01 -3.694379e-02 -1.219228e+00 6.928182e-01 -3.694675e-02
2455101.658180 1.377694e+00 -2.245913e+00 6.601724e-01 -5.457956e-02 -1.246091e+00 7.309219e-01 -5.458272e-02
2455101.665490 1.146011e+00 -2.245940e+00 6.600936e-01 -5.460120e-02 -1.246130e+00 7.309681e-01 -5.460436e-02
2455101.672899 1.991707e+00 -2.245968e+00 6.600138e-01 -5.462314e-02 -1.246168e+00 7.310150e-01 -5.462629e-02
2455101.680239 1.510990e+00 -2.245996e+00 6.599347e-01 -5.464486e-02 -1.246207e+00 7.310614e-01 -5.464802e-02
2455157.549402 1.082733e+00 -2.373494e+00 4.193153e-02 -2.161548e-01 -1.875555e+00 8.949666e-01 -2.161584e-01
2455157.556031 9.006599e-01 -2.373499e+00 4.185717e-02 -2.161733e-01 -1.875661e+00 8.949493e-01 -2.161769e-01
2455157.562721 9.007422e-01 -2.373504e+00 4.178214e-02 -2.161920e-01 -1.875768e+00 8.949318e-01 -2.161956e-01
2455157.569280 1.302085e+00 -2.373510e+00 4.170857e-02 -2.162103e-01 -1.875873e+00 8.949147e-01 -2.162139e-01
2455180.585631 1.750026e+00 -2.378807e+00 -2.162321e-01 -2.790532e-01 -2.260318e+00 7.608950e-01 -2.790560e-01
2455180.591860 1.327629e+00 -2.378805e+00 -2.163017e-01 -2.790698e-01 -2.260424e+00 7.608379e-01 -2.790726e-01
2455180.598140 1.104357e+00 -2.378802e+00 -2.163719e-01 -2.790865e-01 -2.260531e+00 7.607803e-01 -2.790894e-01
2455180.604379 1.007261e+00 -2.378800e+00 -2.164416e-01 -2.791032e-01 -2.260637e+00 7.607231e-01 -2.791060e-01
2455202.556469 1.543918e+00 -2.358870e+00 -4.602064e-01 -3.361149e-01 -2.621082e+00 4.875162e-01 -3.361166e-01
2455202.561849 1.408147e+00 -2.358862e+00 -4.602657e-01 -3.361285e-01 -2.621165e+00 4.874319e-01 -3.361302e-01
2455202.567338 1.171311e+00 -2.358854e+00 -4.603261e-01 -3.361424e-01 -2.621250e+00 4.873458e-01 -3.361441e-01
2455202.572808 1.408303e+00 -2.358846e+00 -4.603864e-01 -3.361562e-01 -2.621334e+00 4.872601e-01 -3.361579e-01
1 0.5
