2	0.5	1000	 1	period_start period_step period_end fixed/free
0.0				initial epoch
0.0				initial rotation angle      
0.1				convexity weight      
3 3				degree and order of spherical harmonics      
6				number of rows        
0.5	1			scattering parameters
0.1	1
-0.5	1     
0.1	0			LS coeff                 
50				iteration stop condidion
10				minimum number of iterations (only if the above value < 1)
5				Alamda multiplicative factor
0.1				Alamda initial value
1
112 0 0.12 2006.9-2010.11 V 703_CATALINA
2453995.857390 1.874728e+00 -2.221074e+00 -7.440994e-01 -5.163537e-01 -1.221041e+00 -8.451064e-01 -5.163555e-01
2453995.867051 1.874510e+00 -2.221027e+00 -7.441996e-01 -5.163513e-01 -1.220980e+00 -8.450420e-01 -5.163531e-01
2453995.876761 2.055120e+00 -2.220980e+00 -7.443004e-01 -5.163489e-01 -1.220919e+00 -8.449771e-01 -5.163507e-01
2453995.886512 1.874073e+00 -2.220932e+00 -7.444016e-01 -5.163465e-01 -1.220858e+00 -8.449121e-01 -5.163483e-01
2453997.766073 1.832818e+00 -2.211727e+00 -7.638780e-01 -5.158588e-01 -1.209461e+00 -8.322891e-01 -5.158605e-01
2453997.776623 2.009398e+00 -2.211675e+00 -7.639872e-01 -5.158559e-01 -1.209400e+00 -8.322178e-01 -5.158576e-01
2453997.787184 1.832366e+00 -2.211623e+00 -7.640965e-01 -5.158531e-01 -1.209338e+00 -8.321465e-01 -5.158548e-01
2453997.797794 2.008901e+00 -2.211570e+00 -7.642062e-01 -5.158502e-01 -1.209276e+00 -8.320749e-01 -5.158519e-01
2454003.755189 2.061409e+00 -2.181276e+00 -8.255419e-01 -5.140431e-01 -1.178931e+00 -7.913615e-01 -5.140443e-01
2454003.763269 1.879868e+00 -2.181233e+00 -8.256246e-01 -5.140404e-01 -1.178896e+00 -7.913059e-01 -5.140416e-01
2454003.771359 1.879708e+00 -2.181191e+00 -8.257075e-01 -5.140377e-01 -1.178860e+00 -7.912502e-01 -5.140388e-01
2454003.779430 1.879548e+00 -2.181149e+00 -8.257902e-01 -5.140350e-01 -1.178825e+00 -7.911946e-01 -5.140361e-01
2454010.866332 2.313132e+00 -2.142913e+00 -8.979194e-01 -5.113670e-01 -1.154155e+00 -7.424825e-01 -5.113675e-01
2454010.876312 2.109416e+00 -2.142857e+00 -8.980203e-01 -5.113628e-01 -1.154128e+00 -7.424144e-01 -5.113634e-01
2454010.886243 2.109231e+00 -2.142802e+00 -8.981207e-01 -5.113587e-01 -1.154103e+00 -7.423467e-01 -5.113592e-01
2454010.896193 2.109046e+00 -2.142747e+00 -8.982213e-01 -5.113545e-01 -1.154077e+00 -7.422789e-01 -5.113551e-01
2454027.748534 2.743984e+00 -2.042334e+00 -1.065586e+00 -5.027323e-01 -1.144203e+00 -6.348555e-01 -5.027314e-01
2454027.757114 2.743903e+00 -2.042280e+00 -1.065670e+00 -5.027271e-01 -1.144214e+00 -6.348065e-01 -5.027262e-01
2454027.765704 2.502396e+00 -2.042225e+00 -1.065754e+00 -5.027219e-01 -1.144226e+00 -6.347575e-01 -5.027209e-01
2454027.774314 2.502322e+00 -2.042171e+00 -1.065838e+00 -5.027166e-01 -1.144238e+00 -6.347084e-01 -5.027157e-01
2454035.722466 2.462575e+00 -1.990241e+00 -1.142473e+00 -4.975308e-01 -1.162027e+00 -5.930529e-01 -4.975292e-01
2454035.728946 2.462565e+00 -1.990198e+00 -1.142534e+00 -4.975262e-01 -1.162047e+00 -5.930223e-01 -4.975247e-01
2454035.735446 2.462556e+00 -1.990154e+00 -1.142596e+00 -4.975217e-01 -1.162067e+00 -5.929915e-01 -4.975201e-01
2454035.741936 2.462547e+00 -1.990110e+00 -1.142658e+00 -4.975172e-01 -1.162087e+00 -5.929608e-01 -4.975156e-01
2454054.677174 2.152886e+00 -1.854892e+00 -1.318329e+00 -4.822650e-01 -1.253564e+00 -5.329040e-01 -4.822620e-01
2454054.683724 2.360678e+00 -1.854843e+00 -1.318388e+00 -4.822590e-01 -1.253606e+00 -5.328948e-01 -4.822560e-01
2454054.690244 2.153043e+00 -1.854794e+00 -1.318447e+00 -4.822530e-01 -1.253647e+00 -5.328857e-01 -4.822501e-01
2454054.696794 2.360850e+00 -1.854744e+00 -1.318506e+00 -4.822470e-01 -1.253689e+00 -5.328766e-01 -4.822441e-01
2454061.703024 2.054685e+00 -1.800705e+00 -1.380780e+00 -4.755704e-01 -1.301614e+00 -5.284392e-01 -4.755670e-01
2454061.711694 1.874013e+00 -1.800637e+00 -1.380856e+00 -4.755618e-01 -1.301677e+00 -5.284405e-01 -4.755585e-01
2454061.720323 2.253202e+00 -1.800569e+00 -1.380932e+00 -4.755532e-01 -1.301740e+00 -5.284418e-01 -4.755499e-01
2454061.728953 2.055074e+00 -1.800501e+00 -1.381007e+00 -4.755447e-01 -1.301802e+00 -5.284431e-01 -4.755413e-01
2454094.668783 1.624954e+00 -1.519078e+00 -1.650760e+00 -4.367788e-01 -1.572580e+00 -6.686876e-01 -4.367743e-01
2454094.679242 1.482144e+00 -1.518982e+00 -1.650839e+00 -4.367646e-01 -1.572667e+00 -6.687771e-01 -4.367601e-01
2454094.689711 1.482312e+00 -1.518885e+00 -1.650918e+00 -4.367504e-01 -1.572753e+00 -6.688668e-01 -4.367458e-01
2454094.700151 1.782333e+00 -1.518789e+00 -1.650997e+00 -4.367362e-01 -1.572840e+00 -6.689562e-01 -4.367317e-01
2454117.655392 1.313177e+00 -1.298175e+00 -1.813243e+00 -4.027413e-01 -1.737757e+00 -9.331757e-01 -4.027368e-01
2454117.661882 1.578893e+00 -1.298110e+00 -1.813286e+00 -4.027309e-01 -1.737794e+00 -9.332686e-01 -4.027264e-01
2454117.668371 1.440065e+00 -1.298045e+00 -1.813328e+00 -4.027205e-01 -1.737831e+00 -9.333615e-01 -4.027160e-01
2454117.675051 1.440166e+00 -1.297978e+00 -1.813372e+00 -4.027098e-01 -1.737869e+00 -9.334571e-01 -4.027053e-01
2454128.629800 1.610171e+00 -1.186404e+00 -1.882391e+00 -3.845624e-01 -1.788707e+00 -1.103277e+00 -3.845582e-01
2454128.634640 1.468564e+00 -1.186354e+00 -1.882420e+00 -3.845541e-01 -1.788724e+00 -1.103358e+00 -3.845499e-01
2454128.639469 1.610325e+00 -1.186304e+00 -1.882450e+00 -3.845459e-01 -1.788741e+00 -1.103438e+00 -3.845417e-01
2454128.644289 1.610402e+00 -1.186254e+00 -1.882479e+00 -3.845376e-01 -1.788758e+00 -1.103518e+00 -3.845334e-01
2454140.575700 1.978939e+00 -1.060576e+00 -1.951032e+00 -3.634231e-01 -1.814363e+00 -1.314594e+00 -3.634193e-01
2454140.594968 1.805133e+00 -1.060370e+00 -1.951137e+00 -3.633879e-01 -1.814376e+00 -1.314954e+00 -3.633841e-01
2454152.613023 1.522258e+00 -9.298129e-01 -2.012885e+00 -3.407604e-01 -1.802829e+00 -1.548409e+00 -3.407573e-01
2454152.617823 1.669190e+00 -9.297600e-01 -2.012908e+00 -3.407512e-01 -1.802817e+00 -1.548506e+00 -3.407480e-01
2454152.622653 1.830304e+00 -9.297068e-01 -2.012932e+00 -3.407418e-01 -1.802804e+00 -1.548603e+00 -3.407386e-01
2454152.627462 1.669325e+00 -9.296538e-01 -2.012955e+00 -3.407325e-01 -1.802791e+00 -1.548699e+00 -3.407293e-01
2454158.584279 1.598944e+00 -8.636074e-01 -2.040750e+00 -3.290335e-01 -1.781707e+00 -1.669717e+00 -3.290307e-01
2454158.588319 2.107887e+00 -8.635624e-01 -2.040768e+00 -3.290255e-01 -1.781689e+00 -1.669800e+00 -3.290227e-01
2454158.592368 1.753321e+00 -8.635172e-01 -2.040786e+00 -3.290174e-01 -1.781671e+00 -1.669883e+00 -3.290146e-01
2454158.596408 1.922541e+00 -8.634721e-01 -2.040805e+00 -3.290094e-01 -1.781653e+00 -1.669966e+00 -3.290066e-01
2454392.971790 1.473645e+00 1.724864e+00 -1.548310e+00 2.453279e-01 2.623264e+00 -1.118126e+00 2.453267e-01
2454392.976111 1.771674e+00 1.724900e+00 -1.548275e+00 2.453379e-01 2.623266e+00 -1.118025e+00 2.453367e-01
2454392.980471 1.473583e+00 1.724936e+00 -1.548241e+00 2.453481e-01 2.623269e+00 -1.117922e+00 2.453468e-01
2454392.984851 1.942519e+00 1.724973e+00 -1.548206e+00 2.453582e-01 2.623272e+00 -1.117820e+00 2.453570e-01
2454409.997126 2.333392e+00 1.861080e+00 -1.407733e+00 2.839506e-01 2.591215e+00 -7.368983e-01 2.839503e-01
2454409.999886 2.333353e+00 1.861102e+00 -1.407709e+00 2.839567e-01 2.591203e+00 -7.368400e-01 2.839564e-01
2454416.008176 1.417677e+00 1.906268e+00 -1.355818e+00 2.971498e-01 2.560870e+00 -6.130387e-01 2.971497e-01
2454416.011556 1.554418e+00 1.906293e+00 -1.355789e+00 2.971571e-01 2.560850e+00 -6.129709e-01 2.971571e-01
2454416.014887 1.554384e+00 1.906318e+00 -1.355759e+00 2.971644e-01 2.560831e+00 -6.129042e-01 2.971644e-01
2454416.018177 1.292852e+00 1.906342e+00 -1.355731e+00 2.971715e-01 2.560812e+00 -6.128383e-01 2.971715e-01
2454450.962372 1.300440e+00 2.137636e+00 -1.033723e+00 3.688535e-01 2.240620e+00 -5.498760e-02 3.688551e-01
2454450.969073 1.300362e+00 2.137675e+00 -1.033659e+00 3.688664e-01 2.240543e+00 -5.491132e-02 3.688680e-01
2454450.975763 1.714109e+00 2.137714e+00 -1.033594e+00 3.688792e-01 2.240465e+00 -5.483517e-02 3.688808e-01
2454450.982483 1.563193e+00 2.137754e+00 -1.033529e+00 3.688921e-01 2.240388e+00 -5.475868e-02 3.688938e-01
2454499.943584 1.876591e+00 2.368094e+00 -5.393079e-01 4.529877e-01 1.685186e+00 1.713165e-01 4.529904e-01
2454499.950124 1.711375e+00 2.368118e+00 -5.392396e-01 4.529976e-01 1.685126e+00 1.713064e-01 4.530003e-01
2454499.956704 1.711278e+00 2.368141e+00 -5.391708e-01 4.530075e-01 1.685067e+00 1.712962e-01 4.530102e-01
2454499.963195 1.876275e+00 2.368164e+00 -5.391030e-01 4.530173e-01 1.685007e+00 1.712862e-01 4.530200e-01
2454526.874572 2.519678e+00 2.447395e+00 -2.548986e-01 4.903077e-01 1.510158e+00 6.696807e-02 4.903102e-01
2454526.881582 2.519627e+00 2.447411e+00 -2.548240e-01 4.903165e-01 1.510133e+00 6.692821e-02 4.903191e-01
2454526.888642 2.519575e+00 2.447428e+00 -2.547488e-01 4.903254e-01 1.510108e+00 6.688806e-02 4.903280e-01
2454526.895662 2.297834e+00 2.447444e+00 -2.546740e-01 4.903343e-01 1.510083e+00 6.684814e-02 4.903368e-01
2454532.814437 2.730153e+00 2.460389e+00 -1.915607e-01 4.976484e-01 1.493369e+00 3.172333e-02 4.976508e-01
2454532.822997 2.489906e+00 2.460406e+00 -1.914693e-01 4.976587e-01 1.493351e+00 3.167066e-02 4.976611e-01
2454532.831517 2.489883e+00 2.460424e+00 -1.913784e-01 4.976690e-01 1.493334e+00 3.161823e-02 4.976714e-01
2454532.840057 2.070977e+00 2.460441e+00 -1.912872e-01 4.976794e-01 1.493316e+00 3.156568e-02 4.976817e-01
2454539.783030 2.731650e+00 2.473581e+00 -1.170986e-01 5.058450e-01 1.484789e+00 -1.242832e-02 5.058472e-01
2454539.790040 2.731674e+00 2.473593e+00 -1.170237e-01 5.058530e-01 1.484786e+00 -1.247374e-02 5.058553e-01
2454539.797020 3.284222e+00 2.473605e+00 -1.169490e-01 5.058610e-01 1.484784e+00 -1.251896e-02 5.058632e-01
2454539.804010 2.731721e+00 2.473617e+00 -1.168743e-01 5.058690e-01 1.484781e+00 -1.256425e-02 5.058712e-01
2454556.697465 2.432067e+00 2.496479e+00 6.394816e-02 5.238658e-01 1.514883e+00 -1.221857e-01 5.238674e-01
2454556.709405 2.432261e+00 2.496491e+00 6.407595e-02 5.238775e-01 1.514929e+00 -1.222605e-01 5.238792e-01
2454556.716655 2.432379e+00 2.496498e+00 6.415355e-02 5.238847e-01 1.514958e+00 -1.223059e-01 5.238864e-01
2454556.723805 2.432495e+00 2.496505e+00 6.423008e-02 5.238917e-01 1.514986e+00 -1.223507e-01 5.238934e-01
2454565.739495 2.382708e+00 2.503485e+00 1.606559e-01 5.324050e-01 1.560079e+00 -1.760336e-01 5.324064e-01
2454565.745525 2.382839e+00 2.503489e+00 1.607204e-01 5.324105e-01 1.560115e+00 -1.760672e-01 5.324118e-01
2454565.751575 2.173293e+00 2.503492e+00 1.607850e-01 5.324159e-01 1.560152e+00 -1.761010e-01 5.324172e-01
2454565.757674 2.383101e+00 2.503496e+00 1.608502e-01 5.324214e-01 1.560189e+00 -1.761350e-01 5.324227e-01
2455358.919939 1.740219e+00 -2.446875e+00 7.133387e-01 -4.562152e-01 -2.618876e+00 -2.873402e-01 -4.562112e-01
2455358.925609 2.092071e+00 -2.446883e+00 7.132792e-01 -4.562212e-01 -2.618790e+00 -2.874166e-01 -4.562172e-01
2455358.931409 1.907870e+00 -2.446891e+00 7.132183e-01 -4.562273e-01 -2.618701e+00 -2.874948e-01 -4.562233e-01
2455358.937240 1.907747e+00 -2.446899e+00 7.131571e-01 -4.562334e-01 -2.618612e+00 -2.875733e-01 -4.562295e-01
2455477.767089 2.396364e+00 -2.297825e+00 -5.693479e-01 -5.187823e-01 -1.331420e+00 -3.153585e-01 -5.187871e-01
2455477.774059 2.396329e+00 -2.297797e+00 -5.694219e-01 -5.187818e-01 -1.331424e+00 -3.153170e-01 -5.187867e-01
2455477.781059 2.396293e+00 -2.297769e+00 -5.694962e-01 -5.187814e-01 -1.331428e+00 -3.152752e-01 -5.187862e-01
2455477.787979 2.627444e+00 -2.297741e+00 -5.695696e-01 -5.187810e-01 -1.331433e+00 -3.152340e-01 -5.187858e-01
2455486.737699 2.383926e+00 -2.259766e+00 -6.640360e-01 -5.177726e-01 -1.346471e+00 -2.649864e-01 -5.177780e-01
2455486.741819 2.866120e+00 -2.259748e+00 -6.640793e-01 -5.177720e-01 -1.346482e+00 -2.649650e-01 -5.177774e-01
2455486.745969 2.613942e+00 -2.259729e+00 -6.641228e-01 -5.177713e-01 -1.346493e+00 -2.649434e-01 -5.177767e-01
2455486.750049 2.613952e+00 -2.259711e+00 -6.641656e-01 -5.177706e-01 -1.346504e+00 -2.649221e-01 -5.177760e-01
2455498.635990 2.248299e+00 -2.203372e+00 -7.878601e-01 -5.150748e-01 -1.394075e+00 -2.117621e-01 -5.150809e-01
2455498.642829 2.050537e+00 -2.203337e+00 -7.879307e-01 -5.150728e-01 -1.394111e+00 -2.117372e-01 -5.150789e-01
2455498.649689 2.050601e+00 -2.203303e+00 -7.880014e-01 -5.150708e-01 -1.394147e+00 -2.117122e-01 -5.150769e-01
2455498.656529 2.248511e+00 -2.203268e+00 -7.880720e-01 -5.150688e-01 -1.394183e+00 -2.116874e-01 -5.150749e-01
2455505.660107 2.131055e+00 -2.166921e+00 -8.598692e-01 -5.127472e-01 -1.435521e+00 -1.903100e-01 -5.127536e-01
2455505.665747 2.131131e+00 -2.166891e+00 -8.599266e-01 -5.127451e-01 -1.435557e+00 -1.902963e-01 -5.127516e-01
2455505.671407 2.131207e+00 -2.166861e+00 -8.599843e-01 -5.127430e-01 -1.435594e+00 -1.902825e-01 -5.127495e-01
2455505.677147 1.943756e+00 -2.166830e+00 -8.600428e-01 -5.127409e-01 -1.435632e+00 -1.902685e-01 -5.127473e-01
1 0.5
