2	0.5	1000	 1	period_start period_step period_end fixed/free
0.0				initial epoch
0.0				initial rotation angle      
0.1				convexity weight      
3 3				degree and order of spherical harmonics      
6				number of rows        
0.5	1			scattering parameters
0.1	1
-0.5	1     
0.1	0			LS coeff                 
50				iteration stop condidion
10				minimum number of iterations (only if the above value < 1)
5				Alamda multiplicative factor
0.1				Alamda initial value
1
99 0 0.12 2006.9-2010.11 V 703_CATALINA
2453997.769690 2.965941e+00 -2.021700e+00 -1.033391e+00 -4.190629e-01 -1.019431e+00 -1.101741e+00 -4.190646e-01
2453997.780260 2.965537e+00 -2.021636e+00 -1.033502e+00 -4.190541e-01 -1.019357e+00 -1.101670e+00 -4.190558e-01
2453997.790831 2.965133e+00 -2.021572e+00 -1.033612e+00 -4.190453e-01 -1.019284e+00 -1.101599e+00 -4.190469e-01
2453997.801172 2.964738e+00 -2.021509e+00 -1.033719e+00 -4.190366e-01 -1.019212e+00 -1.101530e+00 -4.190383e-01
2454010.869158 3.044460e+00 -1.938036e+00 -1.167635e+00 -4.072551e-01 -9.492866e-01 -1.012150e+00 -4.072556e-01
2454010.879128 3.337816e+00 -1.937970e+00 -1.167736e+00 -4.072454e-01 -9.492492e-01 -1.012082e+00 -4.072460e-01
2454010.889059 3.043791e+00 -1.937903e+00 -1.167836e+00 -4.072358e-01 -9.492121e-01 -1.012014e+00 -4.072363e-01
2454010.899019 3.337084e+00 -1.937836e+00 -1.167936e+00 -4.072262e-01 -9.491748e-01 -1.011946e+00 -4.072267e-01
2454037.827683 3.946603e+00 -1.740717e+00 -1.427898e+00 -3.776434e-01 -9.336632e-01 -8.488060e-01 -3.776417e-01
2454037.831963 3.599299e+00 -1.740683e+00 -1.427937e+00 -3.776382e-01 -9.336734e-01 -8.487859e-01 -3.776364e-01
2454037.836263 3.946502e+00 -1.740649e+00 -1.427976e+00 -3.776329e-01 -9.336837e-01 -8.487656e-01 -3.776311e-01
2454037.840553 3.946451e+00 -1.740615e+00 -1.428016e+00 -3.776276e-01 -9.336939e-01 -8.487455e-01 -3.776259e-01
2454054.712050 3.966704e+00 -1.600931e+00 -1.578085e+00 -3.555968e-01 -1.000089e+00 -7.922969e-01 -3.555938e-01
2454054.718620 3.966797e+00 -1.600874e+00 -1.578141e+00 -3.555877e-01 -1.000124e+00 -7.922850e-01 -3.555847e-01
2454054.725170 3.966890e+00 -1.600818e+00 -1.578197e+00 -3.555786e-01 -1.000159e+00 -7.922731e-01 -3.555757e-01
2454054.731760 3.617933e+00 -1.600761e+00 -1.578254e+00 -3.555695e-01 -1.000194e+00 -7.922612e-01 -3.555666e-01
2454061.750271 3.413524e+00 -1.539226e+00 -1.637423e+00 -3.456471e-01 -1.040850e+00 -7.846746e-01 -3.456437e-01
2454061.761921 3.413765e+00 -1.539122e+00 -1.637519e+00 -3.456302e-01 -1.040922e+00 -7.846707e-01 -3.456269e-01
2454061.773541 3.414005e+00 -1.539019e+00 -1.637616e+00 -3.456134e-01 -1.040995e+00 -7.846670e-01 -3.456101e-01
2454061.785250 3.414247e+00 -1.538914e+00 -1.637713e+00 -3.455965e-01 -1.041068e+00 -7.846632e-01 -3.455932e-01
2454110.638248 2.800494e+00 -1.062001e+00 -1.989328e+00 -2.653505e-01 -1.388534e+00 -1.061730e+00 -2.653459e-01
2454110.645228 2.554315e+00 -1.061928e+00 -1.989371e+00 -2.653378e-01 -1.388576e+00 -1.061813e+00 -2.653332e-01
2454110.652227 2.554551e+00 -1.061854e+00 -1.989413e+00 -2.653250e-01 -1.388618e+00 -1.061895e+00 -2.653204e-01
2454110.659217 2.554786e+00 -1.061781e+00 -1.989455e+00 -2.653123e-01 -1.388660e+00 -1.061978e+00 -2.653077e-01
2454116.702048 2.098231e+00 -9.977224e-01 -2.024992e+00 -2.541682e-01 -1.422303e+00 -1.137659e+00 -2.541637e-01
2454116.708648 2.300865e+00 -9.976519e-01 -2.025030e+00 -2.541559e-01 -1.422337e+00 -1.137746e+00 -2.541514e-01
2454116.715367 2.301067e+00 -9.975802e-01 -2.025068e+00 -2.541434e-01 -1.422371e+00 -1.137835e+00 -2.541389e-01
2454116.722197 2.301273e+00 -9.975073e-01 -2.025107e+00 -2.541307e-01 -1.422406e+00 -1.137925e+00 -2.541262e-01
2454140.601965 2.589412e+00 -7.359519e-01 -2.147007e+00 -2.079031e-01 -1.490038e+00 -1.510917e+00 -2.078993e-01
2454140.608374 2.589612e+00 -7.358801e-01 -2.147036e+00 -2.078903e-01 -1.490039e+00 -1.511030e+00 -2.078865e-01
2454140.614814 2.154113e+00 -7.358080e-01 -2.147065e+00 -2.078774e-01 -1.490040e+00 -1.511144e+00 -2.078736e-01
2454140.621263 2.362122e+00 -7.357358e-01 -2.147094e+00 -2.078645e-01 -1.490041e+00 -1.511258e+00 -2.078607e-01
2454147.614360 2.813470e+00 -6.569771e-01 -2.177050e+00 -1.937336e-01 -1.484914e+00 -1.638203e+00 -1.937302e-01
2454147.621390 2.813700e+00 -6.568975e-01 -2.177079e+00 -1.937193e-01 -1.484903e+00 -1.638334e+00 -1.937158e-01
2454147.628419 3.085411e+00 -6.568180e-01 -2.177108e+00 -1.937050e-01 -1.484891e+00 -1.638464e+00 -1.937015e-01
2454147.635439 2.814159e+00 -6.567385e-01 -2.177137e+00 -1.936907e-01 -1.484879e+00 -1.638595e+00 -1.936872e-01
2454157.591948 2.618993e+00 -5.432471e-01 -2.215199e+00 -1.731684e-01 -1.454534e+00 -1.828329e+00 -1.731656e-01
2454157.599198 2.619201e+00 -5.431639e-01 -2.215224e+00 -1.731533e-01 -1.454502e+00 -1.828470e+00 -1.731505e-01
2454157.606417 2.619408e+00 -5.430811e-01 -2.215250e+00 -1.731383e-01 -1.454470e+00 -1.828611e+00 -1.731354e-01
2454157.613657 2.619615e+00 -5.429981e-01 -2.215276e+00 -1.731232e-01 -1.454437e+00 -1.828751e+00 -1.731203e-01
2454392.970265 2.594779e+00 1.963546e+00 -1.645682e+00 3.242229e-01 2.861957e+00 -1.215521e+00 3.242217e-01
2454392.974585 1.795116e+00 1.963580e+00 -1.645650e+00 3.242305e-01 2.861958e+00 -1.215423e+00 3.242292e-01
2454392.978946 2.158165e+00 1.963615e+00 -1.645619e+00 3.242381e-01 2.861959e+00 -1.215324e+00 3.242369e-01
2454392.983326 2.844965e+00 1.963649e+00 -1.645587e+00 3.242457e-01 2.861960e+00 -1.215224e+00 3.242445e-01
2454416.006683 2.312089e+00 2.137584e+00 -1.471309e+00 3.629695e-01 2.792205e+00 -7.285466e-01 3.629695e-01
2454416.010064 2.535104e+00 2.137608e+00 -1.471283e+00 3.629750e-01 2.792185e+00 -7.284818e-01 3.629749e-01
2454416.013394 1.923035e+00 2.137632e+00 -1.471256e+00 3.629804e-01 2.792165e+00 -7.284179e-01 3.629803e-01
2454416.016684 2.311953e+00 2.137655e+00 -1.471230e+00 3.629857e-01 2.792145e+00 -7.283548e-01 3.629856e-01
2454425.994343 1.647438e+00 2.207281e+00 -1.391592e+00 3.787954e-01 2.720902e+00 -5.477281e-01 3.787959e-01
2454425.997083 1.502454e+00 2.207300e+00 -1.391570e+00 3.787997e-01 2.720879e+00 -5.476816e-01 3.788002e-01
2454425.999863 1.806313e+00 2.207319e+00 -1.391548e+00 3.788040e-01 2.720857e+00 -5.476344e-01 3.788045e-01
2454426.002623 2.610869e+00 2.207338e+00 -1.391525e+00 3.788083e-01 2.720834e+00 -5.475875e-01 3.788088e-01
2454450.960443 2.165233e+00 2.365878e+00 -1.182892e+00 4.156609e-01 2.468896e+00 -2.041592e-01 4.156625e-01
2454450.967134 1.974607e+00 2.365918e+00 -1.182834e+00 4.156702e-01 2.468819e+00 -2.040900e-01 4.156719e-01
2454450.973824 1.974498e+00 2.365957e+00 -1.182777e+00 4.156796e-01 2.468742e+00 -2.040209e-01 4.156812e-01
2454450.980545 2.602750e+00 2.365997e+00 -1.182719e+00 4.156890e-01 2.468665e+00 -2.039514e-01 4.156906e-01
2454524.855272 3.530894e+00 2.701438e+00 -5.080602e-01 5.009522e-01 1.776631e+00 -1.534126e-01 5.009548e-01
2454524.863562 3.220173e+00 2.701464e+00 -5.079813e-01 5.009598e-01 1.776604e+00 -1.534674e-01 5.009623e-01
2454524.871823 3.220135e+00 2.701491e+00 -5.079026e-01 5.009672e-01 1.776577e+00 -1.535219e-01 5.009698e-01
2454524.880083 3.871410e+00 2.701517e+00 -5.078240e-01 5.009747e-01 1.776550e+00 -1.535765e-01 5.009773e-01
2454532.722730 3.862505e+00 2.725324e+00 -4.329568e-01 5.078694e-01 1.758687e+00 -2.081299e-01 5.078718e-01
2454532.730830 3.522672e+00 2.725347e+00 -4.328793e-01 5.078763e-01 1.758676e+00 -2.081886e-01 5.078787e-01
2454532.738950 3.522697e+00 2.725371e+00 -4.328016e-01 5.078832e-01 1.758666e+00 -2.082475e-01 5.078856e-01
2454532.747030 3.862587e+00 2.725394e+00 -4.327242e-01 5.078901e-01 1.758655e+00 -2.083061e-01 5.078925e-01
2454555.749938 3.230802e+00 2.782287e+00 -2.113181e-01 5.256952e-01 1.798051e+00 -3.813507e-01 5.256969e-01
2454555.764168 2.946836e+00 2.782317e+00 -2.111805e-01 5.257051e-01 1.798118e+00 -3.814553e-01 5.257068e-01
2454555.771248 2.946990e+00 2.782331e+00 -2.111121e-01 5.257101e-01 1.798151e+00 -3.815073e-01 5.257118e-01
2454561.681385 2.570527e+00 2.793859e+00 -1.539280e-01 5.297030e-01 1.830431e+00 -4.238381e-01 5.297044e-01
2454561.687985 2.818688e+00 2.793871e+00 -1.538641e-01 5.297073e-01 1.830472e+00 -4.238840e-01 5.297088e-01
2454561.694515 2.818848e+00 2.793883e+00 -1.538008e-01 5.297116e-01 1.830513e+00 -4.239293e-01 5.297130e-01
2454561.701054 2.819008e+00 2.793896e+00 -1.537375e-01 5.297158e-01 1.830553e+00 -4.239748e-01 5.297173e-01
2455335.927734 2.238391e+00 -1.927277e+00 1.842495e+00 -3.110536e-01 -2.460437e+00 9.826786e-01 -3.110489e-01
2455335.934675 2.690916e+00 -1.927317e+00 1.842435e+00 -3.110631e-01 -2.460377e+00 9.825552e-01 -3.110585e-01
2455335.941596 3.547025e+00 -1.927357e+00 1.842375e+00 -3.110727e-01 -2.460318e+00 9.824321e-01 -3.110680e-01
2455335.948646 2.690468e+00 -1.927398e+00 1.842314e+00 -3.110824e-01 -2.460258e+00 9.823068e-01 -3.110777e-01
2455364.885101 2.033680e+00 -2.081970e+00 1.580457e+00 -3.488078e-01 -2.153799e+00 5.670624e-01 -3.488041e-01
2455364.889701 2.229746e+00 -2.081992e+00 1.580413e+00 -3.488134e-01 -2.153744e+00 5.670131e-01 -3.488097e-01
2455364.894422 2.939188e+00 -2.082015e+00 1.580369e+00 -3.488192e-01 -2.153687e+00 5.669626e-01 -3.488155e-01
2455364.899062 2.229461e+00 -2.082038e+00 1.580325e+00 -3.488249e-01 -2.153632e+00 5.669129e-01 -3.488212e-01
2455382.891590 2.289387e+00 -2.164197e+00 1.406567e+00 -3.699498e-01 -1.933397e+00 4.164163e-01 -3.699472e-01
2455382.899701 2.087709e+00 -2.164231e+00 1.406487e+00 -3.699589e-01 -1.933298e+00 4.163674e-01 -3.699563e-01
2455382.907812 2.288868e+00 -2.164266e+00 1.406407e+00 -3.699680e-01 -1.933199e+00 4.163185e-01 -3.699654e-01
2455382.915912 2.751513e+00 -2.164300e+00 1.406327e+00 -3.699771e-01 -1.933100e+00 4.162696e-01 -3.699745e-01
2455456.709072 3.986470e+00 -2.370455e+00 6.229445e-01 -4.337806e-01 -1.370680e+00 5.190000e-01 -4.337840e-01
2455456.715752 3.635733e+00 -2.370464e+00 6.228696e-01 -4.337845e-01 -1.370678e+00 5.190389e-01 -4.337879e-01
2455456.722442 3.635764e+00 -2.370472e+00 6.227945e-01 -4.337884e-01 -1.370676e+00 5.190779e-01 -4.337918e-01
2455456.729202 3.635794e+00 -2.370480e+00 6.227187e-01 -4.337923e-01 -1.370674e+00 5.191174e-01 -4.337957e-01
2455470.698947 3.473419e+00 -2.383079e+00 4.649641e-01 -4.411069e-01 -1.391005e+00 6.002108e-01 -4.411113e-01
2455470.704636 3.473522e+00 -2.383082e+00 4.648994e-01 -4.411096e-01 -1.391023e+00 6.002428e-01 -4.411139e-01
2455470.710326 3.473625e+00 -2.383085e+00 4.648348e-01 -4.411122e-01 -1.391042e+00 6.002748e-01 -4.411165e-01
2455470.715966 3.473727e+00 -2.383088e+00 4.647707e-01 -4.411148e-01 -1.391060e+00 6.003065e-01 -4.411192e-01
2455476.603324 3.596265e+00 -2.385669e+00 3.977175e-01 -4.436922e-01 -1.414043e+00 6.323678e-01 -4.436969e-01
2455476.610133 2.728167e+00 -2.385671e+00 3.976398e-01 -4.436950e-01 -1.414075e+00 6.324036e-01 -4.436997e-01
2455476.617003 1.887514e+00 -2.385673e+00 3.975614e-01 -4.436978e-01 -1.414107e+00 6.324396e-01 -4.437025e-01
2455476.623863 2.991644e+00 -2.385675e+00 3.974831e-01 -4.437006e-01 -1.414138e+00 6.324755e-01 -4.437053e-01
2455511.564579 2.334388e+00 -2.366533e+00 -4.605730e-03 -4.525280e-01 -1.709124e+00 7.358240e-01 -4.525347e-01
2455511.571999 2.129142e+00 -2.366523e+00 -4.691460e-03 -4.525287e-01 -1.709211e+00 7.358226e-01 -4.525354e-01
2455511.579428 2.129296e+00 -2.366512e+00 -4.777300e-03 -4.525293e-01 -1.709298e+00 7.358211e-01 -4.525360e-01
2455511.586858 2.129451e+00 -2.366502e+00 -4.863140e-03 -4.525300e-01 -1.709385e+00 7.358196e-01 -4.525367e-01
1 0.5
