2	0.5	1000	 1	period_start period_step period_end fixed/free
0.0				initial epoch
0.0				initial rotation angle      
0.1				convexity weight      
3 3				degree and order of spherical harmonics      
6				number of rows        
0.5	1			scattering parameters
0.1	1
-0.5	1     
0.1	0			LS coeff                 
50				iteration stop condidion
10				minimum number of iterations (only if the above value < 1)
5				Alamda multiplicative factor
0.1				Alamda initial value
1
107 0 0.12 2005.9-2009.6 V 703_CATALINA
2453642.959909 5.769186e-01 -5.971539e-02 -1.730950e+00 2.724105e-01 9.358032e-01 -1.620560e+00 2.724107e-01
2453642.966489 5.261276e-01 -5.963077e-02 -1.730953e+00 2.724361e-01 9.358734e-01 -1.620451e+00 2.724362e-01
2453642.973059 5.260992e-01 -5.954628e-02 -1.730956e+00 2.724616e-01 9.359436e-01 -1.620342e+00 2.724618e-01
2453642.979640 6.324762e-01 -5.946166e-02 -1.730959e+00 2.724872e-01 9.360139e-01 -1.620233e+00 2.724874e-01
2453679.966288 3.738956e-01 4.125450e-01 -1.682786e+00 4.044083e-01 1.136864e+00 -1.005869e+00 4.044127e-01
2453679.971638 4.928634e-01 4.126119e-01 -1.682770e+00 4.044254e-01 1.136867e+00 -1.005786e+00 4.044299e-01
2453679.976988 4.928364e-01 4.126789e-01 -1.682754e+00 4.044426e-01 1.136869e+00 -1.005704e+00 4.044471e-01
2453679.982368 4.494474e-01 4.127462e-01 -1.682738e+00 4.044599e-01 1.136872e+00 -1.005620e+00 4.044643e-01
2453706.927926 4.858392e-01 7.399664e-01 -1.571039e+00 4.827900e-01 1.072950e+00 -6.431200e-01 4.827964e-01
2453706.944657 4.857485e-01 7.401623e-01 -1.570951e+00 4.828334e-01 1.072870e+00 -6.429359e-01 4.828398e-01
2453706.952867 5.325639e-01 7.402584e-01 -1.570908e+00 4.828546e-01 1.072831e+00 -6.428456e-01 4.828610e-01
2453729.928966 5.457019e-01 9.983245e-01 -1.429901e+00 5.357619e-01 9.357632e-01 -4.483747e-01 5.357689e-01
2453729.938336 4.976376e-01 9.984249e-01 -1.429836e+00 5.357808e-01 9.357001e-01 -4.483202e-01 5.357877e-01
2453729.947686 5.982339e-01 9.985251e-01 -1.429770e+00 5.357995e-01 9.356371e-01 -4.482658e-01 5.358065e-01
2453729.957067 5.455423e-01 9.986256e-01 -1.429705e+00 5.358184e-01 9.355739e-01 -4.482113e-01 5.358253e-01
2453855.644408 5.166097e-01 1.855727e+00 -1.658154e-01 5.781922e-01 1.079386e+00 -8.075620e-01 5.781903e-01
2453855.649928 4.711915e-01 1.855740e+00 -1.657503e-01 5.781852e-01 1.079458e+00 -8.075705e-01 5.781833e-01
2453855.655407 5.665419e-01 1.855754e+00 -1.656856e-01 5.781783e-01 1.079529e+00 -8.075789e-01 5.781764e-01
2453875.638053 7.508822e-01 1.889054e+00 7.067382e-02 5.484383e-01 1.366503e+00 -7.958073e-01 5.484347e-01
2453875.643652 7.509392e-01 1.889059e+00 7.074007e-02 5.484288e-01 1.366589e+00 -7.957911e-01 5.484252e-01
2453875.649252 7.509963e-01 1.889064e+00 7.080633e-02 5.484192e-01 1.366675e+00 -7.957750e-01 5.484156e-01
2453875.654872 6.246990e-01 1.889070e+00 7.087282e-02 5.484096e-01 1.366761e+00 -7.957588e-01 5.484060e-01
2453876.628952 4.801681e-01 1.889940e+00 8.239666e-02 5.467364e-01 1.381783e+00 -7.928307e-01 5.467327e-01
2453876.632842 6.330181e-01 1.889944e+00 8.244267e-02 5.467297e-01 1.381843e+00 -7.928186e-01 5.467260e-01
2453876.636741 4.802186e-01 1.889947e+00 8.248880e-02 5.467229e-01 1.381904e+00 -7.928064e-01 5.467192e-01
2453876.640631 5.265769e-01 1.889950e+00 8.253481e-02 5.467162e-01 1.381964e+00 -7.927942e-01 5.467125e-01
2454208.970866 8.753812e-01 -6.468770e-01 1.787289e+00 -4.914792e-01 -1.533779e+00 1.316624e+00 -4.914802e-01
2454208.974096 7.280844e-01 -6.469110e-01 1.787272e+00 -4.914864e-01 -1.533788e+00 1.316557e+00 -4.914874e-01
2454208.977326 6.639974e-01 -6.469450e-01 1.787254e+00 -4.914936e-01 -1.533797e+00 1.316491e+00 -4.914946e-01
2454208.980577 6.639737e-01 -6.469792e-01 1.787237e+00 -4.915008e-01 -1.533805e+00 1.316424e+00 -4.915018e-01
2454212.972580 4.394054e-01 -6.887867e-01 1.765246e+00 -5.002144e-01 -1.542486e+00 1.234655e+00 -5.002157e-01
2454212.976150 4.817790e-01 -6.888239e-01 1.765226e+00 -5.002221e-01 -1.542492e+00 1.234582e+00 -5.002234e-01
2454212.979690 4.817598e-01 -6.888608e-01 1.765206e+00 -5.002297e-01 -1.542498e+00 1.234510e+00 -5.002309e-01
2454227.942227 9.255814e-01 -8.414955e-01 1.673001e+00 -5.300443e-01 -1.537243e+00 9.422354e-01 -5.300467e-01
2454227.950017 7.020583e-01 -8.415732e-01 1.672950e+00 -5.300586e-01 -1.537226e+00 9.420905e-01 -5.300610e-01
2454227.957768 5.838911e-01 -8.416504e-01 1.672898e+00 -5.300729e-01 -1.537209e+00 9.419464e-01 -5.300752e-01
2454227.965518 4.428847e-01 -8.417276e-01 1.672846e+00 -5.300871e-01 -1.537191e+00 9.418022e-01 -5.300894e-01
2454237.918807 5.151871e-01 -9.391572e-01 1.603139e+00 -5.472991e-01 -1.504036e+00 7.643663e-01 -5.473020e-01
2454237.925347 5.151437e-01 -9.392200e-01 1.603091e+00 -5.473097e-01 -1.504007e+00 7.642550e-01 -5.473126e-01
2454237.931868 6.790346e-01 -9.392826e-01 1.603043e+00 -5.473202e-01 -1.503979e+00 7.641441e-01 -5.473232e-01
2454237.938418 7.444838e-01 -9.393455e-01 1.602995e+00 -5.473308e-01 -1.503950e+00 7.640328e-01 -5.473338e-01
2454245.898420 5.087623e-01 -1.014550e+00 1.542577e+00 -5.595077e-01 -1.462998e+00 6.344510e-01 -5.595111e-01
2454245.908021 6.115884e-01 -1.014639e+00 1.542502e+00 -5.595215e-01 -1.462942e+00 6.343020e-01 -5.595249e-01
2454245.917541 6.115107e-01 -1.014727e+00 1.542427e+00 -5.595352e-01 -1.462886e+00 6.341541e-01 -5.595386e-01
2454256.884764 5.772985e-01 -1.113948e+00 1.452599e+00 -5.739051e-01 -1.389269e+00 4.760867e-01 -5.739090e-01
2454256.891764 7.609535e-01 -1.114010e+00 1.452539e+00 -5.739133e-01 -1.389216e+00 4.759939e-01 -5.739172e-01
2454256.898745 6.328720e-01 -1.114071e+00 1.452480e+00 -5.739216e-01 -1.389164e+00 4.759013e-01 -5.739255e-01
2454256.905745 5.263486e-01 -1.114133e+00 1.452420e+00 -5.739298e-01 -1.389112e+00 4.758085e-01 -5.739337e-01
2454264.839165 5.159826e-01 -1.182434e+00 1.382846e+00 -5.825245e-01 -1.326188e+00 3.775249e-01 -5.825287e-01
2454264.845086 5.159389e-01 -1.182484e+00 1.382793e+00 -5.825303e-01 -1.326139e+00 3.774568e-01 -5.825345e-01
2454264.850986 4.705022e-01 -1.182533e+00 1.382740e+00 -5.825362e-01 -1.326090e+00 3.773889e-01 -5.825403e-01
2454264.856936 4.704622e-01 -1.182583e+00 1.382686e+00 -5.825420e-01 -1.326040e+00 3.773204e-01 -5.825462e-01
2454271.858081 5.112967e-01 -1.240235e+00 1.318210e+00 -5.888324e-01 -1.265687e+00 3.023632e-01 -5.888367e-01
2454271.862931 5.112606e-01 -1.240274e+00 1.318164e+00 -5.888363e-01 -1.265644e+00 3.023152e-01 -5.888407e-01
2454271.867782 5.112246e-01 -1.240313e+00 1.318118e+00 -5.888402e-01 -1.265601e+00 3.022671e-01 -5.888446e-01
2454271.872652 5.111883e-01 -1.240352e+00 1.318073e+00 -5.888442e-01 -1.265557e+00 3.022189e-01 -5.888485e-01
2454277.888531 5.628193e-01 -1.287807e+00 1.260446e+00 -5.932585e-01 -1.211272e+00 2.468172e-01 -5.932629e-01
2454277.894202 5.132545e-01 -1.287850e+00 1.260391e+00 -5.932622e-01 -1.211221e+00 2.467690e-01 -5.932667e-01
2454277.899852 5.132119e-01 -1.287894e+00 1.260336e+00 -5.932659e-01 -1.211169e+00 2.467209e-01 -5.932704e-01
2454277.905532 5.131691e-01 -1.287938e+00 1.260281e+00 -5.932696e-01 -1.211117e+00 2.466725e-01 -5.932741e-01
2454387.705482 5.806854e-01 -1.716050e+00 -4.443015e-02 -5.015242e-01 -7.808186e-01 3.027046e-01 -5.015256e-01
2454387.713612 4.830241e-01 -1.716045e+00 -4.453561e-02 -5.015052e-01 -7.808652e-01 3.027297e-01 -5.015066e-01
2454387.721732 4.830552e-01 -1.716041e+00 -4.464094e-02 -5.014862e-01 -7.809117e-01 3.027548e-01 -5.014877e-01
2454387.729862 4.830864e-01 -1.716036e+00 -4.474640e-02 -5.014672e-01 -7.809583e-01 3.027799e-01 -5.014687e-01
2454393.591581 5.571413e-01 -1.711314e+00 -1.207214e-01 -4.873304e-01 -8.177456e-01 3.190153e-01 -4.873316e-01
2454393.596381 5.081414e-01 -1.711309e+00 -1.207835e-01 -4.873184e-01 -8.177782e-01 3.190270e-01 -4.873196e-01
2454393.601191 4.634512e-01 -1.711304e+00 -1.208458e-01 -4.873065e-01 -8.178110e-01 3.190386e-01 -4.873076e-01
2454393.605991 5.081866e-01 -1.711299e+00 -1.209079e-01 -4.872945e-01 -8.178437e-01 3.190503e-01 -4.872957e-01
2454407.598372 4.068981e-01 -1.687593e+00 -3.011274e-01 -4.500516e-01 -9.295089e-01 3.388960e-01 -4.500521e-01
2454407.604852 4.461878e-01 -1.687578e+00 -3.012102e-01 -4.500332e-01 -9.295676e-01 3.388978e-01 -4.500337e-01
2454407.611352 4.892718e-01 -1.687562e+00 -3.012934e-01 -4.500148e-01 -9.296265e-01 3.388997e-01 -4.500153e-01
2454407.617852 5.365156e-01 -1.687547e+00 -3.013765e-01 -4.499964e-01 -9.296854e-01 3.389016e-01 -4.499969e-01
2454413.651929 5.757632e-01 -1.671897e+00 -3.782365e-01 -4.324698e-01 -9.867828e-01 3.372719e-01 -4.324700e-01
2454413.658409 5.251429e-01 -1.671878e+00 -3.783187e-01 -4.324505e-01 -9.868465e-01 3.372664e-01 -4.324507e-01
2454413.664879 4.789728e-01 -1.671860e+00 -3.784008e-01 -4.324313e-01 -9.869102e-01 3.372609e-01 -4.324315e-01
2454413.671359 3.984233e-01 -1.671841e+00 -3.784829e-01 -4.324120e-01 -9.869740e-01 3.372554e-01 -4.324122e-01
2454420.611658 4.753768e-01 -1.649798e+00 -4.659618e-01 -4.112092e-01 -1.057958e+00 3.264277e-01 -4.112090e-01
2454420.618158 4.754150e-01 -1.649775e+00 -4.660432e-01 -4.111889e-01 -1.058027e+00 3.264128e-01 -4.111886e-01
2454420.627798 5.213441e-01 -1.649742e+00 -4.661639e-01 -4.111587e-01 -1.058129e+00 3.263907e-01 -4.111585e-01
2454420.634257 5.716884e-01 -1.649719e+00 -4.662448e-01 -4.111384e-01 -1.058198e+00 3.263759e-01 -4.111382e-01
2454454.652799 7.253785e-01 -1.480407e+00 -8.730581e-01 -2.927235e-01 -1.441775e+00 1.100099e-01 -2.927218e-01
2454454.659279 5.018784e-01 -1.480365e+00 -8.731311e-01 -2.926989e-01 -1.441847e+00 1.099409e-01 -2.926972e-01
2454454.665788 5.019177e-01 -1.480323e+00 -8.732044e-01 -2.926742e-01 -1.441919e+00 1.098716e-01 -2.926725e-01
2454454.672238 6.617076e-01 -1.480282e+00 -8.732770e-01 -2.926498e-01 -1.441990e+00 1.098029e-01 -2.926480e-01
2454465.587950 4.328784e-01 -1.405221e+00 -9.931420e-01 -2.502930e-01 -1.557182e+00 -2.165386e-02 -2.502909e-01
2454465.594539 3.948197e-01 -1.405173e+00 -9.932125e-01 -2.502669e-01 -1.557248e+00 -2.174225e-02 -2.502648e-01
2454465.601109 3.948495e-01 -1.405125e+00 -9.932827e-01 -2.502409e-01 -1.557313e+00 -2.183038e-02 -2.502388e-01
2454465.607659 4.329764e-01 -1.405077e+00 -9.933527e-01 -2.502150e-01 -1.557379e+00 -2.191825e-02 -2.502128e-01
2454475.613555 4.843222e-01 -1.327973e+00 -1.097387e+00 -2.099061e-01 -1.649891e+00 -1.682177e-01 -2.099038e-01
2454475.626244 7.001556e-01 -1.327870e+00 -1.097516e+00 -2.098542e-01 -1.649998e+00 -1.684181e-01 -2.098518e-01
2454475.635264 6.386124e-01 -1.327797e+00 -1.097607e+00 -2.098173e-01 -1.650074e+00 -1.685606e-01 -2.098149e-01
2454475.641823 6.386581e-01 -1.327744e+00 -1.097673e+00 -2.097905e-01 -1.650130e+00 -1.686642e-01 -2.097881e-01
2454495.574520 7.155380e-01 -1.152131e+00 -1.285777e+00 -1.261710e-01 -1.777654e+00 -5.249357e-01 -1.261683e-01
2454495.578759 7.846041e-01 -1.152091e+00 -1.285814e+00 -1.261528e-01 -1.777671e+00 -5.250194e-01 -1.261501e-01
2454495.582969 6.526319e-01 -1.152051e+00 -1.285851e+00 -1.261348e-01 -1.777689e+00 -5.251024e-01 -1.261321e-01
2454495.587219 7.156263e-01 -1.152010e+00 -1.285888e+00 -1.261166e-01 -1.777706e+00 -5.251863e-01 -1.261139e-01
2454506.573724 6.598865e-01 -1.043797e+00 -1.377383e+00 -7.868294e-02 -1.805993e+00 -7.508603e-01 -7.868021e-02
2454506.582224 6.599373e-01 -1.043710e+00 -1.377450e+00 -7.864599e-02 -1.806001e+00 -7.510410e-01 -7.864326e-02
2454506.586504 6.599628e-01 -1.043666e+00 -1.377484e+00 -7.862739e-02 -1.806005e+00 -7.511320e-01 -7.862465e-02
2454982.725550 9.576281e-01 1.183719e+00 1.662470e+00 7.230764e-02 8.332368e-01 7.110747e-01 7.231016e-02
2454982.730959 9.576791e-01 1.183671e+00 1.662505e+00 7.228765e-02 8.332750e-01 7.110771e-01 7.229017e-02
2454982.736389 9.577303e-01 1.183623e+00 1.662540e+00 7.226759e-02 8.333133e-01 7.110795e-01 7.227011e-02
2454982.741839 8.735073e-01 1.183575e+00 1.662575e+00 7.224746e-02 8.333518e-01 7.110819e-01 7.224998e-02
2455006.738143 7.468963e-01 9.610547e-01 1.800277e+00 -1.683505e-02 1.009454e+00 7.850066e-01 -1.683347e-02
2455006.745503 6.812497e-01 9.609832e-01 1.800314e+00 -1.686241e-02 1.009507e+00 7.850490e-01 -1.686083e-02
2455006.752713 7.470527e-01 9.609133e-01 1.800350e+00 -1.688921e-02 1.009559e+00 7.850905e-01 -1.688763e-02
2455006.759842 8.982473e-01 9.608441e-01 1.800386e+00 -1.691572e-02 1.009610e+00 7.851316e-01 -1.691414e-02
1 0.5
