2	0.5	1000	 1	period_start period_step period_end fixed/free
0.0				initial epoch
0.0				initial rotation angle      
0.1				convexity weight      
3 3				degree and order of spherical harmonics      
6				number of rows        
0.5	1			scattering parameters
0.1	1
-0.5	1     
0.1	0			LS coeff                 
50				iteration stop condidion
10				minimum number of iterations (only if the above value < 1)
5				Alamda multiplicative factor
0.1				Alamda initial value
2
32 0 0.12 2005.2-2005.5 R 703_CATALINA
2453402.877546 2.139507e+00 2.222400e+00 -1.417885e+00 -3.526773e-01 1.556118e+00 -6.918474e-01 -3.526706e-01
2453402.886076 1.622856e+00 2.222438e+00 -1.417807e+00 -3.526593e-01 1.556046e+00 -6.918691e-01 -3.526527e-01
2453402.894617 1.479947e+00 2.222476e+00 -1.417729e+00 -3.526414e-01 1.555974e+00 -6.918908e-01 -3.526347e-01
2453402.903137 1.950798e+00 2.222514e+00 -1.417651e+00 -3.526234e-01 1.555901e+00 -6.919125e-01 -3.526167e-01
2453431.786003 3.247451e+00 2.336785e+00 -1.144381e+00 -2.895709e-01 1.395620e+00 -8.335716e-01 -2.895677e-01
2453431.794513 3.247455e+00 2.336814e+00 -1.144298e+00 -2.895517e-01 1.395601e+00 -8.336282e-01 -2.895485e-01
2453431.803033 3.247460e+00 2.336843e+00 -1.144215e+00 -2.895325e-01 1.395582e+00 -8.336848e-01 -2.895293e-01
2453431.811513 2.961722e+00 2.336872e+00 -1.144132e+00 -2.895134e-01 1.395563e+00 -8.337412e-01 -2.895102e-01
2453438.747463 3.939677e+00 2.359633e+00 -1.076045e+00 -2.737518e-01 1.385968e+00 -8.814124e-01 -2.737495e-01
2453438.755513 3.939753e+00 2.359658e+00 -1.075965e+00 -2.737334e-01 1.385964e+00 -8.814692e-01 -2.737311e-01
2453438.763602 3.593168e+00 2.359684e+00 -1.075885e+00 -2.737148e-01 1.385960e+00 -8.815263e-01 -2.737126e-01
2453438.771612 3.593237e+00 2.359709e+00 -1.075806e+00 -2.736965e-01 1.385956e+00 -8.815828e-01 -2.736942e-01
2453445.732438 3.356115e+00 2.380642e+00 -1.006599e+00 -2.576559e-01 1.388685e+00 -9.313993e-01 -2.576546e-01
2453445.741578 3.356250e+00 2.380668e+00 -1.006508e+00 -2.576347e-01 1.388697e+00 -9.314653e-01 -2.576334e-01
2453445.750788 2.791720e+00 2.380695e+00 -1.006416e+00 -2.576134e-01 1.388709e+00 -9.315317e-01 -2.576121e-01
2453445.759958 3.356521e+00 2.380721e+00 -1.006324e+00 -2.575921e-01 1.388720e+00 -9.315979e-01 -2.575908e-01
2453462.723593 1.786947e+00 2.423475e+00 -8.343286e-01 -2.176431e-01 1.447574e+00 -1.050747e+00 -2.176442e-01
2453462.724142 2.355665e+00 2.423476e+00 -8.343230e-01 -2.176418e-01 1.447577e+00 -1.050751e+00 -2.176429e-01
2453462.731712 1.959472e+00 2.423492e+00 -8.342453e-01 -2.176237e-01 1.447619e+00 -1.050801e+00 -2.176248e-01
2453462.732252 6.488451e-01 2.423494e+00 -8.342397e-01 -2.176224e-01 1.447622e+00 -1.050804e+00 -2.176235e-01
2453462.739902 1.787174e+00 2.423510e+00 -8.341612e-01 -2.176041e-01 1.447665e+00 -1.050855e+00 -2.176053e-01
2453462.740422 2.583262e+00 2.423511e+00 -8.341558e-01 -2.176029e-01 1.447668e+00 -1.050858e+00 -2.176040e-01
2453462.747911 1.787286e+00 2.423527e+00 -8.340789e-01 -2.175850e-01 1.447710e+00 -1.050908e+00 -2.175861e-01
2453462.748441 9.379847e-01 2.423529e+00 -8.340734e-01 -2.175837e-01 1.447713e+00 -1.050911e+00 -2.175849e-01
2453469.708906 1.435603e+00 2.437589e+00 -7.622456e-01 -2.008663e-01 1.492723e+00 -1.094599e+00 -2.008684e-01
2453469.716986 1.194166e+00 2.437604e+00 -7.621619e-01 -2.008468e-01 1.492782e+00 -1.094647e+00 -2.008488e-01
2453469.725045 1.309467e+00 2.437619e+00 -7.620783e-01 -2.008273e-01 1.492841e+00 -1.094694e+00 -2.008294e-01
2453469.733215 1.435903e+00 2.437634e+00 -7.619936e-01 -2.008076e-01 1.492901e+00 -1.094743e+00 -2.008097e-01
2453492.657244 1.018956e+00 2.469035e+00 -5.211189e-01 -1.446034e-01 1.717453e+00 -1.192610e+00 -1.446082e-01
2453492.664374 1.472937e+00 2.469041e+00 -5.210431e-01 -1.445857e-01 1.717538e+00 -1.192627e+00 -1.445905e-01
2453492.671513 1.225216e+00 2.469048e+00 -5.209672e-01 -1.445679e-01 1.717624e+00 -1.192643e+00 -1.445727e-01
2453492.678643 1.941966e+00 2.469054e+00 -5.208914e-01 -1.445502e-01 1.717710e+00 -1.192659e+00 -1.445550e-01
66 0 0.12 2005.5-2009.5 V 703_CATALINA
2453500.656900 1.096839e+00 2.474458e+00 -4.357802e-01 -1.246394e-01 1.818983e+00 -1.203914e+00 -1.246451e-01
2453500.664570 1.202744e+00 2.474462e+00 -4.356981e-01 -1.246202e-01 1.819085e+00 -1.203918e+00 -1.246259e-01
2453500.672239 1.000468e+00 2.474466e+00 -4.356160e-01 -1.246010e-01 1.819187e+00 -1.203922e+00 -1.246066e-01
2453500.679909 8.322114e-01 2.474470e+00 -4.355340e-01 -1.245818e-01 1.819289e+00 -1.203926e+00 -1.245874e-01
2453527.645026 1.144673e+00 2.470790e+00 -1.445925e-01 -5.632023e-02 2.216158e+00 -1.126901e+00 -5.632778e-02
2453527.651546 7.919593e-01 2.470785e+00 -1.445218e-01 -5.630359e-02 2.216260e+00 -1.126859e+00 -5.631114e-02
2453527.658075 1.376336e+00 2.470780e+00 -1.444509e-01 -5.628693e-02 2.216362e+00 -1.126817e+00 -5.629448e-02
2453527.664555 1.144843e+00 2.470775e+00 -1.443806e-01 -5.627040e-02 2.216463e+00 -1.126775e+00 -5.627795e-02
2454382.818363 2.194477e+00 -2.105379e+00 -1.913703e+00 -4.296188e-01 -1.142876e+00 -1.646219e+00 -4.296205e-01
2454382.826974 2.001269e+00 -2.105328e+00 -1.913766e+00 -4.296341e-01 -1.142867e+00 -1.646140e+00 -4.296357e-01
2454382.835584 2.001151e+00 -2.105277e+00 -1.913829e+00 -4.296493e-01 -1.142858e+00 -1.646061e+00 -4.296509e-01
2454382.844194 2.001032e+00 -2.105226e+00 -1.913892e+00 -4.296645e-01 -1.142849e+00 -1.645981e+00 -4.296662e-01
2454389.841631 1.453354e+00 -2.063202e+00 -1.964436e+00 -4.418896e-01 -1.141994e+00 -1.583228e+00 -4.418909e-01
2454389.849751 1.453289e+00 -2.063153e+00 -1.964494e+00 -4.419036e-01 -1.142000e+00 -1.583158e+00 -4.419050e-01
2454389.857921 1.453223e+00 -2.063103e+00 -1.964552e+00 -4.419177e-01 -1.142006e+00 -1.583087e+00 -4.419191e-01
2454389.866032 1.593356e+00 -2.063054e+00 -1.964610e+00 -4.419318e-01 -1.142012e+00 -1.583016e+00 -4.419331e-01
2454412.797290 2.167766e+00 -1.916757e+00 -2.121783e+00 -4.800881e-01 -1.220860e+00 -1.416468e+00 -4.800883e-01
2454412.802210 2.376915e+00 -1.916725e+00 -2.121816e+00 -4.800960e-01 -1.220889e+00 -1.416441e+00 -4.800962e-01
2454412.807150 2.606243e+00 -1.916692e+00 -2.121848e+00 -4.801039e-01 -1.220918e+00 -1.416414e+00 -4.801041e-01
2454412.812080 2.167784e+00 -1.916659e+00 -2.121880e+00 -4.801117e-01 -1.220947e+00 -1.416387e+00 -4.801119e-01
2454529.611652 1.669767e+00 -1.006683e+00 -2.698536e+00 -6.234506e-01 -1.958911e+00 -2.421732e+00 -6.234481e-01
2454529.618152 1.669857e+00 -1.006627e+00 -2.698557e+00 -6.234560e-01 -1.958888e+00 -2.421860e+00 -6.234535e-01
2454529.624601 2.646686e+00 -1.006571e+00 -2.698578e+00 -6.234614e-01 -1.958865e+00 -2.421988e+00 -6.234589e-01
2454529.631051 2.646827e+00 -1.006515e+00 -2.698598e+00 -6.234667e-01 -1.958841e+00 -2.422116e+00 -6.234642e-01
2454549.598555 1.938116e+00 -8.306067e-01 -2.756318e+00 -6.385737e-01 -1.825568e+00 -2.820909e+00 -6.385718e-01
2454549.602455 2.330188e+00 -8.305720e-01 -2.756328e+00 -6.385764e-01 -1.825530e+00 -2.820986e+00 -6.385745e-01
2454792.891717 1.027117e+00 1.363260e+00 -2.406375e+00 -5.761910e-01 1.852140e+00 -1.548300e+00 -5.761909e-01
2454792.898878 1.353885e+00 1.363318e+00 -2.406336e+00 -5.761823e-01 1.852089e+00 -1.548201e+00 -5.761823e-01
2454792.906168 1.026935e+00 1.363376e+00 -2.406296e+00 -5.761735e-01 1.852036e+00 -1.548099e+00 -5.761735e-01
2454792.913429 9.364922e-01 1.363434e+00 -2.406257e+00 -5.761648e-01 1.851984e+00 -1.547999e+00 -5.761648e-01
2454831.849563 1.010823e+00 1.660526e+00 -2.170526e+00 -5.235647e-01 1.491283e+00 -1.201908e+00 -5.235629e-01
2454831.857313 1.108251e+00 1.660582e+00 -2.170474e+00 -5.235531e-01 1.491205e+00 -1.201880e+00 -5.235513e-01
2454831.865104 1.108156e+00 1.660638e+00 -2.170423e+00 -5.235414e-01 1.491127e+00 -1.201851e+00 -5.235396e-01
2454831.873044 1.460706e+00 1.660696e+00 -2.170370e+00 -5.235296e-01 1.491048e+00 -1.201823e+00 -5.235278e-01
2454851.866636 1.333720e+00 1.800278e+00 -2.031572e+00 -4.922427e-01 1.303732e+00 -1.182037e+00 -4.922402e-01
2454851.873107 1.462330e+00 1.800321e+00 -2.031526e+00 -4.922321e-01 1.303678e+00 -1.182047e+00 -4.922296e-01
2454851.879647 1.333601e+00 1.800365e+00 -2.031478e+00 -4.922214e-01 1.303623e+00 -1.182057e+00 -4.922189e-01
2454851.886097 1.216205e+00 1.800409e+00 -2.031432e+00 -4.922108e-01 1.303569e+00 -1.182067e+00 -4.922084e-01
2454859.724575 1.397972e+00 1.852417e+00 -1.973862e+00 -4.791812e-01 1.242078e+00 -1.200962e+00 -4.791785e-01
2454859.730005 1.532808e+00 1.852453e+00 -1.973822e+00 -4.791720e-01 1.242039e+00 -1.200980e+00 -4.791693e-01
2454859.735435 1.274903e+00 1.852488e+00 -1.973781e+00 -4.791628e-01 1.242000e+00 -1.200998e+00 -4.791601e-01
2454859.740915 1.397868e+00 1.852524e+00 -1.973740e+00 -4.791536e-01 1.241960e+00 -1.201016e+00 -4.791509e-01
2454866.747627 1.495953e+00 1.897641e+00 -1.920814e+00 -4.671505e-01 1.195403e+00 -1.228950e+00 -4.671477e-01
2454866.756717 1.640245e+00 1.897699e+00 -1.920744e+00 -4.671347e-01 1.195348e+00 -1.228993e+00 -4.671319e-01
2454866.765787 1.971967e+00 1.897756e+00 -1.920675e+00 -4.671190e-01 1.195293e+00 -1.229035e+00 -4.671162e-01
2454866.774897 1.971925e+00 1.897814e+00 -1.920605e+00 -4.671032e-01 1.195239e+00 -1.229077e+00 -4.671003e-01
2454877.654859 2.147866e+00 1.965191e+00 -1.835734e+00 -4.478112e-01 1.141851e+00 -1.290082e+00 -4.478083e-01
2454877.661629 2.355106e+00 1.965232e+00 -1.835680e+00 -4.477989e-01 1.141825e+00 -1.290125e+00 -4.477960e-01
2454877.667679 2.147897e+00 1.965269e+00 -1.835632e+00 -4.477880e-01 1.141803e+00 -1.290164e+00 -4.477851e-01
2454877.675659 2.582362e+00 1.965317e+00 -1.835568e+00 -4.477736e-01 1.141773e+00 -1.290216e+00 -4.477706e-01
2454914.648646 1.260167e+00 2.167878e+00 -1.524070e+00 -3.765670e-01 1.172755e+00 -1.585049e+00 -3.765640e-01
2454914.656755 1.515158e+00 2.167918e+00 -1.523998e+00 -3.765505e-01 1.172801e+00 -1.585117e+00 -3.765475e-01
2454914.664855 1.381935e+00 2.167957e+00 -1.523926e+00 -3.765340e-01 1.172847e+00 -1.585185e+00 -3.765310e-01
2454914.673044 1.997642e+00 2.167997e+00 -1.523853e+00 -3.765173e-01 1.172893e+00 -1.585253e+00 -3.765143e-01
2454940.636227 1.322292e+00 2.283276e+00 -1.285633e+00 -3.217072e-01 1.405503e+00 -1.773808e+00 -3.217041e-01
2454940.642256 1.322364e+00 2.283300e+00 -1.285576e+00 -3.216940e-01 1.405576e+00 -1.773842e+00 -3.216909e-01
2454940.648336 1.099954e+00 2.283324e+00 -1.285519e+00 -3.216808e-01 1.405649e+00 -1.773876e+00 -3.216777e-01
2454940.654356 1.003224e+00 2.283348e+00 -1.285462e+00 -3.216677e-01 1.405722e+00 -1.773910e+00 -3.216646e-01
2454964.670400 1.347676e+00 2.367983e+00 -1.052666e+00 -2.678549e-01 1.751638e+00 -1.853378e+00 -2.678520e-01
2454964.678369 1.229171e+00 2.368007e+00 -1.052587e+00 -2.678366e-01 1.751769e+00 -1.853383e+00 -2.678337e-01
2454964.686319 1.022444e+00 2.368032e+00 -1.052508e+00 -2.678184e-01 1.751899e+00 -1.853388e+00 -2.678154e-01
2454964.694288 1.477972e+00 2.368056e+00 -1.052429e+00 -2.678001e-01 1.752030e+00 -1.853393e+00 -2.677971e-01
2454977.659690 1.352439e+00 2.404341e+00 -9.224155e-01 -2.376477e-01 1.974869e+00 -1.839929e+00 -2.376450e-01
2454977.666389 1.626064e+00 2.404358e+00 -9.223476e-01 -2.376319e-01 1.974988e+00 -1.839910e+00 -2.376293e-01
2454977.672929 1.483056e+00 2.404374e+00 -9.222813e-01 -2.376166e-01 1.975105e+00 -1.839892e+00 -2.376139e-01
2454977.679618 1.626213e+00 2.404391e+00 -9.222136e-01 -2.376008e-01 1.975224e+00 -1.839873e+00 -2.375982e-01
1 0.5
2 0.5
