2	0.5	1000	 1	period_start period_step period_end fixed/free
0.0				initial epoch
0.0				initial rotation angle      
0.1				convexity weight      
3 3				degree and order of spherical harmonics      
6				number of rows        
0.5	1			scattering parameters
0.1	1
-0.5	1     
0.1	0			LS coeff                 
50				iteration stop condidion
10				minimum number of iterations (only if the above value < 1)
5				Alamda multiplicative factor
0.1				Alamda initial value
1
101 0 0.12 2005.10-2010.2 V 703_CATALINA
2453672.981380 1.156400e+00 1.946339e+00 -1.583525e+00 -3.154404e-01 2.749112e+00 -9.987481e-01 -3.154366e-01
2453672.985221 8.771870e-01 1.946361e+00 -1.583489e+00 -3.154463e-01 2.749093e+00 -9.986584e-01 -3.154425e-01
2453672.989041 1.156316e+00 1.946382e+00 -1.583452e+00 -3.154522e-01 2.749075e+00 -9.985691e-01 -3.154484e-01
2453672.993101 8.771210e-01 1.946405e+00 -1.583414e+00 -3.154584e-01 2.749055e+00 -9.984743e-01 -3.154547e-01
2453686.975660 9.156214e-01 2.020564e+00 -1.447567e+00 -3.364068e-01 2.655383e+00 -6.882612e-01 -3.364017e-01
2453686.982160 1.003889e+00 2.020597e+00 -1.447503e+00 -3.364163e-01 2.655328e+00 -6.881255e-01 -3.364112e-01
2453686.988731 1.003819e+00 2.020630e+00 -1.447438e+00 -3.364258e-01 2.655273e+00 -6.879883e-01 -3.364207e-01
2453686.995251 8.348822e-01 2.020663e+00 -1.447373e+00 -3.364353e-01 2.655218e+00 -6.878522e-01 -3.364302e-01
2453705.962772 1.168222e+00 2.109328e+00 -1.254674e+00 -3.628591e-01 2.458163e+00 -3.324354e-01 -3.628527e-01
2453705.969363 1.065346e+00 2.109357e+00 -1.254605e+00 -3.628678e-01 2.458084e+00 -3.323272e-01 -3.628615e-01
2453705.975973 7.369798e-01 2.109385e+00 -1.254536e+00 -3.628766e-01 2.458004e+00 -3.322186e-01 -3.628703e-01
2453705.982724 1.065172e+00 2.109414e+00 -1.254466e+00 -3.628856e-01 2.457922e+00 -3.321078e-01 -3.628792e-01
2453731.970391 1.201291e+00 2.206798e+00 -9.764893e-01 -3.949257e-01 2.108663e+00 2.037140e-03 -3.949188e-01
2453731.978471 1.444107e+00 2.206823e+00 -9.764006e-01 -3.949349e-01 2.108548e+00 2.111420e-03 -3.949280e-01
2453731.986532 9.110677e-01 2.206849e+00 -9.763121e-01 -3.949440e-01 2.108434e+00 2.185500e-03 -3.949371e-01
2453731.994603 6.302342e-01 2.206875e+00 -9.762236e-01 -3.949532e-01 2.108319e+00 2.259650e-03 -3.949462e-01
2453758.945911 1.180141e+00 2.275978e+00 -6.739137e-01 -4.224696e-01 1.736920e+00 1.496735e-01 -4.224635e-01
2453758.953081 8.951363e-01 2.275992e+00 -6.738317e-01 -4.224761e-01 1.736829e+00 1.496875e-01 -4.224700e-01
2453758.960171 1.293734e+00 2.276005e+00 -6.737506e-01 -4.224825e-01 1.736738e+00 1.497013e-01 -4.224764e-01
2453758.967212 8.949548e-01 2.276019e+00 -6.736701e-01 -4.224889e-01 1.736649e+00 1.497150e-01 -4.224828e-01
2453765.937797 1.284831e+00 2.288297e+00 -5.936274e-01 -4.285761e-01 1.650973e+00 1.575668e-01 -4.285703e-01
2453765.944348 1.171673e+00 2.288308e+00 -5.935518e-01 -4.285816e-01 1.650896e+00 1.575690e-01 -4.285758e-01
2453765.950988 1.171564e+00 2.288318e+00 -5.934753e-01 -4.285872e-01 1.650817e+00 1.575712e-01 -4.285814e-01
2453765.957479 1.171457e+00 2.288329e+00 -5.934005e-01 -4.285926e-01 1.650741e+00 1.575734e-01 -4.285869e-01
2453794.948836 1.576043e+00 2.313542e+00 -2.547901e-01 -4.490215e-01 1.384898e+00 9.015483e-02 -4.490177e-01
2453794.954446 1.437295e+00 2.313543e+00 -2.547239e-01 -4.490247e-01 1.384863e+00 9.013017e-02 -4.490209e-01
2453794.960016 1.437223e+00 2.313544e+00 -2.546582e-01 -4.490278e-01 1.384829e+00 9.010568e-02 -4.490240e-01
2453794.965586 1.437151e+00 2.313545e+00 -2.545925e-01 -4.490310e-01 1.384795e+00 9.008119e-02 -4.490272e-01
2453819.771637 1.528470e+00 2.300920e+00 3.912873e-02 -4.598823e-01 1.306605e+00 -3.718688e-02 -4.598808e-01
2453819.779797 1.528463e+00 2.300910e+00 3.922548e-02 -4.598849e-01 1.306604e+00 -3.723064e-02 -4.598833e-01
2453819.787957 1.528456e+00 2.300901e+00 3.932222e-02 -4.598874e-01 1.306603e+00 -3.727439e-02 -4.598858e-01
2453819.796127 1.528449e+00 2.300891e+00 3.941909e-02 -4.598899e-01 1.306602e+00 -3.731820e-02 -4.598883e-01
2453827.775936 1.403654e+00 2.289961e+00 1.339789e-01 -4.620163e-01 1.313388e+00 -7.899459e-02 -4.620155e-01
2453827.783996 1.403679e+00 2.289948e+00 1.340743e-01 -4.620181e-01 1.313403e+00 -7.903515e-02 -4.620173e-01
2453827.792036 1.403705e+00 2.289935e+00 1.341695e-01 -4.620199e-01 1.313417e+00 -7.907561e-02 -4.620191e-01
2453827.800356 1.539161e+00 2.289922e+00 1.342680e-01 -4.620218e-01 1.313432e+00 -7.911747e-02 -4.620210e-01
2453827.811635 1.850525e+00 2.289904e+00 1.344016e-01 -4.620243e-01 1.313453e+00 -7.917423e-02 -4.620235e-01
2453827.822015 1.850569e+00 2.289888e+00 1.345245e-01 -4.620266e-01 1.313472e+00 -7.922644e-02 -4.620258e-01
2453827.832255 1.850612e+00 2.289872e+00 1.346457e-01 -4.620289e-01 1.313490e+00 -7.927795e-02 -4.620281e-01
2453827.842435 1.850654e+00 2.289856e+00 1.347663e-01 -4.620312e-01 1.313509e+00 -7.932915e-02 -4.620304e-01
2453827.853705 2.029254e+00 2.289838e+00 1.348997e-01 -4.620337e-01 1.313529e+00 -7.938582e-02 -4.620329e-01
2453827.862255 2.029294e+00 2.289824e+00 1.350010e-01 -4.620356e-01 1.313545e+00 -7.942881e-02 -4.620348e-01
2453827.871015 1.850775e+00 2.289810e+00 1.351047e-01 -4.620375e-01 1.313561e+00 -7.947286e-02 -4.620368e-01
2453827.879495 1.850811e+00 2.289797e+00 1.352051e-01 -4.620394e-01 1.313576e+00 -7.951549e-02 -4.620387e-01
2453828.824453 1.691859e+00 2.288275e+00 1.463924e-01 -4.622453e-01 1.315411e+00 -8.423797e-02 -4.622447e-01
2453828.838722 1.407279e+00 2.288251e+00 1.465614e-01 -4.622484e-01 1.315440e+00 -8.430885e-02 -4.622477e-01
2453828.848552 1.407316e+00 2.288235e+00 1.466777e-01 -4.622505e-01 1.315461e+00 -8.435767e-02 -4.622498e-01
2453833.752001 1.305037e+00 2.279570e+00 2.046765e-01 -4.631642e-01 1.328352e+00 -1.078355e-01 -4.631640e-01
2453833.763321 1.431013e+00 2.279549e+00 2.048103e-01 -4.631660e-01 1.328389e+00 -1.078875e-01 -4.631658e-01
2453833.772411 1.720521e+00 2.279531e+00 2.049177e-01 -4.631674e-01 1.328418e+00 -1.079292e-01 -4.631672e-01
2453833.807410 1.431276e+00 2.279465e+00 2.053313e-01 -4.631730e-01 1.328530e+00 -1.080898e-01 -4.631728e-01
2453850.677992 1.209598e+00 2.239869e+00 4.038076e-01 -4.643191e-01 1.413314e+00 -1.695459e-01 -4.643205e-01
2453850.687282 1.209691e+00 2.239843e+00 4.039163e-01 -4.643189e-01 1.413376e+00 -1.695691e-01 -4.643203e-01
2453850.696491 1.748669e+00 2.239817e+00 4.040240e-01 -4.643186e-01 1.413438e+00 -1.695921e-01 -4.643201e-01
2453850.705611 1.748802e+00 2.239792e+00 4.041307e-01 -4.643184e-01 1.413500e+00 -1.696149e-01 -4.643199e-01
2453858.721226 9.859784e-01 2.215693e+00 4.975480e-01 -4.637706e-01 1.473265e+00 -1.843005e-01 -4.637728e-01
2453858.729825 9.860591e-01 2.215665e+00 4.976479e-01 -4.637697e-01 1.473335e+00 -1.843101e-01 -4.637719e-01
2453858.738425 1.185601e+00 2.215637e+00 4.977477e-01 -4.637687e-01 1.473405e+00 -1.843198e-01 -4.637709e-01
2453858.747025 9.862206e-01 2.215610e+00 4.978476e-01 -4.637677e-01 1.473475e+00 -1.843294e-01 -4.637699e-01
2453876.733898 1.083204e+00 2.149227e+00 7.045006e-01 -4.599518e-01 1.642602e+00 -1.716388e-01 -4.599555e-01
2453876.740368 9.010331e-01 2.149200e+00 7.045740e-01 -4.599498e-01 1.642670e+00 -1.716215e-01 -4.599534e-01
2453876.746707 9.010952e-01 2.149173e+00 7.046460e-01 -4.599478e-01 1.642736e+00 -1.716045e-01 -4.599515e-01
2453876.753087 9.011577e-01 2.149147e+00 7.047184e-01 -4.599458e-01 1.642803e+00 -1.715874e-01 -4.599495e-01
2454738.900941 1.959890e+00 -2.446232e+00 -1.778018e+00 5.680860e-01 -1.451043e+00 -1.664731e+00 5.680837e-01
2454738.911902 1.236499e+00 -2.446175e+00 -1.778099e+00 5.680783e-01 -1.451010e+00 -1.664626e+00 5.680760e-01
2454747.944329 1.672760e+00 -2.398098e+00 -1.844034e+00 5.614974e-01 -1.434952e+00 -1.578728e+00 5.614954e-01
2454747.951630 1.834056e+00 -2.398059e+00 -1.844086e+00 5.614919e-01 -1.434948e+00 -1.578660e+00 5.614899e-01
2454747.958810 1.833970e+00 -2.398020e+00 -1.844138e+00 5.614864e-01 -1.434944e+00 -1.578594e+00 5.614845e-01
2454747.965990 1.525357e+00 -2.397981e+00 -1.844190e+00 5.614810e-01 -1.434940e+00 -1.578527e+00 5.614791e-01
2454773.785183 2.641823e+00 -2.249714e+00 -2.024042e+00 5.401184e-01 -1.502283e+00 -1.371955e+00 5.401175e-01
2454773.791053 2.409366e+00 -2.249678e+00 -2.024082e+00 5.401131e-01 -1.502316e+00 -1.371919e+00 5.401122e-01
2454773.796803 2.409360e+00 -2.249643e+00 -2.024120e+00 5.401080e-01 -1.502348e+00 -1.371883e+00 5.401071e-01
2454773.802663 2.004014e+00 -2.249608e+00 -2.024160e+00 5.401027e-01 -1.502380e+00 -1.371847e+00 5.401018e-01
2454773.841723 2.197325e+00 -2.249372e+00 -2.024422e+00 5.400675e-01 -1.502597e+00 -1.371605e+00 5.400667e-01
2454773.847063 2.003980e+00 -2.249340e+00 -2.024457e+00 5.400628e-01 -1.502627e+00 -1.371572e+00 5.400619e-01
2454773.852453 2.197315e+00 -2.249307e+00 -2.024494e+00 5.400579e-01 -1.502657e+00 -1.371539e+00 5.400570e-01
2454773.857843 2.409303e+00 -2.249274e+00 -2.024530e+00 5.400531e-01 -1.502687e+00 -1.371506e+00 5.400522e-01
2454787.742123 2.243956e+00 -2.163142e+00 -2.115621e+00 5.270345e-01 -1.597931e+00 -1.304502e+00 5.270343e-01
2454787.749373 2.046562e+00 -2.163096e+00 -2.115667e+00 5.270274e-01 -1.597990e+00 -1.304478e+00 5.270272e-01
2454787.756603 2.460568e+00 -2.163050e+00 -2.115713e+00 5.270204e-01 -1.598048e+00 -1.304453e+00 5.270202e-01
2454787.763793 1.552551e+00 -2.163004e+00 -2.115760e+00 5.270134e-01 -1.598105e+00 -1.304429e+00 5.270132e-01
2454801.738130 1.518576e+00 -2.072001e+00 -2.203232e+00 5.128607e-01 -1.723181e+00 -1.280998e+00 5.128611e-01
2454801.745969 1.825823e+00 -2.071949e+00 -2.203280e+00 5.128524e-01 -1.723257e+00 -1.280999e+00 5.128529e-01
2454801.753809 1.385099e+00 -2.071897e+00 -2.203328e+00 5.128442e-01 -1.723333e+00 -1.280999e+00 5.128447e-01
2454801.761669 1.385170e+00 -2.071845e+00 -2.203376e+00 5.128360e-01 -1.723410e+00 -1.281000e+00 5.128364e-01
2455162.868834 8.010983e-01 1.088365e+00 -2.476288e+00 -1.042473e-01 1.503732e+00 -1.581235e+00 -1.042508e-01
2455162.877335 1.269504e+00 1.088438e+00 -2.476241e+00 -1.042640e-01 1.503670e+00 -1.581127e+00 -1.042675e-01
2455162.885825 1.157663e+00 1.088512e+00 -2.476194e+00 -1.042807e-01 1.503608e+00 -1.581020e+00 -1.042842e-01
2455162.894306 1.269202e+00 1.088585e+00 -2.476148e+00 -1.042974e-01 1.503547e+00 -1.580912e+00 -1.043009e-01
2455202.889646 1.450123e+00 1.418282e+00 -2.226038e+00 -1.813302e-01 1.150457e+00 -1.279882e+00 -1.813318e-01
2455202.897896 1.322422e+00 1.418347e+00 -2.225980e+00 -1.813457e-01 1.150383e+00 -1.279863e+00 -1.813473e-01
2455202.906037 1.322317e+00 1.418411e+00 -2.225923e+00 -1.813609e-01 1.150309e+00 -1.279845e+00 -1.813626e-01
2455202.914237 1.449776e+00 1.418475e+00 -2.225866e+00 -1.813763e-01 1.150236e+00 -1.279827e+00 -1.813780e-01
2455232.688458 1.798722e+00 1.640925e+00 -2.002620e+00 -2.358263e-01 9.303120e-01 -1.319180e+00 -2.358260e-01
2455232.693028 1.798722e+00 1.640957e+00 -2.002583e+00 -2.358344e-01 9.302887e-01 -1.319200e+00 -2.358341e-01
2455232.697628 1.640453e+00 1.640990e+00 -2.002546e+00 -2.358426e-01 9.302651e-01 -1.319220e+00 -2.358422e-01
2455232.702258 1.640453e+00 1.641023e+00 -2.002509e+00 -2.358508e-01 9.302414e-01 -1.319241e+00 -2.358504e-01
2455242.660635 1.386688e+00 1.710174e+00 -1.921077e+00 -2.533238e-01 8.893269e-01 -1.371755e+00 -2.533227e-01
2455242.668035 1.386721e+00 1.710225e+00 -1.921015e+00 -2.533366e-01 8.893043e-01 -1.371800e+00 -2.533356e-01
2455242.675455 1.520545e+00 1.710275e+00 -1.920953e+00 -2.533495e-01 8.892817e-01 -1.371845e+00 -2.533484e-01
2455242.682925 1.520582e+00 1.710326e+00 -1.920891e+00 -2.533625e-01 8.892590e-01 -1.371890e+00 -2.533614e-01
1 0.5
