2	0.5	1000	 1	period_start period_step period_end fixed/free
0.0				initial epoch
0.0				initial rotation angle      
0.1				convexity weight      
3 3				degree and order of spherical harmonics      
6				number of rows        
0.5	1			scattering parameters
0.1	1
-0.5	1     
0.1	0			LS coeff                 
50				iteration stop condidion
10				minimum number of iterations (only if the above value < 1)
5				Alamda multiplicative factor
0.1				Alamda initial value
1
110 0 0.12 2006.9-2010.11 V 703_CATALINA
2454008.822399 1.189914e+00 -2.336285e+00 -1.354114e+00 2.437230e-01 -1.342104e+00 -1.233372e+00 2.437223e-01
2454008.823990 1.085197e+00 -2.336276e+00 -1.354127e+00 2.437193e-01 -1.342098e+00 -1.233358e+00 2.437186e-01
2454008.834350 1.430415e+00 -2.336216e+00 -1.354212e+00 2.436954e-01 -1.342062e+00 -1.233266e+00 2.436947e-01
2454008.835940 1.568393e+00 -2.336207e+00 -1.354225e+00 2.436917e-01 -1.342057e+00 -1.233252e+00 2.436910e-01
2454008.846301 1.568225e+00 -2.336146e+00 -1.354310e+00 2.436677e-01 -1.342021e+00 -1.233161e+00 2.436670e-01
2454008.847911 1.568199e+00 -2.336137e+00 -1.354323e+00 2.436640e-01 -1.342016e+00 -1.233147e+00 2.436633e-01
2454008.858251 1.568032e+00 -2.336077e+00 -1.354408e+00 2.436401e-01 -1.341980e+00 -1.233056e+00 2.436394e-01
2454008.859851 1.568006e+00 -2.336068e+00 -1.354421e+00 2.436364e-01 -1.341974e+00 -1.233042e+00 2.436357e-01
2454024.792575 1.499999e+00 -2.239091e+00 -1.482559e+00 2.063541e-01 -1.319323e+00 -1.098035e+00 2.063547e-01
2454024.797956 1.644658e+00 -2.239057e+00 -1.482601e+00 2.063413e-01 -1.319326e+00 -1.097992e+00 2.063420e-01
2454024.803326 1.977245e+00 -2.239023e+00 -1.482643e+00 2.063286e-01 -1.319329e+00 -1.097950e+00 2.063293e-01
2454024.808696 1.644543e+00 -2.238988e+00 -1.482685e+00 2.063159e-01 -1.319332e+00 -1.097907e+00 2.063166e-01
2454030.828977 1.450192e+00 -2.200090e+00 -1.529650e+00 1.920147e-01 -1.327004e+00 -1.051966e+00 1.920159e-01
2454030.834917 1.743466e+00 -2.200051e+00 -1.529696e+00 1.920006e-01 -1.327016e+00 -1.051923e+00 1.920017e-01
2454030.840838 1.911620e+00 -2.200012e+00 -1.529742e+00 1.919865e-01 -1.327028e+00 -1.051880e+00 1.919876e-01
2454030.846758 1.911567e+00 -2.199973e+00 -1.529788e+00 1.919723e-01 -1.327040e+00 -1.051837e+00 1.919735e-01
2454052.679238 1.556942e+00 -2.048786e+00 -1.692756e+00 1.392719e-01 -1.419977e+00 -9.285722e-01 1.392747e-01
2454052.686218 1.419974e+00 -2.048735e+00 -1.692806e+00 1.392548e-01 -1.420021e+00 -9.285465e-01 1.392576e-01
2454052.693208 1.295056e+00 -2.048684e+00 -1.692856e+00 1.392378e-01 -1.420065e+00 -9.285208e-01 1.392406e-01
2454052.700178 1.557030e+00 -2.048634e+00 -1.692906e+00 1.392208e-01 -1.420109e+00 -9.284952e-01 1.392236e-01
2454094.575832 1.016134e+00 -1.716468e+00 -1.968713e+00 3.555515e-02 -1.768347e+00 -9.865494e-01 3.555967e-02
2454094.585032 1.016228e+00 -1.716389e+00 -1.968768e+00 3.553215e-02 -1.768429e+00 -9.866130e-01 3.553668e-02
2454094.594171 1.339773e+00 -1.716311e+00 -1.968822e+00 3.550931e-02 -1.768511e+00 -9.866763e-01 3.551384e-02
2454094.603331 1.469167e+00 -1.716233e+00 -1.968877e+00 3.548642e-02 -1.768592e+00 -9.867397e-01 3.549094e-02
2454124.576442 5.461683e-01 -1.447429e+00 -2.131705e+00 -3.950809e-02 -1.991939e+00 -1.311698e+00 -3.950374e-02
2454124.581752 7.894930e-01 -1.447380e+00 -2.131731e+00 -3.952135e-02 -1.991967e+00 -1.311775e+00 -3.951700e-02
2454124.587082 8.657058e-01 -1.447330e+00 -2.131757e+00 -3.953467e-02 -1.991995e+00 -1.311852e+00 -3.953032e-02
2454124.592401 1.251388e+00 -1.447280e+00 -2.131783e+00 -3.954796e-02 -1.992023e+00 -1.311930e+00 -3.954361e-02
2454130.626740 1.207156e+00 -1.390336e+00 -2.160676e+00 -5.460945e-02 -2.020002e+00 -1.403181e+00 -5.460528e-02
2454130.632110 5.778095e-01 -1.390285e+00 -2.160701e+00 -5.462284e-02 -2.020024e+00 -1.403265e+00 -5.461867e-02
2454130.637500 1.207274e+00 -1.390234e+00 -2.160726e+00 -5.463628e-02 -2.020045e+00 -1.403350e+00 -5.463211e-02
2454130.642859 1.004216e+00 -1.390183e+00 -2.160752e+00 -5.464964e-02 -2.020067e+00 -1.403434e+00 -5.464547e-02
2454144.587544 9.419162e-01 -1.255261e+00 -2.222217e+00 -8.930576e-02 -2.052794e+00 -1.640308e+00 -8.930216e-02
2454144.594014 1.492915e+00 -1.255197e+00 -2.222243e+00 -8.932178e-02 -2.052797e+00 -1.640425e+00 -8.931817e-02
2454144.600473 1.032899e+00 -1.255133e+00 -2.222270e+00 -8.933777e-02 -2.052801e+00 -1.640542e+00 -8.933416e-02
2454144.606923 9.420641e-01 -1.255070e+00 -2.222297e+00 -8.935374e-02 -2.052805e+00 -1.640659e+00 -8.935013e-02
2454157.584683 1.502711e+00 -1.125596e+00 -2.272600e+00 -1.213314e-01 -2.036833e+00 -1.885615e+00 -1.213285e-01
2454157.591922 1.039675e+00 -1.125523e+00 -2.272626e+00 -1.213492e-01 -2.036810e+00 -1.885756e+00 -1.213463e-01
2454157.599142 9.482439e-01 -1.125450e+00 -2.272652e+00 -1.213668e-01 -2.036788e+00 -1.885897e+00 -1.213640e-01
2454157.606381 1.370700e+00 -1.125377e+00 -2.272678e+00 -1.213846e-01 -2.036765e+00 -1.886039e+00 -1.213817e-01
2454383.970624 1.225565e+00 1.304482e+00 -1.896203e+00 -5.269068e-01 2.261164e+00 -1.609747e+00 -5.269084e-01
2454383.973764 1.117703e+00 1.304512e+00 -1.896181e+00 -5.269091e-01 2.261178e+00 -1.609673e+00 -5.269108e-01
2454383.976874 1.019335e+00 1.304541e+00 -1.896159e+00 -5.269115e-01 2.261191e+00 -1.609600e+00 -5.269131e-01
2454383.980004 1.019312e+00 1.304571e+00 -1.896137e+00 -5.269138e-01 2.261204e+00 -1.609527e+00 -5.269155e-01
2454390.974801 1.163476e+00 1.369788e+00 -1.845928e+00 -5.318874e-01 2.283048e+00 -1.446854e+00 -5.318887e-01
2454390.981291 1.681651e+00 1.369848e+00 -1.845881e+00 -5.318918e-01 2.283061e+00 -1.446705e+00 -5.318931e-01
2454390.987752 9.676417e-01 1.369907e+00 -1.845834e+00 -5.318961e-01 2.283074e+00 -1.446556e+00 -5.318974e-01
2454390.994292 8.824554e-01 1.369968e+00 -1.845786e+00 -5.319005e-01 2.283088e+00 -1.446405e+00 -5.319018e-01
2454403.972398 7.946890e-01 1.486909e+00 -1.747269e+00 -5.395679e-01 2.284719e+00 -1.155920e+00 -5.395685e-01
2454403.979628 1.148605e+00 1.486973e+00 -1.747213e+00 -5.395716e-01 2.284706e+00 -1.155763e+00 -5.395722e-01
2454403.986939 8.712517e-01 1.487037e+00 -1.747155e+00 -5.395753e-01 2.284694e+00 -1.155605e+00 -5.395760e-01
2454403.994419 1.148460e+00 1.487103e+00 -1.747096e+00 -5.395791e-01 2.284681e+00 -1.155444e+00 -5.395798e-01
2454412.960037 1.276059e+00 1.564605e+00 -1.675124e+00 -5.436761e-01 2.258461e+00 -9.678557e-01 -5.436763e-01
2454412.965997 8.827692e-01 1.564656e+00 -1.675076e+00 -5.436785e-01 2.258437e+00 -9.677354e-01 -5.436787e-01
2454412.971997 1.399019e+00 1.564707e+00 -1.675026e+00 -5.436809e-01 2.258413e+00 -9.676143e-01 -5.436811e-01
2454422.942950 1.161548e+00 1.647545e+00 -1.591408e+00 -5.470737e-01 2.206112e+00 -7.758336e-01 -5.470734e-01
2454422.950020 1.161468e+00 1.647603e+00 -1.591348e+00 -5.470757e-01 2.206067e+00 -7.757047e-01 -5.470753e-01
2454422.957181 1.273435e+00 1.647661e+00 -1.591286e+00 -5.470777e-01 2.206022e+00 -7.755742e-01 -5.470774e-01
2454422.964421 1.161305e+00 1.647720e+00 -1.591224e+00 -5.470797e-01 2.205976e+00 -7.754423e-01 -5.470794e-01
2454450.928114 9.472876e-01 1.859660e+00 -1.338212e+00 -5.500014e-01 1.963240e+00 -3.595360e-01 -5.499998e-01
2454450.934864 9.472153e-01 1.859707e+00 -1.338148e+00 -5.500010e-01 1.963170e+00 -3.594601e-01 -5.499993e-01
2454450.941545 1.038522e+00 1.859754e+00 -1.338085e+00 -5.500005e-01 1.963100e+00 -3.593850e-01 -5.499989e-01
2454450.948255 1.038443e+00 1.859801e+00 -1.338021e+00 -5.500000e-01 1.963031e+00 -3.593096e-01 -5.499984e-01
2454504.823905 1.445951e+00 2.172976e+00 -7.882912e-01 -5.283986e-01 1.430744e+00 -1.386995e-01 -5.283958e-01
2454504.831895 1.445855e+00 2.173012e+00 -7.882049e-01 -5.283928e-01 1.430688e+00 -1.387172e-01 -5.283900e-01
2454504.839866 1.445759e+00 2.173048e+00 -7.881189e-01 -5.283870e-01 1.430631e+00 -1.387349e-01 -5.283842e-01
2454504.847796 1.318462e+00 2.173085e+00 -7.880333e-01 -5.283812e-01 1.430575e+00 -1.387525e-01 -5.283785e-01
2454510.808664 1.259906e+00 2.199397e+00 -7.233933e-01 -5.238468e-01 1.391892e+00 -1.551057e-01 -5.238441e-01
2454510.815325 1.381395e+00 2.199425e+00 -7.233207e-01 -5.238415e-01 1.391853e+00 -1.551273e-01 -5.238388e-01
2454510.821975 1.381332e+00 2.199454e+00 -7.232483e-01 -5.238362e-01 1.391813e+00 -1.551489e-01 -5.238335e-01
2454510.828615 1.514531e+00 2.199482e+00 -7.231760e-01 -5.238309e-01 1.391774e+00 -1.551704e-01 -5.238282e-01
2454525.810571 1.411248e+00 2.257941e+00 -5.583086e-01 -5.106245e-01 1.327110e+00 -2.191168e-01 -5.106219e-01
2454525.818591 1.696663e+00 2.257970e+00 -5.582195e-01 -5.106167e-01 1.327088e+00 -2.191579e-01 -5.106142e-01
2454525.828021 1.547341e+00 2.258003e+00 -5.581148e-01 -5.106076e-01 1.327064e+00 -2.192062e-01 -5.106051e-01
2454536.702840 1.540585e+00 2.293479e+00 -4.366810e-01 -4.994417e-01 1.312540e+00 -2.792896e-01 -4.994393e-01
2454536.708770 1.540599e+00 2.293497e+00 -4.366144e-01 -4.994352e-01 1.312540e+00 -2.793241e-01 -4.994329e-01
2454536.714690 1.540613e+00 2.293515e+00 -4.365480e-01 -4.994288e-01 1.312540e+00 -2.793586e-01 -4.994265e-01
2454536.720600 1.540627e+00 2.293532e+00 -4.364816e-01 -4.994224e-01 1.312540e+00 -2.793931e-01 -4.994200e-01
2454557.819023 1.426778e+00 2.345504e+00 -1.979644e-01 -4.741304e-01 1.367371e+00 -4.030924e-01 -4.741288e-01
2454557.827663 1.426880e+00 2.345521e+00 -1.978662e-01 -4.741191e-01 1.367416e+00 -4.031402e-01 -4.741175e-01
2454557.836262 1.426982e+00 2.345538e+00 -1.977685e-01 -4.741079e-01 1.367460e+00 -4.031878e-01 -4.741062e-01
2454557.844912 1.301517e+00 2.345554e+00 -1.976701e-01 -4.740965e-01 1.367505e+00 -4.032357e-01 -4.740949e-01
2454582.716405 1.290391e+00 2.378162e+00 8.574280e-02 -4.385136e-01 1.566415e+00 -5.091404e-01 -4.385130e-01
2454582.723015 1.176948e+00 2.378166e+00 8.581814e-02 -4.385034e-01 1.566485e+00 -5.091572e-01 -4.385028e-01
2454582.729645 1.073478e+00 2.378171e+00 8.589371e-02 -4.384931e-01 1.566556e+00 -5.091741e-01 -4.384925e-01
2454582.736304 1.073567e+00 2.378175e+00 8.596961e-02 -4.384828e-01 1.566626e+00 -5.091910e-01 -4.384822e-01
2454592.701920 1.219924e+00 2.382588e+00 1.994295e-01 -4.225985e-01 1.680804e+00 -5.254259e-01 -4.225983e-01
2454592.708389 1.112678e+00 2.382589e+00 1.995030e-01 -4.225879e-01 1.680884e+00 -5.254302e-01 -4.225877e-01
2454592.714849 1.014861e+00 2.382590e+00 1.995764e-01 -4.225773e-01 1.680963e+00 -5.254345e-01 -4.225771e-01
2454592.721259 1.014946e+00 2.382592e+00 1.996493e-01 -4.225668e-01 1.681042e+00 -5.254387e-01 -4.225666e-01
2454625.666290 1.077081e+00 2.362641e+00 5.705793e-01 -3.641145e-01 2.145122e+00 -4.209116e-01 -3.641157e-01
2454625.673509 9.823980e-01 2.362631e+00 5.706595e-01 -3.641008e-01 2.145231e+00 -4.208585e-01 -3.641020e-01
2454625.680679 9.824857e-01 2.362621e+00 5.707392e-01 -3.640872e-01 2.145340e+00 -4.208057e-01 -3.640883e-01
2454625.687798 9.825728e-01 2.362611e+00 5.708183e-01 -3.640736e-01 2.145448e+00 -4.207533e-01 -3.640748e-01
2455476.742046 1.880222e+00 -2.752645e+00 -4.089135e-01 4.605272e-01 -1.781621e+00 -1.719529e-01 4.605225e-01
2455476.748416 1.714790e+00 -2.752632e+00 -4.089743e-01 4.605158e-01 -1.781636e+00 -1.719076e-01 4.605111e-01
2455476.754706 1.880238e+00 -2.752619e+00 -4.090342e-01 4.605046e-01 -1.781651e+00 -1.718628e-01 4.604998e-01
2455476.761076 2.061648e+00 -2.752607e+00 -4.090950e-01 4.604932e-01 -1.781666e+00 -1.718175e-01 4.604884e-01
2455481.753442 1.726702e+00 -2.742145e+00 -4.566320e-01 4.514757e-01 -1.796552e+00 -1.372202e-01 4.514706e-01
2455481.760382 1.893319e+00 -2.742130e+00 -4.566980e-01 4.514630e-01 -1.796577e+00 -1.371735e-01 4.514580e-01
2455481.767372 2.076014e+00 -2.742115e+00 -4.567644e-01 4.514503e-01 -1.796602e+00 -1.371265e-01 4.514453e-01
2455481.774292 1.574840e+00 -2.742100e+00 -4.568302e-01 4.514377e-01 -1.796627e+00 -1.370799e-01 4.514326e-01
2455497.710717 1.278003e+00 -2.702643e+00 -6.074797e-01 4.216632e-01 -1.883961e+00 -4.436455e-02 4.216572e-01
2455497.717656 1.278058e+00 -2.702624e+00 -6.075449e-01 4.216500e-01 -1.884012e+00 -4.433184e-02 4.216439e-01
2455497.724566 1.684880e+00 -2.702605e+00 -6.076099e-01 4.216367e-01 -1.884062e+00 -4.429927e-02 4.216307e-01
2455497.731506 1.278166e+00 -2.702586e+00 -6.076751e-01 4.216234e-01 -1.884112e+00 -4.426657e-02 4.216174e-01
2455510.654605 1.168609e+00 -2.663796e+00 -7.283554e-01 3.964127e-01 -1.994508e+00 1.645830e-03 3.964060e-01
2455510.661484 1.168676e+00 -2.663774e+00 -7.284192e-01 3.963990e-01 -1.994575e+00 1.661540e-03 3.963924e-01
2455510.668454 1.065907e+00 -2.663751e+00 -7.284839e-01 3.963852e-01 -1.994643e+00 1.677450e-03 3.963785e-01
2455510.675374 1.065968e+00 -2.663729e+00 -7.285481e-01 3.963714e-01 -1.994710e+00 1.693230e-03 3.963648e-01
1 0.5
