2	0.5	1000	 1	period_start period_step period_end fixed/free
0.0				initial epoch
0.0				initial rotation angle      
0.1				convexity weight      
3 3				degree and order of spherical harmonics      
6				number of rows        
0.5	1			scattering parameters
0.1	1
-0.5	1     
0.1	0			LS coeff                 
50				iteration stop condidion
10				minimum number of iterations (only if the above value < 1)
5				Alamda multiplicative factor
0.1				Alamda initial value
1
107 0 0.12 2005.10-2010.1 V 703_CATALINA
2453644.926592 1.446691e+00 -1.973842e+00 -1.857134e+00 6.206747e-01 -9.831702e-01 -1.713309e+00 6.206751e-01
2453644.934202 1.586180e+00 -1.973798e+00 -1.857196e+00 6.206838e-01 -9.831468e-01 -1.713242e+00 6.206843e-01
2453644.941863 1.097309e+00 -1.973753e+00 -1.857258e+00 6.206930e-01 -9.831232e-01 -1.713174e+00 6.206935e-01
2453644.949473 1.319186e+00 -1.973709e+00 -1.857320e+00 6.207022e-01 -9.830998e-01 -1.713107e+00 6.207026e-01
2453650.870435 1.268021e+00 -1.938701e+00 -1.904882e+00 6.276716e-01 -9.695247e-01 -1.661161e+00 6.276728e-01
2453650.884706 1.267907e+00 -1.938616e+00 -1.904995e+00 6.276880e-01 -9.695031e-01 -1.661038e+00 6.276892e-01
2453650.891756 1.267851e+00 -1.938573e+00 -1.905051e+00 6.276961e-01 -9.694925e-01 -1.660977e+00 6.276973e-01
2453670.856359 1.527400e+00 -1.813844e+00 -2.058626e+00 6.489797e-01 -9.895019e-01 -1.503656e+00 6.489833e-01
2453670.861389 1.674741e+00 -1.813811e+00 -2.058663e+00 6.489847e-01 -9.895190e-01 -1.503622e+00 6.489882e-01
2453670.866429 1.392973e+00 -1.813779e+00 -2.058701e+00 6.489896e-01 -9.895361e-01 -1.503588e+00 6.489931e-01
2453670.871439 1.392956e+00 -1.813746e+00 -2.058738e+00 6.489945e-01 -9.895531e-01 -1.503554e+00 6.489980e-01
2453675.804614 1.381273e+00 -1.781415e+00 -2.095032e+00 6.537268e-01 -1.008988e+00 -1.471894e+00 6.537309e-01
2453675.813304 1.381260e+00 -1.781357e+00 -2.095096e+00 6.537350e-01 -1.009027e+00 -1.471842e+00 6.537391e-01
2453675.822044 1.381248e+00 -1.781300e+00 -2.095160e+00 6.537432e-01 -1.009066e+00 -1.471789e+00 6.537473e-01
2453675.830774 1.514494e+00 -1.781242e+00 -2.095223e+00 6.537514e-01 -1.009105e+00 -1.471737e+00 6.537555e-01
2453686.846045 1.522753e+00 -1.707016e+00 -2.173837e+00 6.635635e-01 -1.070451e+00 -1.415955e+00 6.635686e-01
2453686.852485 1.388785e+00 -1.706971e+00 -2.173882e+00 6.635689e-01 -1.070494e+00 -1.415929e+00 6.635740e-01
2453686.858915 1.053516e+00 -1.706927e+00 -2.173927e+00 6.635743e-01 -1.070536e+00 -1.415903e+00 6.635794e-01
2453686.865335 1.266621e+00 -1.706883e+00 -2.173971e+00 6.635797e-01 -1.070578e+00 -1.415877e+00 6.635848e-01
2453703.689800 1.365073e+00 -1.588410e+00 -2.287455e+00 6.765623e-01 -1.202650e+00 -1.379639e+00 6.765686e-01
2453703.696220 1.245015e+00 -1.588364e+00 -2.287497e+00 6.765668e-01 -1.202707e+00 -1.379638e+00 6.765731e-01
2453703.702650 1.135516e+00 -1.588318e+00 -2.287538e+00 6.765713e-01 -1.202765e+00 -1.379637e+00 6.765776e-01
2453703.709099 1.799749e+00 -1.588271e+00 -2.287580e+00 6.765758e-01 -1.202822e+00 -1.379636e+00 6.765821e-01
2453709.725437 1.187419e+00 -1.544501e+00 -2.326194e+00 6.806323e-01 -1.257987e+00 -1.383325e+00 6.806389e-01
2453709.732337 1.082999e+00 -1.544450e+00 -2.326238e+00 6.806368e-01 -1.258052e+00 -1.383334e+00 6.806434e-01
2453709.739257 1.302125e+00 -1.544399e+00 -2.326281e+00 6.806413e-01 -1.258117e+00 -1.383344e+00 6.806479e-01
2453709.746166 1.302198e+00 -1.544349e+00 -2.326325e+00 6.806458e-01 -1.258182e+00 -1.383353e+00 6.806523e-01
2453710.733315 1.197288e+00 -1.537099e+00 -2.332560e+00 6.812819e-01 -1.267503e+00 -1.384862e+00 6.812884e-01
2453710.741345 1.197368e+00 -1.537040e+00 -2.332611e+00 6.812870e-01 -1.267580e+00 -1.384875e+00 6.812936e-01
2453710.749394 1.197448e+00 -1.536981e+00 -2.332662e+00 6.812921e-01 -1.267656e+00 -1.384888e+00 6.812987e-01
2453710.757414 1.197528e+00 -1.536922e+00 -2.332712e+00 6.812973e-01 -1.267732e+00 -1.384902e+00 6.813039e-01
2453729.710820 1.319009e+00 -1.394245e+00 -2.446882e+00 6.919077e-01 -1.452999e+00 -1.465110e+00 6.919147e-01
2453729.718799 9.126131e-01 -1.394183e+00 -2.446928e+00 6.919116e-01 -1.453077e+00 -1.465165e+00 6.919185e-01
2453729.734778 1.446654e+00 -1.394060e+00 -2.447020e+00 6.919192e-01 -1.453233e+00 -1.465274e+00 6.919262e-01
2454055.919396 8.013792e-01 1.411228e+00 -2.687978e+00 4.529672e-01 1.995099e+00 -1.889827e+00 4.529702e-01
2454055.932097 9.633405e-01 1.411327e+00 -2.687925e+00 4.529451e-01 1.995018e+00 -1.889647e+00 4.529481e-01
2454093.877632 1.020121e+00 1.696676e+00 -2.511711e+00 3.838045e-01 1.656991e+00 -1.528943e+00 3.838090e-01
2454093.885842 1.118452e+00 1.696735e+00 -2.511669e+00 3.837889e-01 1.656907e+00 -1.528907e+00 3.837934e-01
2454093.894143 1.226260e+00 1.696795e+00 -2.511626e+00 3.837731e-01 1.656822e+00 -1.528870e+00 3.837776e-01
2454093.902413 1.118274e+00 1.696855e+00 -2.511583e+00 3.837573e-01 1.656737e+00 -1.528834e+00 3.837619e-01
2454500.010878 1.317107e+00 2.299418e+00 9.690715e-01 -4.565444e-01 1.615657e+00 1.678889e+00 -4.565417e-01
2454500.017969 8.309588e-01 2.299375e+00 9.691362e-01 -4.565544e-01 1.615524e+00 1.678868e+00 -4.565516e-01
2454500.025069 8.308788e-01 2.299333e+00 9.692010e-01 -4.565644e-01 1.615392e+00 1.678848e+00 -4.565617e-01
2454500.032260 1.200868e+00 2.299289e+00 9.692666e-01 -4.565745e-01 1.615257e+00 1.678827e+00 -4.565718e-01
2454530.930191 1.222127e+00 2.093379e+00 1.241919e+00 -4.959732e-01 1.134700e+00 1.496785e+00 -4.959708e-01
2454530.940402 1.016368e+00 2.093304e+00 1.242006e+00 -4.959848e-01 1.134577e+00 1.496701e+00 -4.959823e-01
2454530.950623 9.267984e-01 2.093229e+00 1.242093e+00 -4.959964e-01 1.134455e+00 1.496617e+00 -4.959939e-01
2454530.960823 1.339429e+00 2.093155e+00 1.242179e+00 -4.960079e-01 1.134333e+00 1.496533e+00 -4.960055e-01
2454561.956646 1.253263e+00 1.847879e+00 1.492642e+00 -5.263399e-01 8.856617e-01 1.218157e+00 -5.263384e-01
2454561.957196 1.142982e+00 1.847874e+00 1.492646e+00 -5.263403e-01 8.856595e-01 1.218152e+00 -5.263389e-01
2454561.964217 1.253146e+00 1.847814e+00 1.492699e+00 -5.263461e-01 8.856309e-01 1.218089e+00 -5.263446e-01
2454561.964747 1.142875e+00 1.847810e+00 1.492704e+00 -5.263465e-01 8.856287e-01 1.218084e+00 -5.263450e-01
2454561.971777 1.253028e+00 1.847750e+00 1.492757e+00 -5.263522e-01 8.856001e-01 1.218021e+00 -5.263508e-01
2454561.972317 1.142768e+00 1.847745e+00 1.492761e+00 -5.263527e-01 8.855979e-01 1.218016e+00 -5.263512e-01
2454561.979407 9.504290e-01 1.847685e+00 1.492816e+00 -5.263585e-01 8.855690e-01 1.217953e+00 -5.263570e-01
2454561.979957 1.142659e+00 1.847680e+00 1.492820e+00 -5.263589e-01 8.855667e-01 1.217948e+00 -5.263574e-01
2454572.947679 1.213361e+00 1.752007e+00 1.574714e+00 -5.346606e-01 8.553524e-01 1.123629e+00 -5.346595e-01
2454572.954120 1.213282e+00 1.751950e+00 1.574761e+00 -5.346650e-01 8.553429e-01 1.123576e+00 -5.346640e-01
2454572.960540 1.213203e+00 1.751892e+00 1.574807e+00 -5.346695e-01 8.553334e-01 1.123524e+00 -5.346685e-01
2454572.966970 1.213124e+00 1.751835e+00 1.574854e+00 -5.346740e-01 8.553239e-01 1.123472e+00 -5.346730e-01
2454584.878856 1.318240e+00 1.642913e+00 1.659275e+00 -5.421565e-01 8.530965e-01 1.034656e+00 -5.421559e-01
2454584.889056 1.202167e+00 1.642817e+00 1.659345e+00 -5.421622e-01 8.531070e-01 1.034587e+00 -5.421616e-01
2454584.899277 1.202084e+00 1.642721e+00 1.659415e+00 -5.421679e-01 8.531177e-01 1.034519e+00 -5.421673e-01
2454584.909447 1.737421e+00 1.642626e+00 1.659485e+00 -5.421736e-01 8.531282e-01 1.034451e+00 -5.421730e-01
2454591.829182 1.267648e+00 1.577035e+00 1.706217e+00 -5.457625e-01 8.647868e-01 9.919409e-01 -5.457623e-01
2454591.837212 1.267602e+00 1.576958e+00 1.706270e+00 -5.457664e-01 8.648053e-01 9.918960e-01 -5.457661e-01
2454591.845262 1.267557e+00 1.576881e+00 1.706324e+00 -5.457702e-01 8.648239e-01 9.918511e-01 -5.457700e-01
2454591.853322 1.267511e+00 1.576804e+00 1.706377e+00 -5.457741e-01 8.648425e-01 9.918061e-01 -5.457738e-01
2454600.799466 1.234121e+00 1.489565e+00 1.764142e+00 -5.495668e-01 8.918990e-01 9.489931e-01 -5.495669e-01
2454600.805986 1.125521e+00 1.489500e+00 1.764183e+00 -5.495692e-01 8.919231e-01 9.489673e-01 -5.495693e-01
2454600.812516 1.125511e+00 1.489436e+00 1.764224e+00 -5.495716e-01 8.919472e-01 9.489415e-01 -5.495717e-01
2454600.819016 1.234086e+00 1.489371e+00 1.764265e+00 -5.495740e-01 8.919712e-01 9.489159e-01 -5.495741e-01
2455043.900654 9.618318e-01 -2.465012e+00 -1.167661e-01 2.837798e-01 -1.837456e+00 -9.145676e-01 2.837795e-01
2455043.907014 9.617783e-01 -2.465018e+00 -1.168356e-01 2.837959e-01 -1.837378e+00 -9.145698e-01 2.837956e-01
2455043.913435 7.295425e-01 -2.465024e+00 -1.169058e-01 2.838122e-01 -1.837298e+00 -9.145721e-01 2.838118e-01
2455043.919875 1.054450e+00 -2.465029e+00 -1.169761e-01 2.838285e-01 -1.837219e+00 -9.145743e-01 2.838282e-01
2455061.881807 9.891023e-01 -2.473334e+00 -3.126539e-01 3.284148e-01 -1.639843e+00 -8.869352e-01 3.284135e-01
2455061.888918 9.890430e-01 -2.473334e+00 -3.127310e-01 3.284321e-01 -1.639776e+00 -8.869121e-01 3.284307e-01
2455061.896028 9.889836e-01 -2.473335e+00 -3.128082e-01 3.284494e-01 -1.639709e+00 -8.868890e-01 3.284480e-01
2455061.902988 9.889255e-01 -2.473335e+00 -3.128838e-01 3.284663e-01 -1.639643e+00 -8.868663e-01 3.284649e-01
2455090.861445 1.284838e+00 -2.455678e+00 -6.239572e-01 3.961209e-01 -1.456844e+00 -7.379612e-01 3.961181e-01
2455090.870225 1.284789e+00 -2.455667e+00 -6.240503e-01 3.961405e-01 -1.456818e+00 -7.379048e-01 3.961378e-01
2455090.879045 1.284739e+00 -2.455656e+00 -6.241439e-01 3.961603e-01 -1.456792e+00 -7.378481e-01 3.961575e-01
2455090.887856 1.171650e+00 -2.455645e+00 -6.242373e-01 3.961800e-01 -1.456767e+00 -7.377915e-01 3.961772e-01
2455099.938804 1.247676e+00 -2.442584e+00 -7.197775e-01 4.161605e-01 -1.440628e+00 -6.784508e-01 4.161574e-01
2455099.947355 1.247655e+00 -2.442570e+00 -7.198673e-01 4.161791e-01 -1.440623e+00 -6.783941e-01 4.161760e-01
2455099.955865 1.368003e+00 -2.442556e+00 -7.199566e-01 4.161976e-01 -1.440617e+00 -6.783378e-01 4.161945e-01
2455099.964405 1.247613e+00 -2.442542e+00 -7.200463e-01 4.162162e-01 -1.440612e+00 -6.782812e-01 4.162131e-01
2455119.769855 1.681410e+00 -2.402036e+00 -9.253917e-01 4.578609e-01 -1.476882e+00 -5.533752e-01 4.578573e-01
2455119.777845 1.533518e+00 -2.402016e+00 -9.254734e-01 4.578771e-01 -1.476916e+00 -5.533299e-01 4.578735e-01
2455119.785815 1.398633e+00 -2.401997e+00 -9.255549e-01 4.578933e-01 -1.476950e+00 -5.532847e-01 4.578896e-01
2455119.793765 1.533624e+00 -2.401977e+00 -9.256361e-01 4.579094e-01 -1.476983e+00 -5.532396e-01 4.579058e-01
2455131.731873 1.373899e+00 -2.369958e+00 -1.046567e+00 4.815813e-01 -1.544102e+00 -4.936855e-01 4.815776e-01
2455131.739712 1.506545e+00 -2.369935e+00 -1.046646e+00 4.815965e-01 -1.544157e+00 -4.936526e-01 4.815927e-01
2455131.747442 1.374070e+00 -2.369912e+00 -1.046723e+00 4.816115e-01 -1.544210e+00 -4.936202e-01 4.816077e-01
2455131.755202 1.506731e+00 -2.369890e+00 -1.046801e+00 4.816265e-01 -1.544264e+00 -4.935876e-01 4.816227e-01
2455133.732604 1.161829e+00 -2.364051e+00 -1.066607e+00 4.854413e-01 -1.558398e+00 -4.855905e-01 4.854375e-01
2455133.738034 1.273979e+00 -2.364035e+00 -1.066661e+00 4.854517e-01 -1.558438e+00 -4.855694e-01 4.854479e-01
2455133.743484 1.274039e+00 -2.364018e+00 -1.066716e+00 4.854622e-01 -1.558478e+00 -4.855482e-01 4.854584e-01
2455146.700466 1.207761e+00 -2.322114e+00 -1.194778e+00 5.096940e-01 -1.669883e+00 -4.499091e-01 5.096903e-01
2455146.707676 1.207861e+00 -2.322089e+00 -1.194848e+00 5.097071e-01 -1.669954e+00 -4.498982e-01 5.097034e-01
2455146.714946 1.324503e+00 -2.322064e+00 -1.194919e+00 5.097204e-01 -1.670025e+00 -4.498873e-01 5.097166e-01
2455146.722245 1.208062e+00 -2.322038e+00 -1.194991e+00 5.097336e-01 -1.670096e+00 -4.498764e-01 5.097299e-01
2455212.578864 9.565432e-01 -2.020101e+00 -1.792306e+00 6.116261e-01 -2.446335e+00 -9.057422e-01 6.116250e-01
2455212.585653 1.048916e+00 -2.020063e+00 -1.792363e+00 6.116347e-01 -2.446404e+00 -9.058496e-01 6.116337e-01
2455212.592993 1.049011e+00 -2.020022e+00 -1.792423e+00 6.116440e-01 -2.446479e+00 -9.059658e-01 6.116430e-01
2455212.599872 8.726027e-01 -2.019984e+00 -1.792481e+00 6.116528e-01 -2.446549e+00 -9.060747e-01 6.116517e-01
1 0.5
