2	0.5	1000	 1	period_start period_step period_end fixed/free
0.0				initial epoch
0.0				initial rotation angle      
0.1				convexity weight      
3 3				degree and order of spherical harmonics      
6				number of rows        
0.5	1			scattering parameters
0.1	1
-0.5	1     
0.1	0			LS coeff                 
50				iteration stop condidion
10				minimum number of iterations (only if the above value < 1)
5				Alamda multiplicative factor
0.1				Alamda initial value
11
40 0   0.012   2009-08-02.3   R   Warner
2455045.642260  8.978965e-01    -1.05766428   1.34658518  -0.56856916   -0.40731506   0.56753805  -0.56856618
2455045.651368  8.995519e-01    -1.05775600   1.34650151  -0.56860105   -0.40728905   0.56755421  -0.56859807
2455045.657439  8.823202e-01    -1.05781714   1.34644573  -0.56862231   -0.40727172   0.56756500  -0.56861933
2455045.660489  8.831332e-01    -1.05784786   1.34641771  -0.56863299   -0.40726302   0.56757042  -0.56863001
2455045.663524  9.053704e-01    -1.05787842   1.34638982  -0.56864361   -0.40725436   0.56757581  -0.56864063
2455045.675521  9.436832e-01    -1.05799924   1.34627958  -0.56868561   -0.40722014   0.56759715  -0.56868263
2455045.678564  9.324515e-01    -1.05802988   1.34625162  -0.56869626   -0.40721146   0.56760256  -0.56869329
2455045.681602  9.037042e-01    -1.05806047   1.34622370  -0.56870690   -0.40720280   0.56760797  -0.56870392
2455045.684646  9.710158e-01    -1.05809112   1.34619573  -0.56871755   -0.40719412   0.56761339  -0.56871458
2455045.687692  9.281673e-01    -1.05812179   1.34616773  -0.56872821   -0.40718544   0.56761882  -0.56872524
2455045.693770  9.196579e-01    -1.05818299   1.34611188  -0.56874948   -0.40716812   0.56762965  -0.56874651
2455045.696815  9.692286e-01    -1.05821365   1.34608389  -0.56876014   -0.40715945   0.56763507  -0.56875717
2455045.702014  9.674448e-01    -1.05826599   1.34603611  -0.56877834   -0.40714464   0.56764434  -0.56877536
2455045.705057  9.692286e-01    -1.05829663   1.34600814  -0.56878899   -0.40713597   0.56764977  -0.56878601
2455045.708091  9.376186e-01    -1.05832718   1.34598026  -0.56879960   -0.40712733   0.56765519  -0.56879663
2455045.711125  9.845238e-01    -1.05835772   1.34595237  -0.56881022   -0.40711870   0.56766060  -0.56880725
2455045.714168  9.559304e-01    -1.05838836   1.34592440  -0.56882087   -0.40711003   0.56766603  -0.56881790
2455045.717213  9.818073e-01    -1.05841901   1.34589642  -0.56883152   -0.40710137   0.56767147  -0.56882855
2455045.720253  9.800003e-01    -1.05844962   1.34586847  -0.56884216   -0.40709271   0.56767690  -0.56883919
2455045.723295  9.497871e-01    -1.05848024   1.34584051  -0.56885281   -0.40708406   0.56768233  -0.56884983
2455045.739600  1.017715e+00    -1.05864438   1.34569062  -0.56890985   -0.40703768   0.56771148  -0.56890688
2455045.742640  1.012107e+00    -1.05867498   1.34566267  -0.56892049   -0.40702904   0.56771692  -0.56891752
2455045.745673  1.018653e+00    -1.05870551   1.34563479  -0.56893110   -0.40702042   0.56772235  -0.56892813
2455045.773991  9.809035e-01    -1.05899054   1.34537441  -0.56903016   -0.40693998   0.56777311  -0.56902719
2455045.783104  1.060782e+00    -1.05908225   1.34529061  -0.56906203   -0.40691412   0.56778947  -0.56905907
2455045.795271  1.063717e+00    -1.05920470   1.34517871  -0.56910458   -0.40687960   0.56781133  -0.56910162
2455045.803146  1.068627e+00    -1.05928394   1.34510628  -0.56913212   -0.40685728   0.56782549  -0.56912916
2455045.806189  1.033776e+00    -1.05931456   1.34507829  -0.56914276   -0.40684865   0.56783096  -0.56913980
2455045.821373  1.056881e+00    -1.05946735   1.34493863  -0.56919585   -0.40680563   0.56785830  -0.56919289
2455045.824416  1.084492e+00    -1.05949796   1.34491063  -0.56920649   -0.40679701   0.56786378  -0.56920353
2455045.827452  1.074549e+00    -1.05952851   1.34488271  -0.56921710   -0.40678841   0.56786926  -0.56921414
2455045.846731  1.044302e+00    -1.05972249   1.34470533  -0.56928450   -0.40673384   0.56790404  -0.56928154
2455045.852815  1.086491e+00    -1.05978369   1.34464936  -0.56930577   -0.40671663   0.56791503  -0.56930281
2455045.855852  1.100592e+00    -1.05981424   1.34462141  -0.56931638   -0.40670805   0.56792051  -0.56931342
2455045.861927  1.037591e+00    -1.05987536   1.34456551  -0.56933761   -0.40669087   0.56793149  -0.56933466
2455045.890866  1.097555e+00    -1.06016645   1.34429920  -0.56943875   -0.40660911   0.56798387  -0.56943579
2455045.893900  1.111799e+00    -1.06019697   1.34427128  -0.56944935   -0.40660055   0.56798937  -0.56944639
2455045.897988  1.123120e+00    -1.06023808   1.34423365  -0.56946363   -0.40658901   0.56799678  -0.56946068
2455045.901031  1.111799e+00    -1.06026869   1.34420564  -0.56947426   -0.40658042   0.56800230  -0.56947131
2455045.904069  1.052026e+00    -1.06029924   1.34417768  -0.56948488   -0.40657185   0.56800781  -0.56948193
35 0   0.014   2009-08-03.2   R   Warner
2455046.630994  9.586887e-01    -1.06759614   1.33746882  -0.57201708   -0.40455573   0.56936668  -0.57201420
2455046.634032  9.846403e-01    -1.06762657   1.33744071  -0.57202763   -0.40454745   0.56937253  -0.57202475
2455046.637079  9.928362e-01    -1.06765710   1.33741251  -0.57203821   -0.40453915   0.56937839  -0.57203533
2455046.640114  1.028200e+00    -1.06768750   1.33738443  -0.57204875   -0.40453088   0.56938424  -0.57204587
2455046.643146  9.983382e-01    -1.06771788   1.33735637  -0.57205928   -0.40452262   0.56939008  -0.57205640
2455046.646179  9.955834e-01    -1.06774826   1.33732830  -0.57206981   -0.40451436   0.56939592  -0.57206694
2455046.649223  9.684510e-01    -1.06777875   1.33730013  -0.57208038   -0.40450607   0.56940178  -0.57207751
2455046.652320  9.837338e-01    -1.06780978   1.33727146  -0.57209114   -0.40449764   0.56940775  -0.57208826
2455046.661324  1.007576e+00    -1.06789998   1.33718812  -0.57212240   -0.40447313   0.56942512  -0.57211953
2455046.664421  9.919224e-01    -1.06793100   1.33715946  -0.57213316   -0.40446470   0.56943109  -0.57213028
2455046.667512  9.937513e-01    -1.06796196   1.33713085  -0.57214389   -0.40445629   0.56943706  -0.57214101
2455046.670583  9.910092e-01    -1.06799272   1.33710242  -0.57215455   -0.40444794   0.56944298  -0.57215168
2455046.673669  9.756130e-01    -1.06802363   1.33707385  -0.57216526   -0.40443955   0.56944894  -0.57216239
2455046.676760  1.032946e+00    -1.06805459   1.33704524  -0.57217599   -0.40443114   0.56945491  -0.57217312
2455046.693977  9.900967e-01    -1.06822703   1.33688586  -0.57223576   -0.40438434   0.56948818  -0.57223289
2455046.697127  1.011294e+00    -1.06825858   1.33685670  -0.57224670   -0.40437578   0.56949428  -0.57224383
2455046.700238  1.027254e+00    -1.06828973   1.33682790  -0.57225749   -0.40436733   0.56950030  -0.57225462
2455046.703330  1.034851e+00    -1.06832070   1.33679927  -0.57226823   -0.40435894   0.56950628  -0.57226536
2455046.706417  1.030096e+00    -1.06835161   1.33677069  -0.57227894   -0.40435055   0.56951225  -0.57227607
2455046.709508  9.604564e-01    -1.06838257   1.33674207  -0.57228967   -0.40434216   0.56951824  -0.57228680
2455046.712615  9.738176e-01    -1.06841368   1.33671330  -0.57230045   -0.40433373   0.56952425  -0.57229758
2455046.727445  9.640014e-01    -1.06856218   1.33657598  -0.57235192   -0.40429349   0.56955299  -0.57234905
2455046.761969  1.038670e+00    -1.06890786   1.33625624  -0.57247171   -0.40419992   0.56962002  -0.57246884
2455046.768036  9.992581e-01    -1.06896859   1.33620004  -0.57249275   -0.40418349   0.56963182  -0.57248989
2455046.771069  9.965007e-01    -1.06899896   1.33617195  -0.57250327   -0.40417528   0.56963772  -0.57250041
2455046.774101  9.738176e-01    -1.06902931   1.33614386  -0.57251379   -0.40416708   0.56964362  -0.57251093
2455046.777134  9.937513e-01    -1.06905967   1.33611577  -0.57252431   -0.40415887   0.56964952  -0.57252145
2455046.790673  1.016899e+00    -1.06919520   1.33599034  -0.57257127   -0.40412225   0.56967588  -0.57256841
2455046.793708  9.900967e-01    -1.06922558   1.33596223  -0.57258180   -0.40411404   0.56968180  -0.57257894
2455046.796740  1.033898e+00    -1.06925593   1.33593414  -0.57259232   -0.40410585   0.56968771  -0.57258946
2455046.799772  1.039627e+00    -1.06928628   1.33590605  -0.57260283   -0.40409765   0.56969362  -0.57259997
2455046.805838  9.837338e-01    -1.06934699   1.33584984  -0.57262387   -0.40408126   0.56970545  -0.57262101
2455046.808870  1.010363e+00    -1.06937734   1.33582175  -0.57263438   -0.40407307   0.56971136  -0.57263152
2455046.817971  1.007576e+00    -1.06946844   1.33573741  -0.57266594   -0.40404849   0.56972913  -0.57266309
2455046.821958  1.020652e+00    -1.06950834   1.33570047  -0.57267977   -0.40403772   0.56973691  -0.57267691
31 0   0.016   2009-08-04.3   R   Warner
2455047.676060  8.953216e-01    -1.07803672   1.32776142  -0.57563081   -0.40178129   0.57145936  -0.57562804
2455047.679078  8.589720e-01    -1.07806678   1.32773328  -0.57564120   -0.40177349   0.57146564  -0.57563843
2455047.685137  8.677191e-01    -1.07812714   1.32767678  -0.57566206   -0.40175784   0.57147825  -0.57565929
2455047.735336  9.061061e-01    -1.07862714   1.32720862  -0.57583483   -0.40162838   0.57158291  -0.57583207
2455047.738436  8.854807e-01    -1.07865801   1.32717970  -0.57584550   -0.40162040   0.57158939  -0.57584274
2455047.741517  8.789803e-01    -1.07868869   1.32715096  -0.57585610   -0.40161247   0.57159582  -0.57585334
2455047.744594  9.069410e-01    -1.07871933   1.32712226  -0.57586669   -0.40160455   0.57160225  -0.57586393
2455047.747671  9.470635e-01    -1.07874997   1.32709356  -0.57587727   -0.40159663   0.57160869  -0.57587451
2455047.750744  9.514348e-01    -1.07878058   1.32706489  -0.57588785   -0.40158872   0.57161511  -0.57588509
2455047.753821  9.246535e-01    -1.07881122   1.32703618  -0.57589843   -0.40158080   0.57162155  -0.57589567
2455047.800406  9.844168e-01    -1.07927505   1.32660152  -0.57605868   -0.40146109   0.57171913  -0.57605593
2455047.803482  1.011065e+00    -1.07930567   1.32657281  -0.57606926   -0.40145320   0.57172559  -0.57606650
2455047.806558  1.026075e+00    -1.07933629   1.32654410  -0.57607984   -0.40144530   0.57173205  -0.57607708
2455047.809637  1.017604e+00    -1.07936694   1.32651537  -0.57609042   -0.40143741   0.57173851  -0.57608767
2455047.812713  1.023244e+00    -1.07939756   1.32648666  -0.57610100   -0.40142952   0.57174497  -0.57609825
2455047.815804  1.061644e+00    -1.07942833   1.32645781  -0.57611163   -0.40142159   0.57175146  -0.57610888
2455047.832616  1.032711e+00    -1.07959568   1.32630090  -0.57616944   -0.40137850   0.57178680  -0.57616669
2455047.835690  1.071467e+00    -1.07962627   1.32627220  -0.57618001   -0.40137062   0.57179326  -0.57617726
2455047.838773  1.090383e+00    -1.07965696   1.32624343  -0.57619061   -0.40136272   0.57179975  -0.57618786
2455047.844944  1.057740e+00    -1.07971838   1.32618582  -0.57621182   -0.40134692   0.57181273  -0.57620907
2455047.848023  1.027020e+00    -1.07974902   1.32615708  -0.57622241   -0.40133904   0.57181921  -0.57621966
2455047.851104  1.016668e+00    -1.07977969   1.32612832  -0.57623300   -0.40133115   0.57182570  -0.57623025
2455047.854207  9.981115e-01    -1.07981057   1.32609935  -0.57624367   -0.40132321   0.57183224  -0.57624092
2455047.860362  1.053851e+00    -1.07987182   1.32604189  -0.57626482   -0.40130746   0.57184520  -0.57626208
2455047.865369  1.052880e+00    -1.07992166   1.32599513  -0.57628204   -0.40129465   0.57185576  -0.57627929
2455047.868443  1.061644e+00    -1.07995225   1.32596643  -0.57629260   -0.40128679   0.57186224  -0.57628986
2455047.871539  1.096425e+00    -1.07998306   1.32593752  -0.57630324   -0.40127888   0.57186876  -0.57630050
2455047.874616  1.092393e+00    -1.08001368   1.32590879  -0.57631382   -0.40127101   0.57187525  -0.57631107
2455047.877722  1.076413e+00    -1.08004459   1.32587979  -0.57632450   -0.40126307   0.57188180  -0.57632175
2455047.880797  1.044189e+00    -1.08007519   1.32585108  -0.57633506   -0.40125521   0.57188829  -0.57633232
2455047.883898  1.081382e+00    -1.08010605   1.32582213  -0.57634572   -0.40124729   0.57189484  -0.57634298
23 0   0.023   2009-08-05.2   R   Warner
2455048.641645  9.914049e-01    -1.08763060   1.31872738  -0.57894156   -0.39935111   0.57353608  -0.57893889
2455048.644686  9.968990e-01    -1.08766074   1.31869882  -0.57895194   -0.39934366   0.57354284  -0.57894928
2455048.647722  9.599552e-01    -1.08769082   1.31867032  -0.57896231   -0.39933623   0.57354958  -0.57895965
2455048.650770  9.760026e-01    -1.08772103   1.31864171  -0.57897272   -0.39932876   0.57355635  -0.57897005
2455048.656861  1.011698e+00    -1.08778138   1.31858452  -0.57899351   -0.39931386   0.57356989  -0.57899085
2455048.671116  9.372404e-01    -1.08792262   1.31845067  -0.57904218   -0.39927898   0.57360160  -0.57903952
2455048.674214  9.372404e-01    -1.08795331   1.31842158  -0.57905276   -0.39927141   0.57360850  -0.57905010
2455048.689719  9.895805e-01    -1.08810692   1.31827598  -0.57910568   -0.39923352   0.57364302  -0.57910302
2455048.692810  9.337941e-01    -1.08813754   1.31824695  -0.57911623   -0.39922597   0.57364991  -0.57911357
2455048.695938  9.679457e-01    -1.08816853   1.31821757  -0.57912691   -0.39921833   0.57365688  -0.57912425
2455048.704219  9.932328e-01    -1.08825056   1.31813980  -0.57915517   -0.39919811   0.57367535  -0.57915251
2455048.710420  9.796048e-01    -1.08831199   1.31808156  -0.57917633   -0.39918298   0.57368918  -0.57917368
2455048.722799  1.040042e+00    -1.08843462   1.31796527  -0.57921858   -0.39915279   0.57371681  -0.57921592
2455048.725892  1.018242e+00    -1.08846525   1.31793622  -0.57922914   -0.39914525   0.57372372  -0.57922648
2455048.728984  1.038128e+00    -1.08849588   1.31790717  -0.57923969   -0.39913771   0.57373062  -0.57923703
2455048.800301  1.027663e+00    -1.08920211   1.31723705  -0.57948296   -0.39896425   0.57389029  -0.57948031
2455048.803400  1.022000e+00    -1.08923279   1.31720793  -0.57949352   -0.39895673   0.57389725  -0.57949088
2455048.806494  1.035264e+00    -1.08926343   1.31717885  -0.57950407   -0.39894922   0.57390419  -0.57950143
2455048.809582  1.035264e+00    -1.08929400   1.31714982  -0.57951460   -0.39894173   0.57391112  -0.57951196
2455048.812677  1.023884e+00    -1.08932464   1.31712073  -0.57952516   -0.39893422   0.57391807  -0.57952251
2455048.815797  1.030507e+00    -1.08935553   1.31709141  -0.57953579   -0.39892666   0.57392508  -0.57953315
2455048.818892  1.032407e+00    -1.08938616   1.31706231  -0.57954635   -0.39891915   0.57393204  -0.57954370
2455048.821984  1.022000e+00    -1.08941677   1.31703325  -0.57955689   -0.39891166   0.57393898  -0.57955424
37 0   0.014   2009-08-08.2   R   Warner
2455051.636451  9.003983e-01    -1.11706004   1.29031629  -0.58903663   -0.39265902   0.58082487  -0.58903429
2455051.639572  9.087292e-01    -1.11709044   1.29028638  -0.58904702   -0.39265273   0.58083311  -0.58904467
2455051.642666  9.146069e-01    -1.11712059   1.29025672  -0.58905731   -0.39264649   0.58084129  -0.58905497
2455051.645750  9.489306e-01    -1.11715064   1.29022716  -0.58906757   -0.39264028   0.58084944  -0.58906523
2455051.648847  9.550687e-01    -1.11718081   1.29019748  -0.58907787   -0.39263405   0.58085763  -0.58907553
2455051.656948  9.541896e-01    -1.11725973   1.29011982  -0.58910482   -0.39261774   0.58087905  -0.58910247
2455051.660041  9.239203e-01    -1.11728987   1.29009017  -0.58911510   -0.39261152   0.58088724  -0.58911276
2455051.663132  9.179827e-01    -1.11731998   1.29006054  -0.58912538   -0.39260530   0.58089541  -0.58912304
2455051.666225  8.979138e-01    -1.11735011   1.29003089  -0.58913567   -0.39259908   0.58090360  -0.58913333
2455051.669334  9.196756e-01    -1.11738039   1.29000109  -0.58914601   -0.39259283   0.58091183  -0.58914367
2455051.672450  9.612460e-01    -1.11741075   1.28997122  -0.58915637   -0.39258657   0.58092007  -0.58915403
2455051.675549  9.945681e-01    -1.11744094   1.28994151  -0.58916668   -0.39258034   0.58092828  -0.58916434
2455051.678665  9.836366e-01    -1.11747129   1.28991163  -0.58917704   -0.39257408   0.58093653  -0.58917470
2455051.681792  9.385007e-01    -1.11750175   1.28988165  -0.58918744   -0.39256780   0.58094481  -0.58918510
2455051.692909  9.256238e-01    -1.11761004   1.28977506  -0.58922441   -0.39254548   0.58097427  -0.58922207
2455051.696024  9.515567e-01    -1.11764038   1.28974519  -0.58923477   -0.39253924   0.58098252  -0.58923243
2455051.699116  9.594772e-01    -1.11767050   1.28971554  -0.58924505   -0.39253303   0.58099072  -0.58924271
2455051.702228  9.881766e-01    -1.11770081   1.28968570  -0.58925539   -0.39252679   0.58099897  -0.58925306
2455051.705349  9.755161e-01    -1.11773121   1.28965577  -0.58926577   -0.39252053   0.58100724  -0.58926344
2455051.711544  9.991591e-01    -1.11779154   1.28959637  -0.58928637   -0.39250812   0.58102367  -0.58928403
2455051.732130  1.001923e+00    -1.11799202   1.28939895  -0.58935480   -0.39246690   0.58107831  -0.58935247
2455051.744545  9.454414e-01    -1.11811292   1.28927987  -0.58939607   -0.39244207   0.58111129  -0.58939374
2455051.747664  1.000079e+00    -1.11814329   1.28924995  -0.58940643   -0.39243583   0.58111957  -0.58940410
2455051.752395  9.818260e-01    -1.11818935   1.28920457  -0.58942215   -0.39242638   0.58113215  -0.58941982
2455051.761698  1.070618e+00    -1.11827993   1.28911533  -0.58945307   -0.39240780   0.58115688  -0.58945074
2455051.764792  1.009333e+00    -1.11831006   1.28908565  -0.58946335   -0.39240163   0.58116511  -0.58946102
2455051.777171  1.085512e+00    -1.11843058   1.28896690  -0.58950448   -0.39237693   0.58119805  -0.58950216
2455051.794680  1.110797e+00    -1.11860102   1.28879891  -0.58956265   -0.39234204   0.58124467  -0.58956033
2455051.807076  1.006548e+00    -1.11872170   1.28867996  -0.58960383   -0.39231737   0.58127770  -0.58960151
2455051.813271  1.068648e+00    -1.11878200   1.28862052  -0.58962441   -0.39230504   0.58129422  -0.58962209
2455051.817931  1.106712e+00    -1.11882735   1.28857580  -0.58963989   -0.39229578   0.58130664  -0.58963757
2455051.821046  1.036656e+00    -1.11885767   1.28854591  -0.58965023   -0.39228959   0.58131495  -0.58964791
2455051.845846  1.136671e+00    -1.11909903   1.28830789  -0.58973259   -0.39224035   0.58138115  -0.58973027
2455051.866514  1.111820e+00    -1.11930016   1.28810950  -0.58980122   -0.39219938   0.58143638  -0.58979890
2455051.869631  1.166365e+00    -1.11933049   1.28807958  -0.58981157   -0.39219320   0.58144471  -0.58980925
2455051.872726  1.115924e+00    -1.11936060   1.28804986  -0.58982184   -0.39218708   0.58145299  -0.58981952
2455051.875840  1.126249e+00    -1.11939090   1.28801997  -0.58983218   -0.39218091   0.58146132  -0.58982986
23 0   0.016   2009-08-09.2   R   Warner
2455052.624620  9.546718e-01    -1.12666074   1.28081343  -0.59230956   -0.39074121   0.58350214  -0.59230733
2455052.627639  9.075160e-01    -1.12668998   1.28078430  -0.59231952   -0.39073558   0.58351052  -0.59231728
2455052.645784  9.923258e-01    -1.12686575   1.28060922  -0.59237934   -0.39070175   0.58356091  -0.59237711
2455052.648809  9.312242e-01    -1.12689505   1.28058003  -0.59238932   -0.39069612   0.58356932  -0.59238708
2455052.651838  1.002431e+00    -1.12692439   1.28055080  -0.59239930   -0.39069048   0.58357774  -0.59239707
2455052.663694  9.969061e-01    -1.12703924   1.28043637  -0.59243839   -0.39066842   0.58361070  -0.59243616
2455052.668690  9.459196e-01    -1.12708762   1.28038815  -0.59245485   -0.39065913   0.58362460  -0.59245262
2455052.684115  1.049674e+00    -1.12723701   1.28023928  -0.59250569   -0.39063047   0.58366752  -0.59250346
2455052.687213  9.715255e-01    -1.12726701   1.28020937  -0.59251590   -0.39062471   0.58367614  -0.59251367
2455052.696485  9.441788e-01    -1.12735680   1.28011987  -0.59254646   -0.39060751   0.58370197  -0.59254423
2455052.711097  1.021067e+00    -1.12749830   1.27997881  -0.59259461   -0.39058042   0.58374268  -0.59259238
2455052.714197  1.022950e+00    -1.12752831   1.27994888  -0.59260482   -0.39057467   0.58375132  -0.59260260
2455052.717275  9.923258e-01    -1.12755812   1.27991917  -0.59261496   -0.39056897   0.58375990  -0.59261274
2455052.720352  1.080076e+00    -1.12758791   1.27988946  -0.59262510   -0.39056328   0.58376848  -0.59262287
2455052.726528  1.051609e+00    -1.12764770   1.27982983  -0.59264544   -0.39055185   0.58378571  -0.59264322
2455052.729605  9.832282e-01    -1.12767750   1.27980012  -0.59265558   -0.39054615   0.58379429  -0.59265336
2455052.733901  1.035271e+00    -1.12771909   1.27975864  -0.59266973   -0.39053821   0.58380628  -0.59266751
2455052.746254  9.608469e-01    -1.12783868   1.27963937  -0.59271042   -0.39051538   0.58384076  -0.59270820
2455052.749334  1.039092e+00    -1.12786849   1.27960963  -0.59272057   -0.39050969   0.58384936  -0.59271835
2455052.775804  1.062317e+00    -1.12812473   1.27935399  -0.59280774   -0.39046085   0.58392332  -0.59280553
2455052.798853  9.823230e-01    -1.12834780   1.27913136  -0.59288363   -0.39041842   0.58398780  -0.59288142
2455052.801936  1.044851e+00    -1.12837764   1.27910158  -0.59289378   -0.39041275   0.58399643  -0.59289157
2455052.863600  1.027671e+00    -1.12897430   1.27850579  -0.59309673   -0.39029964   0.58416931  -0.59309452
15 0   0.010   2009-08-17.3   R   Warner
2455060.678340  9.609795e-01    -1.20280770   1.20106479  -0.61788742   -0.38089957   0.60992925  -0.61788609
2455060.698183  9.322107e-01    -1.20299058   1.20086338  -0.61794799   -0.38088872   0.61000375  -0.61794666
2455060.716401  1.009983e+00    -1.20315848   1.20067843  -0.61800359   -0.38087882   0.61007218  -0.61800227
2455060.773876  1.053693e+00    -1.20368801   1.20009483  -0.61817894   -0.38084797   0.61028830  -0.61817762
2455060.776923  1.019328e+00    -1.20371608   1.20006389  -0.61818823   -0.38084635   0.61029977  -0.61818691
2455060.800869  1.036368e+00    -1.20393664   1.19982068  -0.61826126   -0.38083367   0.61038993  -0.61825994
2455060.813036  9.842696e-01    -1.20404870   1.19969709  -0.61829835   -0.38082727   0.61043576  -0.61829704
2455060.816077  9.680864e-01    -1.20407670   1.19966620  -0.61830762   -0.38082567   0.61044722  -0.61830631
2455060.819112  1.038279e+00    -1.20410465   1.19963537  -0.61831688   -0.38082408   0.61045865  -0.61831556
2455060.822147  1.066385e+00    -1.20413260   1.19960454  -0.61832613   -0.38082249   0.61047009  -0.61832482
2455060.841878  1.030657e+00    -1.20431429   1.19940408  -0.61838627   -0.38081220   0.61054447  -0.61838496
2455060.844922  9.716595e-01    -1.20434232   1.19937316  -0.61839555   -0.38081062   0.61055595  -0.61839424
2455060.847965  1.002569e+00    -1.20437033   1.19934224  -0.61840482   -0.38080904   0.61056743  -0.61840352
2455060.851010  9.680864e-01    -1.20439837   1.19931131  -0.61841410   -0.38080746   0.61057891  -0.61841280
2455060.854043  9.574455e-01    -1.20442629   1.19928049  -0.61842335   -0.38080589   0.61059035  -0.61842204
14 0   0.038   2009-08-19.2   R   Warner
2455062.664117  9.447590e-01    -1.22099181   1.18079203  -0.62388868   -0.38015682   0.61759168  -0.62388758
2455062.680904  1.041648e+00    -1.22114452   1.18061965  -0.62393889   -0.38015352   0.61765820  -0.62393779
2455062.683950  1.001200e+00    -1.22117222   1.18058837  -0.62394800   -0.38015293   0.61767028  -0.62394690
2455062.686993  9.526223e-01    -1.22119990   1.18055712  -0.62395710   -0.38015234   0.61768234  -0.62395600
2455062.690034  9.911079e-01    -1.22122756   1.18052590  -0.62396619   -0.38015175   0.61769440  -0.62396510
2455062.693077  1.020754e+00    -1.22125523   1.18049465  -0.62397529   -0.38015117   0.61770646  -0.62397420
2455062.703309  1.025465e+00    -1.22134829   1.18038957  -0.62400589   -0.38014920   0.61774703  -0.62400479
2455062.706342  9.856463e-01    -1.22137587   1.18035842  -0.62401496   -0.38014863   0.61775906  -0.62401386
2455062.709385  1.101846e+00    -1.22140354   1.18032717  -0.62402405   -0.38014805   0.61777113  -0.62402296
2455062.712417  9.360971e-01    -1.22143113   1.18029602  -0.62403312   -0.38014747   0.61778316  -0.62403203
2455062.715467  9.335141e-01    -1.22145886   1.18026469  -0.62404224   -0.38014690   0.61779526  -0.62404115
2455062.718513  1.043569e+00    -1.22148656   1.18023341  -0.62405135   -0.38014632   0.61780735  -0.62405025
2455062.721555  9.685473e-01    -1.22151422   1.18020216  -0.62406044   -0.38014575   0.61781942  -0.62405935
2455062.724592  1.053224e+00    -1.22154184   1.18017097  -0.62406952   -0.38014518   0.61783147  -0.62406843
17 0   0.009   2009-08-20.3   R   Warner
2455063.720410  9.485946e-01    -1.23056668   1.16991341  -0.62703091   -0.38004821   0.62183282  -0.62702993
2455063.726599  9.942156e-01    -1.23062257   1.16984948  -0.62704921   -0.38004816   0.62185799  -0.62704824
2455063.729715  9.823824e-01    -1.23065072   1.16981729  -0.62705843   -0.38004814   0.62187067  -0.62705745
2455063.735899  9.905595e-01    -1.23070657   1.16975341  -0.62707672   -0.38004811   0.62189583  -0.62707575
2455063.740218  9.823824e-01    -1.23074557   1.16970879  -0.62708950   -0.38004809   0.62191341  -0.62708852
2455063.749497  9.591369e-01    -1.23082936   1.16961293  -0.62711694   -0.38004807   0.62195117  -0.62711596
2455063.755706  1.011767e+00    -1.23088544   1.16954877  -0.62713530   -0.38004806   0.62197645  -0.62713433
2455063.758796  1.008976e+00    -1.23091334   1.16951685  -0.62714444   -0.38004806   0.62198903  -0.62714347
2455063.772672  1.028681e+00    -1.23103863   1.16937348  -0.62718547   -0.38004807   0.62204553  -0.62718450
2455063.775791  1.017374e+00    -1.23106679   1.16934125  -0.62719469   -0.38004808   0.62205823  -0.62719372
2455063.778883  1.045877e+00    -1.23109471   1.16930930  -0.62720383   -0.38004808   0.62207083  -0.62720286
2455063.781976  1.022070e+00    -1.23112263   1.16927734  -0.62721297   -0.38004810   0.62208343  -0.62721200
2455063.794371  9.796717e-01    -1.23123454   1.16914925  -0.62724962   -0.38004816   0.62213393  -0.62724865
2455063.800559  1.001568e+00    -1.23129040   1.16908530  -0.62726791   -0.38004820   0.62215915  -0.62726694
2455063.804760  1.040113e+00    -1.23132832   1.16904189  -0.62728032   -0.38004823   0.62217627  -0.62727936
2455063.807852  1.023954e+00    -1.23135624   1.16900993  -0.62728946   -0.38004826   0.62218887  -0.62728849
2455063.814055  9.626771e-01    -1.23141223   1.16894582  -0.62730779   -0.38004831   0.62221416  -0.62730683
39 0   0.009   2009-08-21.2   R   Warner
2455064.638689  9.449383e-01    -1.23883485   1.16040325  -0.62973420   -0.38011829   0.62560896  -0.62973333
2455064.641730  9.371377e-01    -1.23886215   1.16037167  -0.62974311   -0.38011878   0.62562160  -0.62974224
2455064.644763  9.669487e-01    -1.23888937   1.16034018  -0.62975199   -0.38011927   0.62563421  -0.62975112
2455064.647805  1.006013e+00    -1.23891667   1.16030859  -0.62976090   -0.38011976   0.62564685  -0.62976003
2455064.650838  9.894719e-01    -1.23894389   1.16027710  -0.62976979   -0.38012025   0.62565946  -0.62976892
2455064.653880  1.018130e+00    -1.23897120   1.16024550  -0.62977870   -0.38012075   0.62567211  -0.62977783
2455064.656921  1.035150e+00    -1.23899849   1.16021393  -0.62978761   -0.38012124   0.62568476  -0.62978674
2455064.682777  1.002313e+00    -1.23923051   1.15994542  -0.62986332   -0.38012554   0.62579229  -0.62986246
2455064.685892  1.025660e+00    -1.23925846   1.15991307  -0.62987244   -0.38012606   0.62580525  -0.62987158
2455064.688988  1.030394e+00    -1.23928625   1.15988090  -0.62988151   -0.38012659   0.62581814  -0.62988065
2455064.696651  9.977080e-01    -1.23935500   1.15980132  -0.62990395   -0.38012789   0.62585003  -0.62990308
2455064.699746  9.849255e-01    -1.23938277   1.15976917  -0.62991301   -0.38012842   0.62586291  -0.62991214
2455064.702861  1.030394e+00    -1.23941072   1.15973682  -0.62992213   -0.38012896   0.62587587  -0.62992126
2455064.712139  1.053424e+00    -1.23949395   1.15964045  -0.62994928   -0.38013056   0.62591450  -0.62994842
2455064.723310  1.054395e+00    -1.23959416   1.15952441  -0.62998198   -0.38013252   0.62596101  -0.62998112
2455064.726390  1.025660e+00    -1.23962180   1.15949241  -0.62999100   -0.38013306   0.62597384  -0.62999014
2455064.729512  1.016257e+00    -1.23964981   1.15945997  -0.63000013   -0.38013361   0.62598684  -0.62999928
2455064.732603  9.940391e-01    -1.23967753   1.15942786  -0.63000918   -0.38013416   0.62599972  -0.63000832
2455064.735699  9.616199e-01    -1.23970530   1.15939570  -0.63001824   -0.38013471   0.62601261  -0.63001738
2455064.751174  9.466805e-01    -1.23984410   1.15923493  -0.63006352   -0.38013749   0.62607708  -0.63006266
2455064.755517  9.949550e-01    -1.23988305   1.15918981  -0.63007623   -0.38013828   0.62609518  -0.63007537
2455064.758624  1.042806e+00    -1.23991091   1.15915753  -0.63008532   -0.38013884   0.62610813  -0.63008446
2455064.761714  1.039928e+00    -1.23993862   1.15912542  -0.63009436   -0.38013941   0.62612101  -0.63009350
2455064.764807  9.995474e-01    -1.23996637   1.15909328  -0.63010341   -0.38013997   0.62613390  -0.63010256
2455064.767896  9.554400e-01    -1.23999407   1.15906118  -0.63011245   -0.38014054   0.62614678  -0.63011159
2455064.770999  9.458090e-01    -1.24002190   1.15902894  -0.63012152   -0.38014111   0.62615971  -0.63012067
2455064.788341  9.858331e-01    -1.24017740   1.15884873  -0.63017225   -0.38014434   0.62623203  -0.63017140
2455064.791437  1.007867e+00    -1.24020516   1.15881656  -0.63018130   -0.38014492   0.62624494  -0.63018045
2455064.794534  9.849255e-01    -1.24023293   1.15878437  -0.63019036   -0.38014551   0.62625786  -0.63018951
2455064.797647  9.903836e-01    -1.24026084   1.15875202  -0.63019947   -0.38014610   0.62627084  -0.63019862
2455064.800735  9.794977e-01    -1.24028853   1.15871992  -0.63020850   -0.38014668   0.62628373  -0.63020765
2455064.803854  9.669487e-01    -1.24031650   1.15868751  -0.63021762   -0.38014728   0.62629674  -0.63021677
2455064.806946  9.986272e-01    -1.24034422   1.15865537  -0.63022666   -0.38014787   0.62630964  -0.63022581
2455064.810038  1.002313e+00    -1.24037194   1.15862324  -0.63023570   -0.38014846   0.62632254  -0.63023485
2455064.823529  9.732030e-01    -1.24049288   1.15848302  -0.63027515   -0.38015106   0.62637884  -0.63027430
2455064.826638  1.007867e+00    -1.24052075   1.15845070  -0.63028424   -0.38015167   0.62639182  -0.63028339
2455064.829725  1.034197e+00    -1.24054842   1.15841862  -0.63029326   -0.38015227   0.62640470  -0.63029242
2455064.832815  1.020008e+00    -1.24057612   1.15838650  -0.63030230   -0.38015287   0.62641760  -0.63030145
2455064.835935  1.048584e+00    -1.24060409   1.15835407  -0.63031142   -0.38015349   0.62643063  -0.63031057
50 0 0.12 2006.11-2009.11 V 703_CATALINA
2454060.658833 1.501566e+00 -1.366164e+00 -1.789665e+00 -4.279512e-01 -8.513629e-01 -9.464769e-01 -4.279479e-01
2454060.671943 1.501730e+00 -1.366081e+00 -1.789779e+00 -4.279056e-01 -8.514756e-01 -9.464743e-01 -4.279023e-01
2454060.678503 1.501812e+00 -1.366039e+00 -1.789836e+00 -4.278828e-01 -8.515320e-01 -9.464730e-01 -4.278795e-01
2454083.758388 1.375112e+00 -1.210638e+00 -1.978748e+00 -3.451208e-01 -1.073839e+00 -1.003940e+00 -3.451166e-01
2454083.764998 1.375250e+00 -1.210591e+00 -1.978799e+00 -3.450965e-01 -1.073907e+00 -1.003976e+00 -3.450922e-01
2454083.771588 1.508082e+00 -1.210544e+00 -1.978849e+00 -3.450722e-01 -1.073974e+00 -1.004011e+00 -3.450679e-01
2454083.778177 1.813296e+00 -1.210498e+00 -1.978900e+00 -3.450479e-01 -1.074042e+00 -1.004046e+00 -3.450436e-01
2454110.641568 1.355678e+00 -1.011156e+00 -2.168320e+00 -2.434788e-01 -1.337744e+00 -1.240741e+00 -2.434742e-01
2454110.648547 1.355840e+00 -1.011102e+00 -2.168365e+00 -2.434518e-01 -1.337805e+00 -1.240826e+00 -2.434472e-01
2454110.655567 1.356003e+00 -1.011048e+00 -2.168410e+00 -2.434247e-01 -1.337867e+00 -1.240912e+00 -2.434201e-01
2454116.703805 1.039874e+00 -9.638669e-01 -2.206475e+00 -2.199725e-01 -1.388475e+00 -1.319155e+00 -2.199679e-01
2454116.710504 1.039992e+00 -9.638142e-01 -2.206517e+00 -2.199464e-01 -1.388529e+00 -1.319247e+00 -2.199419e-01
2454116.717314 1.250489e+00 -9.637607e-01 -2.206558e+00 -2.199199e-01 -1.388583e+00 -1.319340e+00 -2.199154e-01
2454116.724103 1.250633e+00 -9.637073e-01 -2.206600e+00 -2.198934e-01 -1.388637e+00 -1.319432e+00 -2.198889e-01
2454140.626019 1.528724e+00 -7.704741e-01 -2.340476e+00 -1.257558e-01 -1.524833e+00 -1.704703e+00 -1.257520e-01
2454140.632439 1.159768e+00 -7.704209e-01 -2.340508e+00 -1.257303e-01 -1.524853e+00 -1.704820e+00 -1.257265e-01
2454140.638858 1.394483e+00 -7.703678e-01 -2.340541e+00 -1.257048e-01 -1.524873e+00 -1.704938e+00 -1.257010e-01
2454140.645308 1.394618e+00 -7.703143e-01 -2.340573e+00 -1.256791e-01 -1.524893e+00 -1.705055e+00 -1.256753e-01
2454147.612788 1.545509e+00 -7.122272e-01 -2.374629e+00 -9.791814e-02 -1.540149e+00 -1.835759e+00 -9.791469e-02
2454147.619827 1.409664e+00 -7.121681e-01 -2.374662e+00 -9.789004e-02 -1.540158e+00 -1.835894e+00 -9.788659e-02
2454147.626856 1.285759e+00 -7.121092e-01 -2.374695e+00 -9.786198e-02 -1.540167e+00 -1.836029e+00 -9.785854e-02
2454147.633876 1.695131e+00 -7.120503e-01 -2.374728e+00 -9.783397e-02 -1.540176e+00 -1.836164e+00 -9.783052e-02
2454168.601457 8.130794e-01 -5.334621e-01 -2.463747e+00 -1.384490e-02 -1.504631e+00 -2.257977e+00 -1.384277e-02
2454168.605667 1.288710e+00 -5.334258e-01 -2.463763e+00 -1.382800e-02 -1.504611e+00 -2.258064e+00 -1.382587e-02
2454168.609887 1.698938e+00 -5.333893e-01 -2.463779e+00 -1.381106e-02 -1.504591e+00 -2.258152e+00 -1.380894e-02
2454168.614096 1.288842e+00 -5.333530e-01 -2.463795e+00 -1.379416e-02 -1.504571e+00 -2.258239e+00 -1.379204e-02
2454172.595725 1.232663e+00 -4.988986e-01 -2.478429e+00 2.189080e-03 -1.483078e+00 -2.340586e+00 2.190920e-03
2454172.599605 1.025331e+00 -4.988649e-01 -2.478443e+00 2.204650e-03 -1.483055e+00 -2.340666e+00 2.206490e-03
2454172.603345 1.232773e+00 -4.988325e-01 -2.478456e+00 2.219670e-03 -1.483032e+00 -2.340743e+00 2.221500e-03
2454172.607074 1.025421e+00 -4.988001e-01 -2.478470e+00 2.234640e-03 -1.483010e+00 -2.340821e+00 2.236470e-03
2454418.922132 1.133503e+00 1.547081e+00 -2.111080e+00 8.439485e-01 2.162421e+00 -1.336319e+00 8.439486e-01
2454418.927482 1.242796e+00 1.547116e+00 -2.111048e+00 8.439610e-01 2.162384e+00 -1.336230e+00 8.439611e-01
2454418.932843 1.133383e+00 1.547152e+00 -2.111016e+00 8.439735e-01 2.162346e+00 -1.336141e+00 8.439737e-01
2454418.938213 1.033602e+00 1.547188e+00 -2.110985e+00 8.439861e-01 2.162308e+00 -1.336052e+00 8.439862e-01
2454509.767961 1.415221e+00 2.051584e+00 -1.459484e+00 1.002781e+00 1.254810e+00 -8.765822e-01 1.002783e+00
2454509.774421 1.551743e+00 2.051611e+00 -1.459430e+00 1.002788e+00 1.254770e+00 -8.766188e-01 1.002791e+00
2454509.780902 1.551727e+00 2.051639e+00 -1.459377e+00 1.002795e+00 1.254730e+00 -8.766554e-01 1.002798e+00
2454509.787392 1.701418e+00 2.051667e+00 -1.459323e+00 1.002802e+00 1.254690e+00 -8.766922e-01 1.002805e+00
2454526.740203 1.720727e+00 2.120006e+00 -1.315710e+00 1.019510e+00 1.183559e+00 -9.916491e-01 1.019512e+00
2454526.746663 1.305328e+00 2.120030e+00 -1.315654e+00 1.019515e+00 1.183546e+00 -9.916987e-01 1.019518e+00
2454526.753113 1.305352e+00 2.120054e+00 -1.315598e+00 1.019521e+00 1.183532e+00 -9.917482e-01 1.019523e+00
2454526.759593 1.720820e+00 2.120079e+00 -1.315542e+00 1.019526e+00 1.183518e+00 -9.917980e-01 1.019529e+00
2454998.906060 9.925060e-01 -5.379434e-01 1.694860e+00 -3.769440e-01 -6.219828e-01 6.824577e-01 -3.769421e-01
2454998.909850 9.924565e-01 -5.379887e-01 1.694838e+00 -3.769615e-01 -6.219642e-01 6.824308e-01 -3.769596e-01
2454998.913540 9.924084e-01 -5.380328e-01 1.694818e+00 -3.769786e-01 -6.219461e-01 6.824047e-01 -3.769766e-01
2454998.917320 9.050423e-01 -5.380780e-01 1.694797e+00 -3.769960e-01 -6.219275e-01 6.823780e-01 -3.769941e-01
2455155.553679 7.433818e-01 -1.767071e+00 5.402224e-02 -7.590500e-01 -1.239234e+00 8.893598e-01 -7.590536e-01
2455155.559469 8.151691e-01 -1.767086e+00 5.394641e-02 -7.590495e-01 -1.239334e+00 8.893368e-01 -7.590531e-01
2455155.565319 1.292063e+00 -1.767100e+00 5.386980e-02 -7.590490e-01 -1.239435e+00 8.893136e-01 -7.590526e-01
2455155.571178 8.939641e-01 -1.767114e+00 5.379305e-02 -7.590485e-01 -1.239536e+00 8.892902e-01 -7.590521e-01
1 1
2 1
3 1
4 1
5 1
6 1
7 1
8 1
9 1
10 1
11 0.15
