2	0.5	1000	 1	period_start period_step period_end fixed/free
0.0				initial epoch
0.0				initial rotation angle      
0.1				convexity weight      
3 3				degree and order of spherical harmonics      
6				number of rows        
0.5	1			scattering parameters
0.1	1
-0.5	1     
0.1	0			LS coeff                 
50				iteration stop condidion
10				minimum number of iterations (only if the above value < 1)
5				Alamda multiplicative factor
0.1				Alamda initial value
1
104 0 0.12 2005.10-2010.1 V 703_CATALINA
2453644.931059 6.165849e-01 -1.430887e+00 -1.760773e+00 5.530380e-01 -4.402274e-01 -1.616873e+00 5.530384e-01
2453644.938679 7.412492e-01 -1.430825e+00 -1.760839e+00 5.530423e-01 -4.401862e-01 -1.616809e+00 5.530427e-01
2453644.946330 8.911189e-01 -1.430762e+00 -1.760905e+00 5.530466e-01 -4.401449e-01 -1.616745e+00 5.530470e-01
2453644.953920 8.910605e-01 -1.430700e+00 -1.760970e+00 5.530509e-01 -4.401039e-01 -1.616681e+00 5.530513e-01
2453668.907023 9.770341e-01 -1.226276e+00 -1.954975e+00 5.628840e-01 -3.831345e-01 -1.428015e+00 5.628873e-01
2453668.919044 1.071217e+00 -1.226170e+00 -1.955067e+00 5.628871e-01 -3.831407e-01 -1.427931e+00 5.628904e-01
2453668.931184 8.909324e-01 -1.226062e+00 -1.955159e+00 5.628903e-01 -3.831470e-01 -1.427847e+00 5.628936e-01
2453668.943274 7.409900e-01 -1.225954e+00 -1.955250e+00 5.628934e-01 -3.831533e-01 -1.427763e+00 5.628967e-01
2453677.850315 8.498408e-01 -1.145779e+00 -2.021125e+00 5.647131e-01 -3.965083e-01 -1.371125e+00 5.647173e-01
2453677.855875 7.750455e-01 -1.145728e+00 -2.021165e+00 5.647139e-01 -3.965218e-01 -1.371093e+00 5.647182e-01
2453677.861505 7.068329e-01 -1.145677e+00 -2.021206e+00 5.647147e-01 -3.965356e-01 -1.371061e+00 5.647190e-01
2453677.867095 9.317647e-01 -1.145626e+00 -2.021246e+00 5.647156e-01 -3.965492e-01 -1.371029e+00 5.647198e-01
2453686.910088 1.089078e+00 -1.062212e+00 -2.084569e+00 5.655690e-01 -4.265091e-01 -1.325983e+00 5.655741e-01
2453686.917588 1.194133e+00 -1.062142e+00 -2.084620e+00 5.655693e-01 -4.265401e-01 -1.325951e+00 5.655744e-01
2453686.925148 1.089047e+00 -1.062071e+00 -2.084671e+00 5.655696e-01 -4.265714e-01 -1.325920e+00 5.655747e-01
2453686.932658 1.194100e+00 -1.062001e+00 -2.084722e+00 5.655699e-01 -4.266025e-01 -1.325888e+00 5.655750e-01
2453700.860824 1.094966e+00 -9.299778e-01 -2.175152e+00 5.649678e-01 -4.991255e-01 -1.287302e+00 5.649739e-01
2453700.866584 9.986367e-01 -9.299224e-01 -2.175188e+00 5.649671e-01 -4.991609e-01 -1.287295e+00 5.649732e-01
2453700.872294 1.200644e+00 -9.298675e-01 -2.175223e+00 5.649664e-01 -4.991959e-01 -1.287287e+00 5.649725e-01
2453700.878024 1.095018e+00 -9.298124e-01 -2.175259e+00 5.649657e-01 -4.992311e-01 -1.287280e+00 5.649718e-01
2453709.764338 8.626593e-01 -8.435950e-01 -2.228419e+00 5.633972e-01 -5.577329e-01 -1.285358e+00 5.634037e-01
2453709.779158 9.459680e-01 -8.434500e-01 -2.228505e+00 5.633938e-01 -5.578361e-01 -1.285371e+00 5.634004e-01
2453709.786657 9.460089e-01 -8.433767e-01 -2.228548e+00 5.633921e-01 -5.578883e-01 -1.285377e+00 5.633987e-01
2453732.697378 1.064243e+00 -6.152853e-01 -2.349207e+00 5.552588e-01 -7.260598e-01 -1.372056e+00 5.552657e-01
2453732.702727 1.166995e+00 -6.152313e-01 -2.349233e+00 5.552562e-01 -7.260986e-01 -1.372092e+00 5.552632e-01
2453732.708077 9.707263e-01 -6.151772e-01 -2.349258e+00 5.552537e-01 -7.261375e-01 -1.372128e+00 5.552606e-01
2453739.729808 1.275316e+00 -5.439107e-01 -2.381506e+00 5.516251e-01 -7.757052e-01 -1.425905e+00 5.516319e-01
2453739.742617 1.163298e+00 -5.437802e-01 -2.381563e+00 5.516180e-01 -7.757925e-01 -1.426015e+00 5.516249e-01
2453739.749017 1.275639e+00 -5.437150e-01 -2.381591e+00 5.516145e-01 -7.758361e-01 -1.426070e+00 5.516213e-01
2453776.681035 9.484846e-01 -1.622272e-01 -2.514973e+00 5.243663e-01 -9.313115e-01 -1.896691e+00 5.243715e-01
2453776.693904 9.486620e-01 -1.620930e-01 -2.515009e+00 5.243546e-01 -9.313197e-01 -1.896901e+00 5.243598e-01
2453776.700344 1.140649e+00 -1.620259e-01 -2.515027e+00 5.243487e-01 -9.313237e-01 -1.897005e+00 5.243539e-01
2453798.641955 1.549026e+00 6.708519e-02 -2.565958e+00 5.021665e-01 -8.827751e-01 -2.281486e+00 5.021700e-01
2453798.654994 7.415384e-01 6.722135e-02 -2.565982e+00 5.021521e-01 -8.827069e-01 -2.281726e+00 5.021556e-01
2453798.660924 1.175351e+00 6.728328e-02 -2.565993e+00 5.021456e-01 -8.826759e-01 -2.281835e+00 5.021490e-01
2454124.919874 8.203093e-01 2.723675e+00 -1.380224e+00 -1.092934e-01 2.174156e+00 -5.635227e-01 -1.092890e-01
2454124.926914 1.185643e+00 2.723706e+00 -1.380171e+00 -1.093084e-01 2.174085e+00 -5.635376e-01 -1.093040e-01
2454124.933994 5.175234e-01 2.723737e+00 -1.380117e+00 -1.093235e-01 2.174013e+00 -5.635526e-01 -1.093191e-01
2454124.941065 8.201747e-01 2.723768e+00 -1.380064e+00 -1.093385e-01 2.173941e+00 -5.635676e-01 -1.093342e-01
2454139.836423 1.295766e+00 2.786513e+00 -1.266069e+00 -1.409293e-01 2.041202e+00 -6.199188e-01 -1.409255e-01
2454139.841803 1.708108e+00 2.786535e+00 -1.266027e+00 -1.409407e-01 2.041161e+00 -6.199474e-01 -1.409369e-01
2454139.847223 1.077715e+00 2.786556e+00 -1.265985e+00 -1.409521e-01 2.041120e+00 -6.199762e-01 -1.409483e-01
2454139.852653 1.077687e+00 2.786578e+00 -1.265943e+00 -1.409636e-01 2.041079e+00 -6.200050e-01 -1.409598e-01
2454168.832442 2.001412e+00 2.890339e+00 -1.036128e+00 -2.014419e-01 1.918289e+00 -8.342622e-01 -2.014398e-01
2454168.837332 1.825338e+00 2.890355e+00 -1.036088e+00 -2.014520e-01 1.918286e+00 -8.343053e-01 -2.014499e-01
2454175.721798 1.712829e+00 2.911398e+00 -9.801163e-01 -2.155848e-01 1.920336e+00 -8.959144e-01 -2.155833e-01
2454175.727788 1.712881e+00 2.911416e+00 -9.800674e-01 -2.155971e-01 1.920343e+00 -8.959686e-01 -2.155955e-01
2454175.739787 1.080820e+00 2.911452e+00 -9.799695e-01 -2.156216e-01 1.920358e+00 -8.960771e-01 -2.156201e-01
2454572.948796 1.324967e+00 1.708897e+00 2.116209e+00 -6.632828e-01 8.122504e-01 1.665107e+00 -6.632818e-01
2454572.955206 1.101984e+00 1.708841e+00 2.116240e+00 -6.632813e-01 8.122428e-01 1.665039e+00 -6.632803e-01
2454572.968097 1.452495e+00 1.708730e+00 2.116303e+00 -6.632782e-01 8.122275e-01 1.664903e+00 -6.632771e-01
2454582.902522 9.979853e-01 1.621735e+00 2.163584e+00 -6.604227e-01 8.118331e-01 1.566109e+00 -6.604221e-01
2454582.908522 1.094210e+00 1.621681e+00 2.163612e+00 -6.604208e-01 8.118395e-01 1.566054e+00 -6.604201e-01
2454582.914462 8.299984e-01 1.621629e+00 2.163639e+00 -6.604188e-01 8.118459e-01 1.565998e+00 -6.604182e-01
2454582.920442 9.978237e-01 1.621576e+00 2.163667e+00 -6.604168e-01 8.118523e-01 1.565943e+00 -6.604162e-01
2454600.801584 1.679729e+00 1.459519e+00 2.241292e+00 -6.530142e-01 8.618818e-01 1.426121e+00 -6.530143e-01
2454600.808114 1.162054e+00 1.459458e+00 2.241319e+00 -6.530110e-01 8.619101e-01 1.426081e+00 -6.530111e-01
2454600.814614 1.059774e+00 1.459398e+00 2.241345e+00 -6.530077e-01 8.619383e-01 1.426041e+00 -6.530079e-01
2454600.821104 9.664962e-01 1.459338e+00 2.241372e+00 -6.530045e-01 8.619665e-01 1.426001e+00 -6.530046e-01
2454601.889872 1.268039e+00 1.449436e+00 2.245696e+00 -6.524686e-01 8.666944e-01 1.419524e+00 -6.524688e-01
2454601.894442 1.832838e+00 1.449394e+00 2.245714e+00 -6.524663e-01 8.667150e-01 1.419496e+00 -6.524665e-01
2454601.898992 1.390323e+00 1.449352e+00 2.245733e+00 -6.524640e-01 8.667354e-01 1.419469e+00 -6.524642e-01
2454601.903512 1.671503e+00 1.449310e+00 2.245751e+00 -6.524617e-01 8.667558e-01 1.419442e+00 -6.524619e-01
2455061.884862 8.215100e-01 -2.137395e+00 -2.471953e-01 3.513559e-01 -1.303875e+00 -8.214335e-01 3.513545e-01
2455061.891952 8.214443e-01 -2.137386e+00 -2.472827e-01 3.513721e-01 -1.303799e+00 -8.214210e-01 3.513707e-01
2455061.899012 8.213788e-01 -2.137377e+00 -2.473698e-01 3.513882e-01 -1.303723e+00 -8.214085e-01 3.513868e-01
2455063.915350 6.678759e-01 -2.134669e+00 -2.722217e-01 3.559618e-01 -1.282392e+00 -8.174900e-01 3.559603e-01
2455063.929640 6.677690e-01 -2.134649e+00 -2.723977e-01 3.559941e-01 -1.282243e+00 -8.174598e-01 3.559926e-01
2455063.936931 3.504216e-01 -2.134639e+00 -2.724875e-01 3.560105e-01 -1.282168e+00 -8.174444e-01 3.560091e-01
2455073.862117 8.663779e-01 -2.117702e+00 -3.942961e-01 3.779101e-01 -1.188443e+00 -7.890229e-01 3.779082e-01
2455073.868218 8.663226e-01 -2.117689e+00 -3.943706e-01 3.779233e-01 -1.188392e+00 -7.890012e-01 3.779213e-01
2455073.874098 1.141965e+00 -2.117678e+00 -3.944425e-01 3.779359e-01 -1.188342e+00 -7.889803e-01 3.779340e-01
2455073.880098 1.252061e+00 -2.117666e+00 -3.945159e-01 3.779489e-01 -1.188292e+00 -7.889590e-01 3.779469e-01
2455090.897080 1.068945e+00 -2.074947e+00 -6.005974e-01 4.130125e-01 -1.076054e+00 -7.139945e-01 4.130097e-01
2455090.905450 1.171999e+00 -2.074922e+00 -6.006977e-01 4.130289e-01 -1.076015e+00 -7.139523e-01 4.130261e-01
2455090.913940 1.068805e+00 -2.074896e+00 -6.007995e-01 4.130456e-01 -1.075975e+00 -7.139094e-01 4.130428e-01
2455090.922441 1.068734e+00 -2.074871e+00 -6.009013e-01 4.130623e-01 -1.075935e+00 -7.138665e-01 4.130595e-01
2455098.934514 1.216796e+00 -2.048916e+00 -6.963578e-01 4.284321e-01 -1.046116e+00 -6.722357e-01 4.284290e-01
2455098.941804 1.216745e+00 -2.048891e+00 -6.964442e-01 4.284457e-01 -1.046096e+00 -6.721971e-01 4.284427e-01
2455098.949004 1.109639e+00 -2.048866e+00 -6.965294e-01 4.284592e-01 -1.046076e+00 -6.721589e-01 4.284561e-01
2455098.956295 1.109592e+00 -2.048841e+00 -6.966157e-01 4.284728e-01 -1.046056e+00 -6.721203e-01 4.284698e-01
2455099.939528 1.209964e+00 -2.045403e+00 -7.082482e-01 4.303070e-01 -1.043448e+00 -6.669091e-01 4.303039e-01
2455099.948079 1.209908e+00 -2.045373e+00 -7.083493e-01 4.303229e-01 -1.043426e+00 -6.668638e-01 4.303198e-01
2455099.956589 1.209852e+00 -2.045343e+00 -7.084499e-01 4.303387e-01 -1.043404e+00 -6.668186e-01 4.303356e-01
2455099.965129 1.103347e+00 -2.045313e+00 -7.085509e-01 4.303546e-01 -1.043383e+00 -6.667733e-01 4.303515e-01
2455125.783870 9.788390e-01 -1.936032e+00 -1.006383e+00 4.743105e-01 -1.056084e+00 -5.409421e-01 4.743068e-01
2455125.789850 9.788607e-01 -1.936003e+00 -1.006450e+00 4.743198e-01 -1.056104e+00 -5.409186e-01 4.743160e-01
2455125.795880 1.073324e+00 -1.935973e+00 -1.006518e+00 4.743291e-01 -1.056125e+00 -5.408950e-01 4.743253e-01
2455125.801820 1.176902e+00 -1.935944e+00 -1.006585e+00 4.743382e-01 -1.056145e+00 -5.408717e-01 4.743345e-01
2455146.701237 1.041475e+00 -1.822209e+00 -1.234851e+00 5.037906e-01 -1.169989e+00 -4.899732e-01 5.037868e-01
2455146.708457 1.041555e+00 -1.822167e+00 -1.234927e+00 5.037998e-01 -1.170042e+00 -4.899684e-01 5.037960e-01
2455146.715707 1.142130e+00 -1.822123e+00 -1.235004e+00 5.038090e-01 -1.170095e+00 -4.899637e-01 5.038053e-01
2455146.722946 1.142218e+00 -1.822080e+00 -1.235081e+00 5.038183e-01 -1.170147e+00 -4.899589e-01 5.038145e-01
2455153.700797 9.386752e-01 -1.779444e+00 -1.308304e+00 5.123964e-01 -1.224422e+00 -4.903115e-01 5.123927e-01
2455153.707957 8.561571e-01 -1.779399e+00 -1.308378e+00 5.124048e-01 -1.224481e+00 -4.903172e-01 5.124012e-01
2455153.715287 9.388419e-01 -1.779353e+00 -1.308455e+00 5.124135e-01 -1.224542e+00 -4.903229e-01 5.124098e-01
2455153.722466 1.128835e+00 -1.779308e+00 -1.308529e+00 5.124220e-01 -1.224601e+00 -4.903286e-01 5.124184e-01
2455182.619487 8.140890e-01 -1.580221e+00 -1.593803e+00 5.411819e-01 -1.497106e+00 -6.132238e-01 5.411792e-01
2455182.624706 1.073263e+00 -1.580182e+00 -1.593852e+00 5.411862e-01 -1.497158e+00 -6.132654e-01 5.411834e-01
2455182.629856 9.789045e-01 -1.580143e+00 -1.593900e+00 5.411903e-01 -1.497209e+00 -6.133063e-01 5.411875e-01
2455182.635026 8.928417e-01 -1.580105e+00 -1.593948e+00 5.411945e-01 -1.497261e+00 -6.133475e-01 5.411917e-01
2455211.652923 7.238728e-01 -1.348263e+00 -1.848297e+00 5.591576e-01 -1.759825e+00 -9.548888e-01 5.591565e-01
2455211.659712 7.239437e-01 -1.348206e+00 -1.848352e+00 5.591605e-01 -1.759875e+00 -9.549936e-01 5.591594e-01
2455211.666602 9.544383e-01 -1.348148e+00 -1.848409e+00 5.591635e-01 -1.759927e+00 -9.550999e-01 5.591624e-01
1 0.5
