2	0.5	1000	 1	period_start period_step period_end fixed/free
0.0				initial epoch
0.0				initial rotation angle      
0.1				convexity weight      
3 3				degree and order of spherical harmonics      
6				number of rows        
0.5	1			scattering parameters
0.1	1
-0.5	1     
0.1	0			LS coeff                 
50				iteration stop condidion
10				minimum number of iterations (only if the above value < 1)
5				Alamda multiplicative factor
0.1				Alamda initial value
1
120 0 0.12 2005.9-2009.11 V 703_CATALINA
2453627.850542 2.618064e+00 -2.367022e+00 -4.560254e-01 2.892058e-01 -1.372120e+00 -6.038551e-01 2.892041e-01
2453627.857123 2.617939e+00 -2.367009e+00 -4.560997e-01 2.892123e-01 -1.372093e+00 -6.038179e-01 2.892105e-01
2453627.863673 2.617814e+00 -2.366997e+00 -4.561736e-01 2.892186e-01 -1.372066e+00 -6.037808e-01 2.892169e-01
2453627.870313 2.617688e+00 -2.366984e+00 -4.562486e-01 2.892251e-01 -1.372038e+00 -6.037431e-01 2.892234e-01
2453637.934545 2.704650e+00 -2.345388e+00 -5.693584e-01 2.987370e-01 -1.342640e+00 -5.448834e-01 2.987365e-01
2453637.942946 2.965479e+00 -2.345368e+00 -5.694524e-01 2.987446e-01 -1.342626e+00 -5.448334e-01 2.987442e-01
2453637.951406 2.965368e+00 -2.345348e+00 -5.695470e-01 2.987524e-01 -1.342612e+00 -5.447830e-01 2.987519e-01
2453637.959856 2.965257e+00 -2.345328e+00 -5.696415e-01 2.987601e-01 -1.342597e+00 -5.447327e-01 2.987596e-01
2453646.846291 3.472355e+00 -2.322183e+00 -6.685322e-01 3.066404e-01 -1.337332e+00 -4.922291e-01 3.066410e-01
2453646.852881 3.472322e+00 -2.322165e+00 -6.686052e-01 3.066460e-01 -1.337336e+00 -4.921909e-01 3.066467e-01
2453646.859441 3.472289e+00 -2.322146e+00 -6.686778e-01 3.066517e-01 -1.337339e+00 -4.921529e-01 3.066523e-01
2453646.866021 3.472256e+00 -2.322128e+00 -6.687506e-01 3.066573e-01 -1.337342e+00 -4.921147e-01 3.066580e-01
2453651.809421 3.462943e+00 -2.307620e+00 -7.233036e-01 3.108265e-01 -1.342773e+00 -4.640088e-01 3.108278e-01
2453651.816021 3.462951e+00 -2.307599e+00 -7.233762e-01 3.108320e-01 -1.342784e+00 -4.639722e-01 3.108332e-01
2453651.822621 3.797059e+00 -2.307579e+00 -7.234488e-01 3.108374e-01 -1.342795e+00 -4.639355e-01 3.108387e-01
2453679.735625 2.768799e+00 -2.204383e+00 -1.023968e+00 3.314249e-01 -1.477295e+00 -3.499414e-01 3.314293e-01
2453679.743035 2.525351e+00 -2.204350e+00 -1.024046e+00 3.314297e-01 -1.477352e+00 -3.499262e-01 3.314341e-01
2453679.750444 2.525527e+00 -2.204318e+00 -1.024124e+00 3.314345e-01 -1.477408e+00 -3.499110e-01 3.314389e-01
2453679.757874 2.769379e+00 -2.204286e+00 -1.024202e+00 3.314393e-01 -1.477465e+00 -3.498959e-01 3.314437e-01
2453729.649689 1.711938e+00 -1.935969e+00 -1.518944e+00 3.552703e-01 -1.993657e+00 -5.371062e-01 3.552773e-01
2453729.657658 1.877301e+00 -1.935918e+00 -1.519018e+00 3.552728e-01 -1.993745e+00 -5.371885e-01 3.552797e-01
2453729.665658 1.712300e+00 -1.935867e+00 -1.519092e+00 3.552752e-01 -1.993834e+00 -5.372712e-01 3.552822e-01
2453729.673627 1.712481e+00 -1.935817e+00 -1.519166e+00 3.552777e-01 -1.993922e+00 -5.373535e-01 3.552846e-01
2453757.606505 1.841336e+00 -1.743925e+00 -1.765715e+00 3.612058e-01 -2.263179e+00 -9.296523e-01 3.612119e-01
2453757.614324 1.531695e+00 -1.743867e+00 -1.765780e+00 3.612067e-01 -2.263238e+00 -9.297893e-01 3.612128e-01
2453757.622194 1.841670e+00 -1.743809e+00 -1.765846e+00 3.612076e-01 -2.263297e+00 -9.299272e-01 3.612138e-01
2453757.630043 1.679776e+00 -1.743752e+00 -1.765912e+00 3.612086e-01 -2.263356e+00 -9.300648e-01 3.612147e-01
2453773.579360 2.193544e+00 -1.622498e+00 -1.895274e+00 3.622159e-01 -2.356157e+00 -1.236139e+00 3.622212e-01
2453773.584220 2.193654e+00 -1.622459e+00 -1.895312e+00 3.622159e-01 -2.356176e+00 -1.236240e+00 3.622212e-01
2453773.589069 1.664140e+00 -1.622421e+00 -1.895350e+00 3.622160e-01 -2.356195e+00 -1.236340e+00 3.622213e-01
2453773.593929 2.193874e+00 -1.622383e+00 -1.895388e+00 3.622160e-01 -2.356214e+00 -1.236441e+00 3.622213e-01
2454009.959438 2.258708e+00 6.775738e-01 -2.644712e+00 2.047141e-01 1.668889e+00 -2.504648e+00 2.047135e-01
2454009.968049 1.562551e+00 6.776601e-01 -2.644698e+00 2.047038e-01 1.668952e+00 -2.504488e+00 2.047032e-01
2454009.976729 2.715237e+00 6.777471e-01 -2.644684e+00 2.046935e-01 1.669016e+00 -2.504327e+00 2.046929e-01
2454027.916386 1.241761e+00 8.558485e-01 -2.609973e+00 1.828878e-01 1.752681e+00 -2.176651e+00 1.828887e-01
2454027.925617 1.492810e+00 8.559391e-01 -2.609952e+00 1.828763e-01 1.752700e+00 -2.176487e+00 1.828772e-01
2454027.934868 1.794614e+00 8.560300e-01 -2.609931e+00 1.828648e-01 1.752719e+00 -2.176324e+00 1.828658e-01
2454027.944138 1.636580e+00 8.561211e-01 -2.609910e+00 1.828534e-01 1.752738e+00 -2.176160e+00 1.828543e-01
2454041.970355 1.584697e+00 9.926846e-01 -2.574439e+00 1.652159e-01 1.754971e+00 -1.939259e+00 1.652179e-01
2454041.975736 1.905129e+00 9.927364e-01 -2.574424e+00 1.652090e-01 1.754962e+00 -1.939173e+00 1.652111e-01
2454041.981126 1.317961e+00 9.927884e-01 -2.574409e+00 1.652022e-01 1.754953e+00 -1.939087e+00 1.652042e-01
2454041.986517 9.997254e-01 9.928404e-01 -2.574394e+00 1.651953e-01 1.754944e+00 -1.939001e+00 1.651973e-01
2454095.827688 2.584717e+00 1.488770e+00 -2.374119e+00 9.373967e-02 1.415047e+00 -1.393411e+00 9.374421e-02
2454095.838579 2.833835e+00 1.488865e+00 -2.374069e+00 9.372474e-02 1.414952e+00 -1.393376e+00 9.372929e-02
2454095.849429 2.833586e+00 1.488960e+00 -2.374019e+00 9.370987e-02 1.414858e+00 -1.393341e+00 9.371442e-02
2454109.780902 3.728397e+00 1.608518e+00 -2.306634e+00 7.450399e-02 1.296175e+00 -1.374189e+00 7.450857e-02
2454109.788992 3.101015e+00 1.608586e+00 -2.306593e+00 7.449277e-02 1.296109e+00 -1.374193e+00 7.449736e-02
2454124.818841 4.284704e+00 1.732910e+00 -2.227225e+00 5.355789e-02 1.184863e+00 -1.409548e+00 5.356224e-02
2454124.824741 4.284686e+00 1.732958e+00 -2.227192e+00 5.354964e-02 1.184825e+00 -1.409572e+00 5.355398e-02
2454124.830651 4.284669e+00 1.733006e+00 -2.227160e+00 5.354137e-02 1.184787e+00 -1.409597e+00 5.354572e-02
2454124.836571 3.907650e+00 1.733054e+00 -2.227127e+00 5.353309e-02 1.184749e+00 -1.409621e+00 5.353743e-02
2454138.700966 3.320962e+00 1.843169e+00 -2.148031e+00 3.407912e-02 1.111120e+00 -1.487178e+00 3.408300e-02
2454138.707516 3.321043e+00 1.843220e+00 -2.147993e+00 3.406991e-02 1.111093e+00 -1.487223e+00 3.407378e-02
2454138.714046 3.028903e+00 1.843271e+00 -2.147954e+00 3.406072e-02 1.111067e+00 -1.487268e+00 3.406460e-02
2454138.720596 3.321207e+00 1.843322e+00 -2.147915e+00 3.405151e-02 1.111041e+00 -1.487314e+00 3.405538e-02
2454201.613420 1.663588e+00 2.281559e+00 -1.725251e+00 -5.454893e-02 1.344553e+00 -2.080197e+00 -5.454936e-02
2454201.622609 2.193266e+00 2.281615e+00 -1.725182e+00 -5.456178e-02 1.344663e+00 -2.080277e+00 -5.456222e-02
2454201.631799 1.517529e+00 2.281671e+00 -1.725114e+00 -5.457464e-02 1.344773e+00 -2.080357e+00 -5.457507e-02
2454201.640998 1.824663e+00 2.281728e+00 -1.725045e+00 -5.458750e-02 1.344882e+00 -2.080437e+00 -5.458794e-02
2454231.640932 2.510730e+00 2.451677e+00 -1.491509e+00 -9.616138e-02 1.802320e+00 -2.264926e+00 -9.616394e-02
2454231.647372 2.289955e+00 2.451710e+00 -1.491457e+00 -9.617020e-02 1.802437e+00 -2.264945e+00 -9.617277e-02
2454231.653771 1.904820e+00 2.451743e+00 -1.491405e+00 -9.617897e-02 1.802553e+00 -2.264965e+00 -9.618153e-02
2454231.660201 2.290239e+00 2.451777e+00 -1.491353e+00 -9.618778e-02 1.802669e+00 -2.264984e+00 -9.619035e-02
2454241.636514 2.089961e+00 2.502251e+00 -1.409832e+00 -1.097953e-01 1.990466e+00 -2.282894e+00 -1.097985e-01
2454241.653843 1.096996e+00 2.502336e+00 -1.409689e+00 -1.098189e-01 1.990804e+00 -2.282903e+00 -1.098220e-01
2454500.008454 1.996736e+00 2.636326e+00 9.852177e-01 -3.716661e-01 1.952595e+00 1.695064e+00 -3.716634e-01
2454500.015515 1.660680e+00 2.636298e+00 9.852810e-01 -3.716698e-01 1.952478e+00 1.695043e+00 -3.716670e-01
2454500.022625 1.660545e+00 2.636269e+00 9.853448e-01 -3.716735e-01 1.952359e+00 1.695021e+00 -3.716707e-01
2454500.029786 1.514312e+00 2.636241e+00 9.854090e-01 -3.716772e-01 1.952240e+00 1.694999e+00 -3.716745e-01
2454509.961552 1.349618e+00 2.594872e+00 1.073842e+00 -3.766101e-01 1.796082e+00 1.654040e+00 -3.766074e-01
2454509.968593 1.479704e+00 2.594842e+00 1.073904e+00 -3.766134e-01 1.795978e+00 1.654003e+00 -3.766107e-01
2454509.975714 1.479580e+00 2.594811e+00 1.073967e+00 -3.766168e-01 1.795873e+00 1.653967e+00 -3.766141e-01
2454509.982964 1.622188e+00 2.594779e+00 1.074031e+00 -3.766202e-01 1.795767e+00 1.653929e+00 -3.766175e-01
2454554.906910 2.238055e+00 2.366625e+00 1.455034e+00 -3.927681e-01 1.380260e+00 1.299366e+00 -3.927663e-01
2454554.914030 2.453818e+00 2.366583e+00 1.455092e+00 -3.927698e-01 1.380236e+00 1.299302e+00 -3.927681e-01
2454554.921240 2.949943e+00 2.366542e+00 1.455150e+00 -3.927716e-01 1.380211e+00 1.299237e+00 -3.927698e-01
2454554.928391 2.690204e+00 2.366500e+00 1.455208e+00 -3.927733e-01 1.380187e+00 1.299173e+00 -3.927716e-01
2454561.896767 3.343111e+00 2.325257e+00 1.511060e+00 -3.943430e-01 1.362775e+00 1.237570e+00 -3.943416e-01
2454561.904878 3.048762e+00 2.325208e+00 1.511125e+00 -3.943447e-01 1.362762e+00 1.237500e+00 -3.943433e-01
2454561.913118 3.048568e+00 2.325158e+00 1.511190e+00 -3.943464e-01 1.362748e+00 1.237428e+00 -3.943450e-01
2454561.921278 3.048376e+00 2.325109e+00 1.511255e+00 -3.943481e-01 1.362735e+00 1.237358e+00 -3.943467e-01
2454567.856167 3.515248e+00 2.288778e+00 1.558043e+00 -3.954810e-01 1.357637e+00 1.187150e+00 -3.954797e-01
2454567.864337 3.854194e+00 2.288727e+00 1.558107e+00 -3.954824e-01 1.357636e+00 1.187083e+00 -3.954812e-01
2454567.872327 3.514890e+00 2.288678e+00 1.558170e+00 -3.954838e-01 1.357635e+00 1.187017e+00 -3.954826e-01
2454567.880338 3.514713e+00 2.288628e+00 1.558232e+00 -3.954852e-01 1.357634e+00 1.186951e+00 -3.954840e-01
2454573.796254 3.402248e+00 2.251323e+00 1.604130e+00 -3.964261e-01 1.361085e+00 1.139996e+00 -3.964251e-01
2454573.802714 3.102791e+00 2.251282e+00 1.604179e+00 -3.964270e-01 1.361094e+00 1.139947e+00 -3.964260e-01
2454573.809194 3.730264e+00 2.251240e+00 1.604229e+00 -3.964279e-01 1.361102e+00 1.139898e+00 -3.964269e-01
2454573.815674 3.401938e+00 2.251199e+00 1.604279e+00 -3.964289e-01 1.361110e+00 1.139848e+00 -3.964279e-01
2454581.903290 3.626056e+00 2.198464e+00 1.665782e+00 -3.974090e-01 1.378756e+00 1.082291e+00 -3.974083e-01
2454581.910310 3.975826e+00 2.198418e+00 1.665834e+00 -3.974097e-01 1.378777e+00 1.082245e+00 -3.974090e-01
2454581.917380 4.359337e+00 2.198371e+00 1.665887e+00 -3.974104e-01 1.378799e+00 1.082198e+00 -3.974097e-01
2454590.734159 2.727492e+00 2.138643e+00 1.731230e+00 -3.980734e-01 1.413485e+00 1.030449e+00 -3.980731e-01
2454590.738459 3.279174e+00 2.138613e+00 1.731262e+00 -3.980737e-01 1.413506e+00 1.030427e+00 -3.980734e-01
2454590.742739 2.727501e+00 2.138584e+00 1.731293e+00 -3.980739e-01 1.413526e+00 1.030405e+00 -3.980736e-01
2454590.746999 2.727506e+00 2.138554e+00 1.731324e+00 -3.980741e-01 1.413547e+00 1.030384e+00 -3.980738e-01
2454979.919719 1.826806e+00 -1.601782e+00 1.851673e+00 -2.800822e-02 -1.996367e+00 9.182022e-01 -2.800562e-02
2454979.925669 1.826674e+00 -1.601831e+00 1.851627e+00 -2.799844e-02 -1.996323e+00 9.181156e-01 -2.799584e-02
2454979.931730 1.665824e+00 -1.601880e+00 1.851580e+00 -2.798849e-02 -1.996279e+00 9.180275e-01 -2.798589e-02
2454979.937820 2.002613e+00 -1.601930e+00 1.851533e+00 -2.797849e-02 -1.996234e+00 9.179390e-01 -2.797589e-02
2455039.899247 2.189641e+00 -2.027508e+00 1.323115e+00 7.030795e-02 -1.454322e+00 4.848456e-01 7.030783e-02
2455039.907898 2.400684e+00 -2.027559e+00 1.323031e+00 7.032193e-02 -1.454252e+00 4.848447e-01 7.032180e-02
2455039.916648 2.400473e+00 -2.027611e+00 1.322945e+00 7.033606e-02 -1.454183e+00 4.848439e-01 7.033594e-02
2455039.925418 2.400260e+00 -2.027663e+00 1.322860e+00 7.035023e-02 -1.454112e+00 4.848431e-01 7.035011e-02
2455069.795844 4.190569e+00 -2.185171e+00 1.020356e+00 1.178069e-01 -1.284313e+00 5.624878e-01 1.178052e-01
2455069.796504 4.190566e+00 -2.185174e+00 1.020349e+00 1.178080e-01 -1.284311e+00 5.624909e-01 1.178062e-01
2455069.804134 4.594828e+00 -2.185209e+00 1.020269e+00 1.178198e-01 -1.284289e+00 5.625275e-01 1.178181e-01
2455069.804854 4.190530e+00 -2.185212e+00 1.020261e+00 1.178210e-01 -1.284287e+00 5.625310e-01 1.178192e-01
2455069.812404 4.190498e+00 -2.185247e+00 1.020182e+00 1.178327e-01 -1.284265e+00 5.625672e-01 1.178310e-01
2455069.813124 4.190495e+00 -2.185251e+00 1.020175e+00 1.178338e-01 -1.284263e+00 5.625706e-01 1.178321e-01
2455069.820684 4.190463e+00 -2.185285e+00 1.020095e+00 1.178456e-01 -1.284241e+00 5.626069e-01 1.178438e-01
2455069.821394 4.190460e+00 -2.185289e+00 1.020088e+00 1.178467e-01 -1.284239e+00 5.626103e-01 1.178449e-01
2455093.736732 2.381820e+00 -2.282011e+00 7.638730e-01 1.542890e-01 -1.279576e+00 6.989503e-01 1.542861e-01
2455093.745182 2.381967e+00 -2.282041e+00 7.637806e-01 1.543016e-01 -1.279598e+00 6.990025e-01 1.542987e-01
2455093.753721 2.611938e+00 -2.282070e+00 7.636873e-01 1.543143e-01 -1.279621e+00 6.990552e-01 1.543114e-01
2455093.762221 3.140435e+00 -2.282100e+00 7.635944e-01 1.543269e-01 -1.279644e+00 6.991077e-01 1.543240e-01
2455152.583152 1.706206e+00 -2.401264e+00 1.008625e-01 2.351858e-01 -1.830126e+00 9.079755e-01 2.351821e-01
2455152.591531 2.051525e+00 -2.401269e+00 1.007664e-01 2.351962e-01 -1.830251e+00 9.079621e-01 2.351925e-01
2455152.599931 1.556404e+00 -2.401273e+00 1.006701e-01 2.352066e-01 -1.830376e+00 9.079487e-01 2.352029e-01
2455152.608460 1.419609e+00 -2.401278e+00 1.005723e-01 2.352173e-01 -1.830503e+00 9.079351e-01 2.352136e-01
1 0.5
