2	0.5	1000	 1	period_start period_step period_end fixed/free
0.0				initial epoch
0.0				initial rotation angle      
0.1				convexity weight      
3 3				degree and order of spherical harmonics      
6				number of rows        
0.5	1			scattering parameters
0.1	1
-0.5	1     
0.1	0			LS coeff                 
50				iteration stop condidion
10				minimum number of iterations (only if the above value < 1)
5				Alamda multiplicative factor
0.1				Alamda initial value
8
21 0   0.026   2008-08-31.6   R   Oey
2454710.050153  1.086155e+00    -1.75830904  -0.14976145   0.19733700   -0.82002725  -0.52168561   0.19733598
2454710.052338  9.742979e-01    -1.75830552  -0.14979198   0.19734700   -0.82001050  -0.52168135   0.19734597
2454710.069956  9.582786e-01    -1.75827709  -0.15003823   0.19742762   -0.81987536  -0.52164692   0.19742660
2454710.072134  9.278799e-01    -1.75827357  -0.15006867   0.19743759   -0.81985866  -0.52164267   0.19743657
2454710.090835  9.304474e-01    -1.75824337  -0.15033004   0.19752316   -0.81971529  -0.52160608   0.19752214
2454710.092331  9.529973e-01    -1.75824095  -0.15035095   0.19753001   -0.81970382  -0.52160316   0.19752898
2454710.105310  1.005291e+00    -1.75821996  -0.15053235   0.19758940   -0.81960435  -0.52157774   0.19758837
2454710.106792  1.035361e+00    -1.75821756  -0.15055305   0.19759618   -0.81959301  -0.52157484   0.19759515
2454710.120353  1.059477e+00    -1.75819562  -0.15074259   0.19765823   -0.81948911  -0.52154826   0.19765720
2454710.121825  1.049764e+00    -1.75819323  -0.15076316   0.19766496   -0.81947784  -0.52154537   0.19766394
2454710.134455  9.278799e-01    -1.75817278  -0.15093967   0.19772275   -0.81938112  -0.52152060   0.19772172
2454710.135933  1.006217e+00    -1.75817038  -0.15096033   0.19772951   -0.81936980  -0.52151770   0.19772848
2454710.150068  9.373284e-01    -1.75814747  -0.15115788   0.19779419   -0.81926159  -0.52148995   0.19779316
2454710.162863  1.072239e+00    -1.75812671  -0.15133670   0.19785272   -0.81916367  -0.52146481   0.19785169
2454710.164343  1.081164e+00    -1.75812431  -0.15135738   0.19785950   -0.81915234  -0.52146190   0.19785846
2454710.186636  1.139441e+00    -1.75808810  -0.15166894   0.19796148   -0.81898181  -0.52141805   0.19796045
2454710.188114  1.066331e+00    -1.75808570  -0.15168959   0.19796825   -0.81897050  -0.52141514   0.19796721
2454710.195103  9.933260e-01    -1.75807434  -0.15178727   0.19800022   -0.81891706  -0.52140138   0.19799919
2454710.196577  9.565152e-01    -1.75807194  -0.15180787   0.19800696   -0.81890579  -0.52139848   0.19800593
2454710.202719  9.236167e-01    -1.75806195  -0.15189371   0.19803506   -0.81885883  -0.52138638   0.19803403
2454710.204191  9.159922e-01    -1.75805955  -0.15191429   0.19804180   -0.81884757  -0.52138348   0.19804076
18 0   0.007   2008-08-31.6   R   Oey
2454710.068344  9.438220e-01    -1.75827969  -0.15001570   0.19742025   -0.81988772  -0.52165008   0.19741922
2454710.071938  9.928650e-01    -1.75827389  -0.15006593   0.19743669   -0.81986016  -0.52164305   0.19743567
2454710.075628  9.864844e-01    -1.75826793  -0.15011750   0.19745358   -0.81983186  -0.52163583   0.19745255
2454710.079554  1.015056e+00    -1.75826159  -0.15017236   0.19747154   -0.81980177  -0.52162816   0.19747052
2454710.083269  9.928650e-01    -1.75825559  -0.15022429   0.19748854   -0.81977329  -0.52162089   0.19748752
2454710.086972  1.015992e+00    -1.75824961  -0.15027604   0.19750549   -0.81974490  -0.52161364   0.19750446
2454710.090681  9.892138e-01    -1.75824361  -0.15032788   0.19752246   -0.81971647  -0.52160638   0.19752143
2454710.094394  9.756414e-01    -1.75823761  -0.15037978   0.19753945   -0.81968801  -0.52159912   0.19753842
2454710.098160  9.873933e-01    -1.75823152  -0.15043242   0.19755668   -0.81965915  -0.52159174   0.19755566
2454710.105590  9.983666e-01    -1.75821951  -0.15053626   0.19759068   -0.81960221  -0.52157719   0.19758965
2454710.109187  1.001129e+00    -1.75821369  -0.15058652   0.19760714   -0.81957466  -0.52157015   0.19760611
2454710.112899  1.004824e+00    -1.75820768  -0.15063841   0.19762412   -0.81954622  -0.52156287   0.19762309
2454710.116559  1.024448e+00    -1.75820176  -0.15068956   0.19764087   -0.81951818  -0.52155570   0.19763984
2454710.120275  1.047346e+00    -1.75819574  -0.15074150   0.19765787   -0.81948971  -0.52154841   0.19765684
2454710.123870  1.031075e+00    -1.75818992  -0.15079174   0.19767432   -0.81946218  -0.52154136   0.19767329
2454710.127593  1.012255e+00    -1.75818389  -0.15084378   0.19769136   -0.81943366  -0.52153406   0.19769033
2454710.131369  9.828565e-01    -1.75817777  -0.15089655   0.19770863   -0.81940474  -0.52152665   0.19770761
2454710.135210  9.983666e-01    -1.75817155  -0.15095022   0.19772620   -0.81937534  -0.52151912   0.19772518
33 0   0.023   2008-09-01.7   R   Oey
2454711.045762  8.982560e-01    -1.75665756  -0.16367274   0.20188798   -0.81247689  -0.51968505   0.20188690
2454711.060245  9.007419e-01    -1.75663285  -0.16387504   0.20195411   -0.81236836  -0.51965513   0.20195302
2454711.074825  1.018123e+00    -1.75660796  -0.16407871   0.20202068   -0.81225914  -0.51962498   0.20201959
2454711.076313  1.030386e+00    -1.75660542  -0.16409949   0.20202747   -0.81224799  -0.51962190   0.20202638
2454711.089129  9.545531e-01    -1.75658353  -0.16427850   0.20208598   -0.81215202  -0.51959537   0.20208489
2454711.090609  9.336846e-01    -1.75658100  -0.16429918   0.20209273   -0.81214094  -0.51959231   0.20209165
2454711.104924  9.276841e-01    -1.75655652  -0.16449914   0.20215809   -0.81203378  -0.51956266   0.20215700
2454711.117847  9.074032e-01    -1.75653441  -0.16467964   0.20221708   -0.81193708  -0.51953587   0.20221599
2454711.147668  1.060230e+00    -1.75648332  -0.16509617   0.20235321   -0.81171404  -0.51947399   0.20235212
2454711.149151  1.067088e+00    -1.75648078  -0.16511689   0.20235998   -0.81170295  -0.51947091   0.20235889
2454711.162051  8.753871e-01    -1.75645865  -0.16529708   0.20241887   -0.81160652  -0.51944411   0.20241777
2454711.163537  9.124315e-01    -1.75645610  -0.16531782   0.20242564   -0.81159542  -0.51944102   0.20242455
2454711.176781  9.440614e-01    -1.75643337  -0.16550281   0.20248610   -0.81149645  -0.51941348   0.20248500
2454711.178265  9.475455e-01    -1.75643082  -0.16552354   0.20249287   -0.81148536  -0.51941039   0.20249178
2454711.237527  9.208741e-01    -1.75632888  -0.16635126   0.20276335   -0.81104292  -0.51928692   0.20276225
2454711.243392  8.641718e-01    -1.75631878  -0.16643318   0.20279012   -0.81099916  -0.51927468   0.20278902
2454711.244881  8.974292e-01    -1.75631621  -0.16645397   0.20279691   -0.81098805  -0.51927157   0.20279581
2454711.250700  9.722999e-01    -1.75630618  -0.16653524   0.20282346   -0.81094466  -0.51925942   0.20282237
2454711.252177  9.624990e-01    -1.75630364  -0.16655587   0.20283020   -0.81093364  -0.51925634   0.20282911
2454711.257862  1.043759e+00    -1.75629383  -0.16663527   0.20285615   -0.81089124  -0.51924447   0.20285505
2454711.259350  1.026597e+00    -1.75629127  -0.16665605   0.20286294   -0.81088015  -0.51924136   0.20286184
2454711.265092  1.109175e+00    -1.75628136  -0.16673625   0.20288914   -0.81083733  -0.51922936   0.20288805
2454711.266579  1.157178e+00    -1.75627879  -0.16675702   0.20289593   -0.81082625  -0.51922625   0.20289483
2454711.272344  1.153985e+00    -1.75626884  -0.16683754   0.20292224   -0.81078327  -0.51921420   0.20292114
2454711.273834  1.124605e+00    -1.75626627  -0.16685834   0.20292903   -0.81077217  -0.51921109   0.20292793
2454711.279547  1.158244e+00    -1.75625641  -0.16693813   0.20295511   -0.81072958  -0.51919914   0.20295401
2454711.281035  1.163591e+00    -1.75625384  -0.16695891   0.20296190   -0.81071849  -0.51919603   0.20296080
2454711.287067  1.109175e+00    -1.75624342  -0.16704316   0.20298942   -0.81067354  -0.51918341   0.20298832
2454711.288554  1.102047e+00    -1.75624085  -0.16706393   0.20299621   -0.81066246  -0.51918030   0.20299511
2454711.294295  1.033237e+00    -1.75623093  -0.16714412   0.20302241   -0.81061968  -0.51916828   0.20302131
2454711.295776  9.651619e-01    -1.75622837  -0.16716480   0.20302916   -0.81060865  -0.51916518   0.20302806
2454711.301435  9.822007e-01    -1.75621859  -0.16724382   0.20305498   -0.81056650  -0.51915334   0.20305388
2454711.302916  8.761939e-01    -1.75621603  -0.16726451   0.20306174   -0.81055547  -0.51915024   0.20306064
16 0   0.021   2008-09-06.6   R   Oey
2454716.071114  1.119066e+00    -1.74691957  -0.23374428   0.22469282   -0.77711437  -0.50798406   0.22469143
2454716.072611  1.053066e+00    -1.74691632  -0.23376511   0.22469957   -0.77710453  -0.50798020   0.22469818
2454716.085683  1.129420e+00    -1.74688795  -0.23394701   0.22475851   -0.77701866  -0.50794654   0.22475712
2454716.087158  1.184829e+00    -1.74688474  -0.23396754   0.22476516   -0.77700897  -0.50794274   0.22476377
2454716.114867  9.701874e-01    -1.74682454  -0.23435311   0.22489009   -0.77682705  -0.50787132   0.22488870
2454716.116321  9.604074e-01    -1.74682138  -0.23437334   0.22489665   -0.77681751  -0.50786757   0.22489526
2454716.128887  9.764625e-01    -1.74679405  -0.23454820   0.22495330   -0.77673505  -0.50783515   0.22495191
2454716.130346  9.533574e-01    -1.74679088  -0.23456851   0.22495988   -0.77672548  -0.50783139   0.22495849
2454716.154190  9.595236e-01    -1.74673898  -0.23490029   0.22506738   -0.77656912  -0.50776984   0.22506598
2454716.155645  9.586405e-01    -1.74673581  -0.23492053   0.22507394   -0.77655958  -0.50776608   0.22507254
2454716.166304  9.737682e-01    -1.74671259  -0.23506885   0.22512199   -0.77648972  -0.50773855   0.22512059
2454716.167776  9.791647e-01    -1.74670939  -0.23508933   0.22512862   -0.77648007  -0.50773475   0.22512723
2454716.173480  9.325146e-01    -1.74669696  -0.23516869   0.22515433   -0.77644271  -0.50772001   0.22515294
2454716.174946  9.437469e-01    -1.74669376  -0.23518909   0.22516094   -0.77643310  -0.50771622   0.22515955
2454716.180938  9.498511e-01    -1.74668070  -0.23527247   0.22518795   -0.77639385  -0.50770074   0.22518656
2454716.182403  9.559950e-01    -1.74667751  -0.23529285   0.22519456   -0.77638425  -0.50769695   0.22519316
27 0   0.032   2008-09-09.7   R   Oey
2454719.028792  9.394768e-01    -1.74009911  -0.27484515   0.23797656   -0.75850898  -0.49998506   0.23797500
2454719.044262  9.711493e-01    -1.74006132  -0.27505980   0.23804576   -0.75841607  -0.49994129   0.23804419
2454719.057011  1.003890e+00    -1.74003017  -0.27523671   0.23810278   -0.75833953  -0.49990521   0.23810121
2454719.058475  9.206323e-01    -1.74002659  -0.27525703   0.23810933   -0.75833074  -0.49990107   0.23810776
2454719.082024  8.996757e-01    -1.73996900  -0.27558377   0.23821465   -0.75818945  -0.49983438   0.23821309
2454719.083492  9.420761e-01    -1.73996540  -0.27560414   0.23822122   -0.75818065  -0.49983023   0.23821965
2454719.097281  1.120175e+00    -1.73993165  -0.27579547   0.23828289   -0.75809797  -0.49979116   0.23828132
2454719.098749  1.117085e+00    -1.73992806  -0.27581584   0.23828946   -0.75808917  -0.49978700   0.23828789
2454719.111196  1.126383e+00    -1.73989758  -0.27598854   0.23834512   -0.75801458  -0.49975172   0.23834355
2454719.112660  1.133668e+00    -1.73989400  -0.27600885   0.23835167   -0.75800581  -0.49974757   0.23835010
2454719.125497  9.613597e-01    -1.73986254  -0.27618697   0.23840908   -0.75792891  -0.49971116   0.23840750
2454719.139453  9.429443e-01    -1.73982833  -0.27638059   0.23847148   -0.75784534  -0.49967158   0.23846991
2454719.153387  9.928553e-01    -1.73979416  -0.27657392   0.23853379   -0.75776195  -0.49963204   0.23853222
2454719.154854  9.569428e-01    -1.73979056  -0.27659428   0.23854035   -0.75775317  -0.49962787   0.23853878
2454719.222019  1.017855e+00    -1.73962557  -0.27752610   0.23884065   -0.75735172  -0.49943705   0.23883908
2454719.223485  9.774306e-01    -1.73962196  -0.27754644   0.23884721   -0.75734297  -0.49943288   0.23884563
2454719.250751  1.097706e+00    -1.73955486  -0.27792470   0.23896910   -0.75718026  -0.49935531   0.23896752
2454719.252219  1.075687e+00    -1.73955125  -0.27794507   0.23897566   -0.75717150  -0.49935113   0.23897408
2454719.258414  1.071732e+00    -1.73953599  -0.27803101   0.23900336   -0.75713455  -0.49933350   0.23900178
2454719.259887  1.031065e+00    -1.73953237  -0.27805145   0.23900994   -0.75712577  -0.49932931   0.23900836
2454719.265470  9.738364e-01    -1.73951861  -0.27812890   0.23903490   -0.75709248  -0.49931341   0.23903332
2454719.266934  1.018793e+00    -1.73951501  -0.27814921   0.23904144   -0.75708375  -0.49930924   0.23903986
2454719.273969  9.351603e-01    -1.73949767  -0.27824679   0.23907289   -0.75704182  -0.49928921   0.23907131
2454719.286592  9.551820e-01    -1.73946656  -0.27842191   0.23912931   -0.75696659  -0.49925326   0.23912773
2454719.288061  9.394768e-01    -1.73946294  -0.27844229   0.23913588   -0.75695784  -0.49924907   0.23913430
2454719.293622  9.613597e-01    -1.73944922  -0.27851944   0.23916074   -0.75692471  -0.49923323   0.23915915
2454719.295088  9.164023e-01    -1.73944561  -0.27853977   0.23916729   -0.75691598  -0.49922905   0.23916571
21 0   0.028   2008-09-10.6   R   Oey
2454720.020298  9.517657e-01    -1.73763298  -0.28859610   0.24240548   -0.75264722  -0.49714216   0.24240385
2454720.036066  8.989387e-01    -1.73759304  -0.28881467   0.24247581   -0.75255553  -0.49709634   0.24247419
2454720.048605  9.292448e-01    -1.73756126  -0.28898846   0.24253174   -0.75248266  -0.49705989   0.24253011
2454720.050072  9.080925e-01    -1.73755754  -0.28900880   0.24253828   -0.75247414  -0.49705563   0.24253665
2454720.062529  1.152737e+00    -1.73752595  -0.28918147   0.24259384   -0.75240177  -0.49701940   0.24259222
2454720.063995  1.143221e+00    -1.73752223  -0.28920179   0.24260038   -0.75239326  -0.49701513   0.24259875
2454720.076485  1.097818e+00    -1.73749054  -0.28937491   0.24265609   -0.75232074  -0.49697880   0.24265446
2454720.077965  1.078773e+00    -1.73748678  -0.28939543   0.24266269   -0.75231215  -0.49697449   0.24266106
2454720.090771  9.811379e-01    -1.73745427  -0.28957291   0.24271980   -0.75223783  -0.49693722   0.24271817
2454720.092233  9.847593e-01    -1.73745056  -0.28959318   0.24272632   -0.75222935  -0.49693297   0.24272469
2454720.104986  9.966212e-01    -1.73741817  -0.28976994   0.24278319   -0.75215537  -0.49689584   0.24278156
2454720.106454  9.413044e-01    -1.73741444  -0.28979029   0.24278974   -0.75214685  -0.49689156   0.24278811
2454720.119313  9.318158e-01    -1.73738177  -0.28996851   0.24284708   -0.75207230  -0.49685411   0.24284545
2454720.133614  1.023599e+00    -1.73734541  -0.29016672   0.24291085   -0.75198942  -0.49681245   0.24290922
2454720.135080  1.012349e+00    -1.73734168  -0.29018704   0.24291739   -0.75198092  -0.49680818   0.24291576
2454720.147919  1.029272e+00    -1.73730902  -0.29036498   0.24297464   -0.75190655  -0.49677076   0.24297301
2454720.149385  1.065933e+00    -1.73730529  -0.29038529   0.24298117   -0.75189807  -0.49676648   0.24297954
2454720.156728  1.019836e+00    -1.73728661  -0.29048706   0.24301391   -0.75185555  -0.49674508   0.24301228
2454720.163993  9.421721e-01    -1.73726811  -0.29058775   0.24304631   -0.75181349  -0.49672389   0.24304468
2454720.165460  9.482661e-01    -1.73726438  -0.29060808   0.24305285   -0.75180500  -0.49671961   0.24305122
2454720.170996  9.623435e-01    -1.73725028  -0.29068481   0.24307753   -0.75177296  -0.49670347   0.24307590
24 0   0.029   2008-09-11.6   R   Oey
2454721.017631  1.029804e+00    -1.73506164  -0.30241280   0.24684777   -0.74694351  -0.49420755   0.24684608
2454721.019114  1.077344e+00    -1.73505775  -0.30243333   0.24685436   -0.74693517  -0.49420313   0.24685268
2454721.032684  1.115718e+00    -1.73502213  -0.30262122   0.24691472   -0.74685890  -0.49416270   0.24691304
2454721.034169  1.109570e+00    -1.73501823  -0.30264178   0.24692132   -0.74685056  -0.49415828   0.24691964
2454721.047462  1.027909e+00    -1.73498332  -0.30282584   0.24698044   -0.74677589  -0.49411866   0.24697876
2454721.048941  9.953011e-01    -1.73497944  -0.30284632   0.24698702   -0.74676758  -0.49411425   0.24698534
2454721.061987  9.052206e-01    -1.73494517  -0.30302693   0.24704504   -0.74669434  -0.49407535   0.24704335
2454721.063473  8.692697e-01    -1.73494126  -0.30304751   0.24705165   -0.74668600  -0.49407092   0.24704996
2454721.077038  9.548926e-01    -1.73490560  -0.30323532   0.24711197   -0.74660988  -0.49403046   0.24711029
2454721.078509  9.452670e-01    -1.73490174  -0.30325568   0.24711851   -0.74660163  -0.49402607   0.24711683
2454721.091061  9.531350e-01    -1.73486873  -0.30342946   0.24717433   -0.74653123  -0.49398862   0.24717264
2454721.092530  9.852682e-01    -1.73486486  -0.30344979   0.24718086   -0.74652299  -0.49398424   0.24717917
2454721.105080  1.009147e+00    -1.73483184  -0.30362355   0.24723667   -0.74645264  -0.49394678   0.24723498
2454721.106556  9.655049e-01    -1.73482796  -0.30364398   0.24724323   -0.74644436  -0.49394238   0.24724154
2454721.119187  9.699613e-01    -1.73479470  -0.30381886   0.24729940   -0.74637359  -0.49390466   0.24729771
2454721.120664  9.461378e-01    -1.73479081  -0.30383930   0.24730596   -0.74636532  -0.49390025   0.24730428
2454721.133352  8.952709e-01    -1.73475740  -0.30401495   0.24736238   -0.74629426  -0.49386236   0.24736069
2454721.134826  8.911574e-01    -1.73475352  -0.30403536   0.24736893   -0.74628601  -0.49385796   0.24736724
2454721.148658  9.953011e-01    -1.73471707  -0.30422685   0.24743043   -0.74620858  -0.49381663   0.24742874
2454721.150130  9.708553e-01    -1.73471319  -0.30424723   0.24743698   -0.74620035  -0.49381223   0.24743529
2454721.155665  9.971362e-01    -1.73469859  -0.30432385   0.24746158   -0.74616937  -0.49379569   0.24745989
2454721.157138  1.137508e+00    -1.73469471  -0.30434425   0.24746813   -0.74616113  -0.49379129   0.24746644
2454721.162897  1.111615e+00    -1.73467953  -0.30442396   0.24749373   -0.74612892  -0.49377408   0.24749204
2454721.164369  1.141707e+00    -1.73467565  -0.30444434   0.24750028   -0.74612069  -0.49376968   0.24749859
85 0 0.12 2006.2-2010.3 V 703_CATALINA
2453773.900678 4.708944e+00 3.109594e+00 -1.032517e+00 9.029913e-02 2.372161e+00 -3.775265e-01 9.030444e-02
2453773.909518 4.708739e+00 3.109627e+00 -1.032458e+00 9.027631e-02 2.372091e+00 -3.775814e-01 9.028162e-02
2453773.914968 4.708613e+00 3.109648e+00 -1.032421e+00 9.026224e-02 2.372048e+00 -3.776152e-01 9.026755e-02
2453773.920469 5.660844e+00 3.109668e+00 -1.032384e+00 9.024804e-02 2.372005e+00 -3.776494e-01 9.025336e-02
2453786.755694 6.501320e+00 3.156001e+00 -9.454465e-01 5.706490e-02 2.288044e+00 -4.718149e-01 5.706935e-02
2453786.763264 5.929182e+00 3.156027e+00 -9.453948e-01 5.704530e-02 2.288005e+00 -4.718780e-01 5.704975e-02
2453786.770834 5.929089e+00 3.156054e+00 -9.453431e-01 5.702570e-02 2.287967e+00 -4.719412e-01 5.703015e-02
2453786.778414 6.501013e+00 3.156080e+00 -9.452914e-01 5.700608e-02 2.287928e+00 -4.720044e-01 5.701052e-02
2453817.722318 4.779656e+00 3.250088e+00 -7.306481e-01 -2.322678e-02 2.254272e+00 -7.716373e-01 -2.322502e-02
2453817.730347 6.301110e+00 3.250110e+00 -7.305916e-01 -2.324760e-02 2.254297e+00 -7.717194e-01 -2.324585e-02
2453817.738427 4.780107e+00 3.250131e+00 -7.305348e-01 -2.326856e-02 2.254322e+00 -7.718019e-01 -2.326680e-02
2453817.746547 5.747226e+00 3.250152e+00 -7.304776e-01 -2.328961e-02 2.254347e+00 -7.718849e-01 -2.328786e-02
2454127.981906 3.404924e+00 2.838738e+00 1.448072e+00 -7.241057e-01 2.245475e+00 2.233995e+00 -7.241015e-01
2454127.991467 3.733044e+00 2.838689e+00 1.448131e+00 -7.241213e-01 2.245291e+00 2.233953e+00 -7.241170e-01
2454128.001078 3.732661e+00 2.838639e+00 1.448189e+00 -7.241369e-01 2.245107e+00 2.233911e+00 -7.241326e-01
2454128.010669 3.732279e+00 2.838589e+00 1.448248e+00 -7.241524e-01 2.244922e+00 2.233870e+00 -7.241482e-01
2454156.925715 3.875312e+00 2.678474e+00 1.618954e+00 -7.684229e-01 1.771914e+00 2.016390e+00 -7.684200e-01
2454156.935476 3.222969e+00 2.678416e+00 1.619009e+00 -7.684369e-01 1.771786e+00 2.016292e+00 -7.684340e-01
2454156.945397 3.533496e+00 2.678358e+00 1.619066e+00 -7.684512e-01 1.771657e+00 2.016191e+00 -7.684483e-01
2454156.955288 3.533079e+00 2.678300e+00 1.619122e+00 -7.684654e-01 1.771528e+00 2.016091e+00 -7.684625e-01
2454172.888965 3.515878e+00 2.581568e+00 1.708187e+00 -7.904634e-01 1.596619e+00 1.841014e+00 -7.904616e-01
2454172.895485 3.515611e+00 2.581527e+00 1.708223e+00 -7.904721e-01 1.596562e+00 1.840938e+00 -7.904703e-01
2454172.908536 3.854205e+00 2.581446e+00 1.708294e+00 -7.904893e-01 1.596447e+00 1.840786e+00 -7.904875e-01
2454206.862144 3.985167e+00 2.355560e+00 1.884551e+00 -8.311540e-01 1.452822e+00 1.446369e+00 -8.311549e-01
2454206.868745 3.634344e+00 2.355513e+00 1.884584e+00 -8.311610e-01 1.452823e+00 1.446298e+00 -8.311619e-01
2454206.875315 3.984793e+00 2.355467e+00 1.884616e+00 -8.311681e-01 1.452824e+00 1.446229e+00 -8.311689e-01
2454206.881925 3.984605e+00 2.355421e+00 1.884648e+00 -8.311751e-01 1.452826e+00 1.446158e+00 -8.311759e-01
2454213.927589 3.810090e+00 2.305224e+00 1.918704e+00 -8.384852e-01 1.460043e+00 1.374167e+00 -8.384866e-01
2454213.935439 3.809924e+00 2.305167e+00 1.918741e+00 -8.384931e-01 1.460058e+00 1.374090e+00 -8.384945e-01
2454231.780296 3.933511e+00 2.173052e+00 2.000735e+00 -8.551589e-01 1.525495e+00 1.225769e+00 -8.551615e-01
2454231.788426 3.933473e+00 2.172990e+00 2.000770e+00 -8.551659e-01 1.525538e+00 1.225715e+00 -8.551685e-01
2454231.796536 3.587336e+00 2.172928e+00 2.000806e+00 -8.551729e-01 1.525581e+00 1.225661e+00 -8.551755e-01
2454231.804636 3.271658e+00 2.172867e+00 2.000842e+00 -8.551798e-01 1.525624e+00 1.225607e+00 -8.551824e-01
2454240.794729 4.723885e+00 2.103620e+00 2.039727e+00 -8.625332e-01 1.579629e+00 1.174131e+00 -8.625363e-01
2454240.802809 4.308266e+00 2.103557e+00 2.039761e+00 -8.625395e-01 1.579682e+00 1.174093e+00 -8.625426e-01
2454240.810889 3.929214e+00 2.103494e+00 2.039795e+00 -8.625458e-01 1.579736e+00 1.174055e+00 -8.625489e-01
2454240.818968 4.308329e+00 2.103431e+00 2.039829e+00 -8.625521e-01 1.579790e+00 1.174017e+00 -8.625552e-01
2454261.744318 2.885470e+00 1.935443e+00 2.123583e+00 -8.768215e-01 1.740063e+00 1.127356e+00 -8.768255e-01
2454261.752868 3.163976e+00 1.935372e+00 2.123615e+00 -8.768265e-01 1.740135e+00 1.127360e+00 -8.768305e-01
2454261.761437 2.631781e+00 1.935301e+00 2.123648e+00 -8.768315e-01 1.740206e+00 1.127363e+00 -8.768355e-01
2454261.769997 2.885800e+00 1.935231e+00 2.123680e+00 -8.768365e-01 1.740278e+00 1.127367e+00 -8.768405e-01
2454271.720609 2.765414e+00 1.852079e+00 2.159995e+00 -8.821648e-01 1.824301e+00 1.144219e+00 -8.821691e-01
2454271.728059 2.765526e+00 1.852016e+00 2.160021e+00 -8.821684e-01 1.824364e+00 1.144241e+00 -8.821727e-01
2454271.735538 3.032461e+00 1.851953e+00 2.160047e+00 -8.821720e-01 1.824428e+00 1.144264e+00 -8.821764e-01
2454271.743038 3.032584e+00 1.851889e+00 2.160074e+00 -8.821757e-01 1.824491e+00 1.144286e+00 -8.821800e-01
2454730.966211 2.510213e+00 -1.704479e+00 -4.392534e-01 2.904165e-01 -7.008711e-01 -4.617205e-01 2.904140e-01
2454730.972741 2.752275e+00 -1.704456e+00 -4.393426e-01 2.904446e-01 -7.008474e-01 -4.616978e-01 2.904421e-01
2454730.979261 2.752157e+00 -1.704433e+00 -4.394316e-01 2.904727e-01 -7.008238e-01 -4.616750e-01 2.904702e-01
2454730.985741 2.752040e+00 -1.704410e+00 -4.395201e-01 2.905006e-01 -7.008003e-01 -4.616525e-01 2.904981e-01
2454743.927964 3.154089e+00 -1.651500e+00 -6.140454e-01 3.449065e-01 -6.711947e-01 -4.156798e-01 3.449044e-01
2454743.934124 3.154076e+00 -1.651472e+00 -6.141273e-01 3.449317e-01 -6.711889e-01 -4.156582e-01 3.449297e-01
2454743.940244 2.623435e+00 -1.651443e+00 -6.142087e-01 3.449568e-01 -6.711831e-01 -4.156368e-01 3.449547e-01
2454743.948394 2.876523e+00 -1.651405e+00 -6.143171e-01 3.449902e-01 -6.711753e-01 -4.156083e-01 3.449881e-01
2454749.834611 3.169383e+00 -1.622605e+00 -6.920338e-01 3.687797e-01 -6.691344e-01 -3.956437e-01 3.687778e-01
2454749.843781 2.890571e+00 -1.622558e+00 -6.921540e-01 3.688162e-01 -6.691367e-01 -3.956137e-01 3.688143e-01
2454749.853011 2.890632e+00 -1.622510e+00 -6.922749e-01 3.688530e-01 -6.691390e-01 -3.955837e-01 3.688512e-01
2454749.862311 3.475381e+00 -1.622463e+00 -6.923968e-01 3.688901e-01 -6.691414e-01 -3.955534e-01 3.688882e-01
2454766.805643 3.223147e+00 -1.523982e+00 -9.089181e-01 4.336446e-01 -7.013552e-01 -3.514424e-01 4.336434e-01
2454766.814163 3.223429e+00 -1.523927e+00 -9.090240e-01 4.336757e-01 -7.013848e-01 -3.514275e-01 4.336744e-01
2454766.822663 3.223711e+00 -1.523872e+00 -9.091296e-01 4.337067e-01 -7.014143e-01 -3.514127e-01 4.337055e-01
2454766.831162 3.223993e+00 -1.523817e+00 -9.092353e-01 4.337377e-01 -7.014438e-01 -3.513978e-01 4.337365e-01
2454794.723205 2.329254e+00 -1.316675e+00 -1.237151e+00 5.269622e-01 -8.559341e-01 -3.640416e-01 5.269623e-01
2454794.729095 2.329500e+00 -1.316626e+00 -1.237216e+00 5.269800e-01 -8.559764e-01 -3.640597e-01 5.269801e-01
2454794.738845 2.554693e+00 -1.316545e+00 -1.237324e+00 5.270095e-01 -8.560464e-01 -3.640897e-01 5.270096e-01
2454794.766153 2.331049e+00 -1.316318e+00 -1.237625e+00 5.270921e-01 -8.562425e-01 -3.641737e-01 5.270922e-01
2454831.680033 2.058574e+00 -9.743167e-01 -1.605513e+00 6.225241e-01 -1.140639e+00 -6.363863e-01 6.225259e-01
2454831.687822 2.058882e+00 -9.742382e-01 -1.605582e+00 6.225408e-01 -1.140694e+00 -6.364785e-01 6.225426e-01
2454831.695552 2.257855e+00 -9.741602e-01 -1.605651e+00 6.225574e-01 -1.140750e+00 -6.365701e-01 6.225592e-01
2454831.703501 2.059502e+00 -9.740801e-01 -1.605721e+00 6.225744e-01 -1.140807e+00 -6.366642e-01 6.225762e-01
2454881.626813 2.399993e+00 -4.351376e-01 -1.971284e+00 7.007717e-01 -1.295321e+00 -1.484125e+00 7.007747e-01
2454881.632773 2.631794e+00 -4.350702e-01 -1.971318e+00 7.007777e-01 -1.295306e+00 -1.484249e+00 7.007807e-01
2454881.638802 2.189243e+00 -4.350020e-01 -1.971353e+00 7.007838e-01 -1.295291e+00 -1.484375e+00 7.007868e-01
2454881.644822 1.996807e+00 -4.349340e-01 -1.971388e+00 7.007899e-01 -1.295275e+00 -1.484501e+00 7.007929e-01
2455240.849032 5.568921e+00 2.872733e+00 -1.377333e+00 2.241967e-01 2.070137e+00 -8.022733e-01 2.241976e-01
2455240.856482 6.106162e+00 2.872772e+00 -1.377287e+00 2.241780e-01 2.070099e+00 -8.023320e-01 2.241789e-01
2455240.864023 6.106124e+00 2.872811e+00 -1.377241e+00 2.241591e-01 2.070060e+00 -8.023915e-01 2.241600e-01
2455240.871523 6.106086e+00 2.872849e+00 -1.377195e+00 2.241402e-01 2.070022e+00 -8.024506e-01 2.241412e-01
2455259.800827 6.924137e+00 2.965848e+00 -1.258324e+00 1.763008e-01 2.015332e+00 -9.760279e-01 1.763030e-01
2455259.806597 7.592356e+00 2.965874e+00 -1.258287e+00 1.762861e-01 2.015330e+00 -9.760865e-01 1.762883e-01
2455259.812387 6.924487e+00 2.965901e+00 -1.258250e+00 1.762714e-01 2.015327e+00 -9.761454e-01 1.762736e-01
2455259.818197 6.924663e+00 2.965929e+00 -1.258213e+00 1.762566e-01 2.015324e+00 -9.762045e-01 1.762588e-01
2455275.705414 5.808374e+00 3.036755e+00 -1.155353e+00 1.356666e-01 2.041039e+00 -1.143782e+00 1.356699e-01
2455275.712303 5.808698e+00 3.036784e+00 -1.155308e+00 1.356489e-01 2.041065e+00 -1.143856e+00 1.356522e-01
2455275.719183 4.831733e+00 3.036814e+00 -1.155262e+00 1.356313e-01 2.041091e+00 -1.143930e+00 1.356345e-01
2455275.726033 4.406837e+00 3.036843e+00 -1.155218e+00 1.356137e-01 2.041117e+00 -1.144003e+00 1.356170e-01
1 1
2 1
3 1
4 1
5 1
6 1
7 1
8 0.15
