2	0.5	1000	 1	period_start period_step period_end fixed/free
0.0				initial epoch
0.0				initial rotation angle      
0.1				convexity weight      
3 3				degree and order of spherical harmonics      
6				number of rows        
0.5	1			scattering parameters
0.1	1
-0.5	1     
0.1	0			LS coeff                 
50				iteration stop condidion
10				minimum number of iterations (only if the above value < 1)
5				Alamda multiplicative factor
0.1				Alamda initial value
1
99 0 0.12 2007.7-2010.6 V 703_CATALINA
2454300.938108 1.479469e+00 -1.918651e+00 -9.478836e-01 -2.954096e-02 -1.468418e+00 -1.858966e+00 -2.954531e-02
2454300.942998 1.622155e+00 -1.918629e+00 -9.479407e-01 -2.952696e-02 -1.468322e+00 -1.858987e+00 -2.953131e-02
2454300.947908 1.479376e+00 -1.918608e+00 -9.479982e-01 -2.951290e-02 -1.468226e+00 -1.859007e+00 -2.951726e-02
2454300.952808 1.349165e+00 -1.918586e+00 -9.480555e-01 -2.949887e-02 -1.468130e+00 -1.859027e+00 -2.950323e-02
2454354.974017 1.397195e+00 -1.602608e+00 -1.530843e+00 1.242549e-01 -6.169249e-01 -1.735842e+00 1.242521e-01
2454354.977877 1.679739e+00 -1.602581e+00 -1.530881e+00 1.242657e-01 -6.168848e-01 -1.735815e+00 1.242629e-01
2454354.981737 1.397097e+00 -1.602553e+00 -1.530919e+00 1.242765e-01 -6.168448e-01 -1.735788e+00 1.242737e-01
2454354.985607 1.274122e+00 -1.602525e+00 -1.530957e+00 1.242873e-01 -6.168046e-01 -1.735761e+00 1.242845e-01
2454392.878987 1.905441e+00 -1.302797e+00 -1.870032e+00 2.270623e-01 -4.036823e-01 -1.441283e+00 2.270611e-01
2454392.888337 2.290688e+00 -1.302716e+00 -1.870108e+00 2.270868e-01 -4.036739e-01 -1.441214e+00 2.270856e-01
2454392.907058 2.290374e+00 -1.302555e+00 -1.870260e+00 2.271358e-01 -4.036571e-01 -1.441076e+00 2.271346e-01
2454392.954500 1.904388e+00 -1.302148e+00 -1.870644e+00 2.272601e-01 -4.036148e-01 -1.440727e+00 2.272589e-01
2454392.961860 1.904285e+00 -1.302085e+00 -1.870703e+00 2.272794e-01 -4.036083e-01 -1.440673e+00 2.272782e-01
2454392.969271 1.736635e+00 -1.302021e+00 -1.870763e+00 2.272988e-01 -4.036018e-01 -1.440618e+00 2.272976e-01
2454393.856305 1.725519e+00 -1.294387e+00 -1.877927e+00 2.296196e-01 -4.029128e-01 -1.434125e+00 2.296184e-01
2454393.862325 1.891912e+00 -1.294335e+00 -1.877975e+00 2.296353e-01 -4.029088e-01 -1.434081e+00 2.296342e-01
2454393.868356 1.891830e+00 -1.294283e+00 -1.878024e+00 2.296511e-01 -4.029047e-01 -1.434037e+00 2.296499e-01
2454393.874386 1.573488e+00 -1.294231e+00 -1.878072e+00 2.296668e-01 -4.029007e-01 -1.433993e+00 2.296657e-01
2454412.878342 2.066269e+00 -1.124997e+00 -2.022717e+00 2.782643e-01 -4.301156e-01 -1.316428e+00 2.782641e-01
2454412.883802 2.066242e+00 -1.124947e+00 -2.022756e+00 2.782779e-01 -4.301340e-01 -1.316401e+00 2.782777e-01
2454412.889242 2.265559e+00 -1.124897e+00 -2.022795e+00 2.782915e-01 -4.301523e-01 -1.316375e+00 2.782913e-01
2454412.894662 2.066187e+00 -1.124847e+00 -2.022834e+00 2.783051e-01 -4.301706e-01 -1.316349e+00 2.783049e-01
2454420.800624 2.048582e+00 -1.051531e+00 -2.077997e+00 2.978473e-01 -4.623527e-01 -1.283679e+00 2.978475e-01
2454420.804344 2.048585e+00 -1.051496e+00 -2.078022e+00 2.978564e-01 -4.623703e-01 -1.283666e+00 2.978566e-01
2454420.808094 2.048587e+00 -1.051461e+00 -2.078048e+00 2.978656e-01 -4.623881e-01 -1.283653e+00 2.978658e-01
2454420.811804 2.246233e+00 -1.051426e+00 -2.078073e+00 2.978747e-01 -4.624056e-01 -1.283641e+00 2.978749e-01
2454421.845020 2.247448e+00 -1.041731e+00 -2.085063e+00 3.003975e-01 -4.673746e-01 -1.280240e+00 3.003978e-01
2454421.851140 2.247458e+00 -1.041673e+00 -2.085104e+00 3.004124e-01 -4.674045e-01 -1.280221e+00 3.004127e-01
2454421.857220 2.247468e+00 -1.041616e+00 -2.085145e+00 3.004272e-01 -4.674342e-01 -1.280201e+00 3.004275e-01
2454421.863350 2.247478e+00 -1.041558e+00 -2.085186e+00 3.004422e-01 -4.674642e-01 -1.280182e+00 3.004424e-01
2454452.748578 3.010818e+00 -7.413454e-01 -2.270604e+00 3.723092e-01 -6.694711e-01 -1.289253e+00 3.723109e-01
2454452.755118 2.504481e+00 -7.412800e-01 -2.270638e+00 3.723237e-01 -6.695198e-01 -1.289279e+00 3.723254e-01
2454452.761708 2.504673e+00 -7.412140e-01 -2.270673e+00 3.723383e-01 -6.695688e-01 -1.289306e+00 3.723400e-01
2454507.634387 1.439105e+00 -1.756096e-01 -2.489067e+00 4.813512e-01 -9.495581e-01 -1.876818e+00 4.813539e-01
2454507.641936 1.578132e+00 -1.755303e-01 -2.489088e+00 4.813644e-01 -9.495615e-01 -1.876940e+00 4.813672e-01
2454507.649526 1.312787e+00 -1.754507e-01 -2.489109e+00 4.813777e-01 -9.495650e-01 -1.877064e+00 4.813805e-01
2454507.657015 1.730790e+00 -1.753720e-01 -2.489129e+00 4.813909e-01 -9.495683e-01 -1.877186e+00 4.813936e-01
2454523.635274 2.640977e+00 -7.319870e-03 -2.526864e+00 5.083088e-01 -9.240603e-01 -2.152622e+00 5.083114e-01
2454523.642484 2.003593e+00 -7.243980e-03 -2.526879e+00 5.083204e-01 -9.240334e-01 -2.152752e+00 5.083230e-01
2454523.649613 1.827485e+00 -7.168940e-03 -2.526893e+00 5.083319e-01 -9.240067e-01 -2.152880e+00 5.083345e-01
2454523.656762 1.153183e+00 -7.093680e-03 -2.526907e+00 5.083435e-01 -9.239799e-01 -2.153009e+00 5.083461e-01
2454529.642602 1.043492e+00 5.591238e-02 -2.538151e+00 5.178503e-01 -8.964728e-01 -2.261860e+00 5.178528e-01
2454529.648471 1.254655e+00 5.597415e-02 -2.538162e+00 5.178595e-01 -8.964408e-01 -2.261968e+00 5.178619e-01
2454529.654361 1.508550e+00 5.603613e-02 -2.538172e+00 5.178687e-01 -8.964087e-01 -2.262076e+00 5.178711e-01
2454529.660260 1.654227e+00 5.609821e-02 -2.538182e+00 5.178779e-01 -8.963765e-01 -2.262184e+00 5.178804e-01
2454538.611227 1.551805e+00 1.502401e-01 -2.552110e+00 5.315035e-01 -8.358966e-01 -2.427339e+00 5.315058e-01
2454538.618327 2.045866e+00 1.503147e-01 -2.552120e+00 5.315141e-01 -8.358393e-01 -2.427471e+00 5.315163e-01
2454538.625366 1.177381e+00 1.503887e-01 -2.552129e+00 5.315245e-01 -8.357825e-01 -2.427601e+00 5.315268e-01
2454538.632405 2.046242e+00 1.504627e-01 -2.552139e+00 5.315349e-01 -8.357257e-01 -2.427731e+00 5.315372e-01
2454549.637553 1.625438e+00 2.659217e-01 -2.564602e+00 5.473154e-01 -7.290065e-01 -2.629865e+00 5.473173e-01
2454549.642283 8.530903e-01 2.659712e-01 -2.564606e+00 5.473219e-01 -7.289530e-01 -2.629951e+00 5.473238e-01
2454549.651662 1.124719e+00 2.660695e-01 -2.564615e+00 5.473349e-01 -7.288468e-01 -2.630121e+00 5.473368e-01
2454563.618827 1.319528e+00 4.118278e-01 -2.573214e+00 5.658188e-01 -5.426197e-01 -2.875190e+00 5.658202e-01
2454563.623476 1.739564e+00 4.118761e-01 -2.573215e+00 5.658246e-01 -5.425485e-01 -2.875268e+00 5.658260e-01
2454563.628106 1.446979e+00 4.119243e-01 -2.573217e+00 5.658305e-01 -5.424777e-01 -2.875346e+00 5.658319e-01
2454563.632726 1.001115e+00 4.119723e-01 -2.573219e+00 5.658363e-01 -5.424069e-01 -2.875423e+00 5.658377e-01
2454864.857030 1.857097e+00 2.802118e+00 -1.293879e+00 5.826503e-01 2.123622e+00 -5.791089e-01 5.826531e-01
2454864.865820 1.544592e+00 2.802157e+00 -1.293814e+00 5.826417e-01 2.123549e+00 -5.791484e-01 5.826445e-01
2454864.874590 2.036071e+00 2.802197e+00 -1.293748e+00 5.826331e-01 2.123477e+00 -5.791879e-01 5.826359e-01
2454864.883251 1.544444e+00 2.802236e+00 -1.293684e+00 5.826247e-01 2.123405e+00 -5.792268e-01 5.826275e-01
2454881.840229 2.301618e+00 2.874753e+00 -1.166194e+00 5.652606e-01 2.012706e+00 -6.822478e-01 5.652635e-01
2454881.847769 2.099075e+00 2.874784e+00 -1.166137e+00 5.652525e-01 2.012671e+00 -6.823040e-01 5.652555e-01
2454881.855220 2.767087e+00 2.874814e+00 -1.166080e+00 5.652446e-01 2.012637e+00 -6.823595e-01 5.652475e-01
2454881.862740 2.523584e+00 2.874844e+00 -1.166023e+00 5.652365e-01 2.012602e+00 -6.824156e-01 5.652395e-01
2454881.922710 1.914153e+00 2.875087e+00 -1.165566e+00 5.651723e-01 2.012323e+00 -6.828629e-01 5.651753e-01
2454881.930860 2.098800e+00 2.875120e+00 -1.165504e+00 5.651636e-01 2.012285e+00 -6.829237e-01 5.651666e-01
2454881.939111 2.098773e+00 2.875153e+00 -1.165441e+00 5.651548e-01 2.012247e+00 -6.829853e-01 5.651577e-01
2454881.947261 2.098746e+00 2.875186e+00 -1.165379e+00 5.651460e-01 2.012209e+00 -6.830461e-01 5.651490e-01
2454891.796462 1.741194e+00 2.913704e+00 -1.089840e+00 5.543463e-01 1.978469e+00 -7.624580e-01 5.543493e-01
2454891.805272 1.588003e+00 2.913737e+00 -1.089772e+00 5.543364e-01 1.978450e+00 -7.625336e-01 5.543394e-01
2454891.813902 1.909217e+00 2.913770e+00 -1.089705e+00 5.543268e-01 1.978431e+00 -7.626077e-01 5.543297e-01
2454891.822752 1.909235e+00 2.913803e+00 -1.089637e+00 5.543168e-01 1.978412e+00 -7.626837e-01 5.543198e-01
2454909.649229 2.027014e+00 2.976751e+00 -9.504463e-01 5.334941e-01 1.981491e+00 -9.251317e-01 5.334971e-01
2454909.662169 1.537757e+00 2.976793e+00 -9.503442e-01 5.334784e-01 1.981525e+00 -9.252530e-01 5.334814e-01
2454909.675088 1.166591e+00 2.976836e+00 -9.502423e-01 5.334627e-01 1.981558e+00 -9.253741e-01 5.334657e-01
2454909.688018 1.537976e+00 2.976878e+00 -9.501402e-01 5.334470e-01 1.981591e+00 -9.254952e-01 5.334500e-01
2454921.685819 1.827346e+00 3.014292e+00 -8.548457e-01 5.185385e-01 2.031920e+00 -1.036376e+00 5.185415e-01
2454921.694719 1.827472e+00 3.014318e+00 -8.547746e-01 5.185272e-01 2.031972e+00 -1.036456e+00 5.185302e-01
2454921.711788 2.004049e+00 3.014368e+00 -8.546382e-01 5.185055e-01 2.032071e+00 -1.036610e+00 5.185085e-01
2455320.835226 2.220946e+00 1.922695e+00 2.132794e+00 -2.091638e-01 1.192750e+00 1.437216e+00 -2.091591e-01
2455320.841936 2.025458e+00 1.922640e+00 2.132825e+00 -2.091766e-01 1.192772e+00 1.437164e+00 -2.091718e-01
2455320.848736 2.220793e+00 1.922584e+00 2.132858e+00 -2.091895e-01 1.192795e+00 1.437111e+00 -2.091847e-01
2455320.855546 2.220716e+00 1.922528e+00 2.132890e+00 -2.092024e-01 1.192818e+00 1.437058e+00 -2.091977e-01
2455332.737386 2.814195e+00 1.823351e+00 2.187238e+00 -2.315550e-01 1.245235e+00 1.357791e+00 -2.315503e-01
2455332.744276 2.340721e+00 1.823293e+00 2.187269e+00 -2.315678e-01 1.245272e+00 1.357753e+00 -2.315632e-01
2455332.751206 2.340696e+00 1.823234e+00 2.187299e+00 -2.315808e-01 1.245309e+00 1.357715e+00 -2.315761e-01
2455332.758036 2.566495e+00 1.823176e+00 2.187329e+00 -2.315935e-01 1.245346e+00 1.357678e+00 -2.315888e-01
2455347.747726 1.965271e+00 1.693412e+00 2.250267e+00 -2.591925e-01 1.339231e+00 1.300302e+00 -2.591881e-01
2455347.753955 1.965303e+00 1.693357e+00 2.250292e+00 -2.592038e-01 1.339275e+00 1.300289e+00 -2.591994e-01
2455347.760235 1.792407e+00 1.693302e+00 2.250317e+00 -2.592152e-01 1.339319e+00 1.300276e+00 -2.592108e-01
2455347.766525 1.792437e+00 1.693246e+00 2.250342e+00 -2.592266e-01 1.339363e+00 1.300263e+00 -2.592223e-01
2455349.736539 1.499393e+00 1.675815e+00 2.258130e+00 -2.627994e-01 1.353331e+00 1.296618e+00 -2.627951e-01
2455349.743359 1.976627e+00 1.675755e+00 2.258156e+00 -2.628118e-01 1.353380e+00 1.296607e+00 -2.628075e-01
2455349.750269 2.167376e+00 1.675694e+00 2.258183e+00 -2.628243e-01 1.353429e+00 1.296596e+00 -2.628200e-01
2455349.783608 1.644294e+00 1.675398e+00 2.258314e+00 -2.628847e-01 1.353668e+00 1.296542e+00 -2.628803e-01
2455356.649017 1.851838e+00 1.613980e+00 2.284538e+00 -2.752286e-01 1.404244e+00 1.291353e+00 -2.752245e-01
2455356.657297 1.851908e+00 1.613905e+00 2.284569e+00 -2.752434e-01 1.404306e+00 1.291353e+00 -2.752393e-01
2455356.665297 1.851977e+00 1.613833e+00 2.284599e+00 -2.752576e-01 1.404367e+00 1.291354e+00 -2.752536e-01
2455356.673477 1.852047e+00 1.613759e+00 2.284629e+00 -2.752722e-01 1.404428e+00 1.291355e+00 -2.752682e-01
1 0.5
