2	0.5	1000	 1	period_start period_step period_end fixed/free
0.0				initial epoch
0.0				initial rotation angle      
0.1				convexity weight      
3 3				degree and order of spherical harmonics      
6				number of rows        
0.5	1			scattering parameters
0.1	1
-0.5	1     
0.1	0			LS coeff                 
50				iteration stop condidion
10				minimum number of iterations (only if the above value < 1)
5				Alamda multiplicative factor
0.1				Alamda initial value
3
30 0   0.020   2008-06-29.3   R   Brinsfield
2454646.668388  5.208978e-01     0.17733514   3.09702706  -0.34758901    0.31312163   2.08948282  -0.34758651
2454646.676133  5.449450e-01     0.17726221   3.09702401  -0.34757651    0.31317857   2.08949708  -0.34757401
2454646.683859  6.182335e-01     0.17718946   3.09702096  -0.34756405    0.31323537   2.08951131  -0.34756155
2454646.691573  6.569807e-01     0.17711682   3.09701792  -0.34755160    0.31329209   2.08952554  -0.34754911
2454646.700500  7.243566e-01     0.17703275   3.09701439  -0.34753720    0.31335772   2.08954202  -0.34753470
2454646.708166  8.052905e-01     0.17696057   3.09701136  -0.34752483    0.31341407   2.08955619  -0.34752234
2454646.715815  9.340122e-01     0.17688853   3.09700834  -0.34751249    0.31347031   2.08957035  -0.34751000
2454646.723523  1.055729e+00     0.17681594   3.09700529  -0.34750006    0.31352696   2.08958463  -0.34749756
2454646.732076  1.112634e+00     0.17673540   3.09700190  -0.34748626    0.31358983   2.08960049  -0.34748376
2454646.739741  1.129152e+00     0.17666322   3.09699887  -0.34747389    0.31364617   2.08961472  -0.34747140
2454646.747405  1.093333e+00     0.17659105   3.09699583  -0.34746153    0.31370250   2.08962896  -0.34745903
2454646.755094  1.157584e+00     0.17651864   3.09699278  -0.34744912    0.31375901   2.08964327  -0.34744662
2454646.763700  1.240374e+00     0.17643760   3.09698937  -0.34743523    0.31382225   2.08965929  -0.34743274
2454646.771426  1.152265e+00     0.17636485   3.09698630  -0.34742277    0.31387903   2.08967370  -0.34742027
2454646.779094  1.137503e+00     0.17629264   3.09698325  -0.34741040    0.31393538   2.08968801  -0.34740790
2454646.782632  1.157584e+00     0.17625931   3.09698185  -0.34740469    0.31396138   2.08969462  -0.34740219
2454646.787032  1.115713e+00     0.17621788   3.09698010  -0.34739759    0.31399371   2.08970285  -0.34739509
2454646.794184  1.106503e+00     0.17615053   3.09697725  -0.34738605    0.31404626   2.08971622  -0.34738355
2454646.797691  1.153327e+00     0.17611750   3.09697586  -0.34738039    0.31407203   2.08972279  -0.34737789
2454646.802133  1.108543e+00     0.17607567   3.09697409  -0.34737322    0.31410467   2.08973111  -0.34737073
2454646.805702  1.081316e+00     0.17604207   3.09697267  -0.34736746    0.31413089   2.08973779  -0.34736497
2454646.809244  1.144860e+00     0.17600871   3.09697126  -0.34736174    0.31415692   2.08974443  -0.34735925
2454646.812821  1.055729e+00     0.17597503   3.09696983  -0.34735597    0.31418320   2.08975114  -0.34735348
2454646.817253  1.060602e+00     0.17593329   3.09696807  -0.34734882    0.31421576   2.08975946  -0.34734633
2454646.820792  1.080320e+00     0.17589996   3.09696666  -0.34734311    0.31424176   2.08976610  -0.34734062
2454646.824316  1.088310e+00     0.17586678   3.09696525  -0.34733742    0.31426765   2.08977272  -0.34733493
2454646.827839  1.025068e+00     0.17583360   3.09696385  -0.34733174    0.31429353   2.08977935  -0.34732925
2454646.832297  9.690638e-01     0.17579162   3.09696207  -0.34732454    0.31432628   2.08978773  -0.34732205
2454646.835844  9.971315e-01     0.17575822   3.09696065  -0.34731882    0.31435233   2.08979440  -0.34731633
2454646.839401  9.726407e-01     0.17572472   3.09695923  -0.34731308    0.31437846   2.08980110  -0.34731059
7 0   0.019   2008-06-30.3   R   Brinsfield
2454647.760726  1.340501e+00     0.16704768   3.09657866  -0.34582482    0.32112845   2.09164327  -0.34582237
2454647.783352  9.622039e-01     0.16683456   3.09656900  -0.34578823    0.32129375   2.09169122  -0.34578578
2454647.805875  8.512696e-01     0.16662242   3.09655936  -0.34575182    0.32145827   2.09173907  -0.34574936
2454647.828216  7.489746e-01     0.16641200   3.09654978  -0.34571569    0.32162144   2.09178666  -0.34571324
2454647.850659  7.821088e-01     0.16620060   3.09654015  -0.34567939    0.32178534   2.09183460  -0.34567694
2454647.873031  1.056981e+00     0.16598988   3.09653053  -0.34564321    0.32194869   2.09188251  -0.34564076
2454647.895356  1.257961e+00     0.16577960   3.09652091  -0.34560711    0.32211167   2.09193045  -0.34560466
76 0 0.12 2005.9-2009.12 V 703_CATALINA
2453642.949019 1.165723e+01 7.085177e-01 -2.831859e+00 1.727306e-01 1.704060e+00 -2.721655e+00 1.727307e-01
2453642.955609 1.278137e+01 7.085835e-01 -2.831852e+00 1.727188e-01 1.704111e+00 -2.721535e+00 1.727190e-01
2453642.962169 1.278085e+01 7.086490e-01 -2.831844e+00 1.727071e-01 1.704163e+00 -2.721416e+00 1.727073e-01
2453642.968720 1.401335e+01 7.087144e-01 -2.831837e+00 1.726954e-01 1.704214e+00 -2.721297e+00 1.726956e-01
2453760.721882 2.821742e+01 1.799640e+00 -2.482694e+00 -4.524519e-02 1.234788e+00 -1.676354e+00 -4.523921e-02
2453760.727712 2.821766e+01 1.799689e+00 -2.482667e+00 -4.525609e-02 1.234753e+00 -1.676385e+00 -4.525011e-02
2453760.733532 2.821790e+01 1.799737e+00 -2.482640e+00 -4.526697e-02 1.234718e+00 -1.676416e+00 -4.526100e-02
2453760.739372 2.821815e+01 1.799786e+00 -2.482613e+00 -4.527789e-02 1.234683e+00 -1.676447e+00 -4.527192e-02
2453761.867816 2.827058e+01 1.809196e+00 -2.477366e+00 -4.738748e-02 1.227992e+00 -1.682575e+00 -4.738156e-02
2453761.875986 2.827100e+01 1.809265e+00 -2.477328e+00 -4.740276e-02 1.227945e+00 -1.682620e+00 -4.739683e-02
2453761.884166 2.827142e+01 1.809333e+00 -2.477290e+00 -4.741805e-02 1.227897e+00 -1.682666e+00 -4.741212e-02
2453761.892326 2.827184e+01 1.809401e+00 -2.477252e+00 -4.743330e-02 1.227849e+00 -1.682711e+00 -4.742738e-02
2453768.808750 2.186857e+01 1.866554e+00 -2.444390e+00 -6.034864e-02 1.191592e+00 -1.726279e+00 -6.034306e-02
2453768.816170 2.186919e+01 1.866615e+00 -2.444354e+00 -6.036248e-02 1.191557e+00 -1.726331e+00 -6.035690e-02
2453768.823610 2.397977e+01 1.866676e+00 -2.444318e+00 -6.037635e-02 1.191523e+00 -1.726383e+00 -6.037078e-02
2453768.831040 2.398045e+01 1.866737e+00 -2.444282e+00 -6.039021e-02 1.191489e+00 -1.726435e+00 -6.038464e-02
2453786.680865 1.064686e+01 2.009991e+00 -2.354029e+00 -9.357214e-02 1.142671e+00 -1.879263e+00 -9.356769e-02
2453786.688395 1.167477e+01 2.010050e+00 -2.353989e+00 -9.358608e-02 1.142666e+00 -1.879337e+00 -9.358163e-02
2453786.695935 1.167548e+01 2.010109e+00 -2.353949e+00 -9.360004e-02 1.142661e+00 -1.879412e+00 -9.359559e-02
2453786.703464 1.403789e+01 2.010168e+00 -2.353910e+00 -9.361399e-02 1.142656e+00 -1.879486e+00 -9.360953e-02
2453875.648120 9.830772e+00 2.623288e+00 -1.801672e+00 -2.526874e-01 2.100883e+00 -2.668244e+00 -2.526910e-01
2453875.652970 8.966159e+00 2.623317e+00 -1.801638e+00 -2.526957e-01 2.100981e+00 -2.668253e+00 -2.526993e-01
2453875.657839 1.078016e+01 2.623345e+00 -1.801604e+00 -2.527040e-01 2.101080e+00 -2.668262e+00 -2.527076e-01
2453875.662689 8.966938e+00 2.623374e+00 -1.801570e+00 -2.527123e-01 2.101179e+00 -2.668271e+00 -2.527159e-01
2453881.624408 1.035645e+01 2.658005e+00 -1.759296e+00 -2.628361e-01 2.224495e+00 -2.674836e+00 -2.628401e-01
2453881.633618 1.497079e+01 2.658058e+00 -1.759230e+00 -2.628516e-01 2.224689e+00 -2.674839e+00 -2.628556e-01
2453881.642917 7.857406e+00 2.658111e+00 -1.759164e+00 -2.628674e-01 2.224884e+00 -2.674841e+00 -2.628714e-01
2453881.652146 7.858021e+00 2.658164e+00 -1.759098e+00 -2.628830e-01 2.225078e+00 -2.674844e+00 -2.628870e-01
2454062.993768 8.622938e+00 3.283124e+00 -2.798960e-01 -5.191869e-01 3.762564e+00 5.833635e-01 -5.191835e-01
2454062.997138 9.454686e+00 3.283127e+00 -2.798665e-01 -5.191906e-01 3.762516e+00 5.834210e-01 -5.191872e-01
2454063.000498 7.171979e+00 3.283131e+00 -2.798370e-01 -5.191942e-01 3.762468e+00 5.834783e-01 -5.191908e-01
2454063.003828 1.136661e+01 3.283135e+00 -2.798079e-01 -5.191978e-01 3.762421e+00 5.835350e-01 -5.191944e-01
2454094.983438 1.005241e+01 3.304710e+00 1.120400e-03 -5.516652e-01 3.245715e+00 9.828627e-01 -5.516606e-01
2454094.991828 1.005175e+01 3.304712e+00 1.194210e-03 -5.516731e-01 3.245571e+00 9.829273e-01 -5.516686e-01
2454095.000229 1.102080e+01 3.304715e+00 1.268100e-03 -5.516811e-01 3.245426e+00 9.829920e-01 -5.516765e-01
2454095.008610 1.102007e+01 3.304717e+00 1.341820e-03 -5.516890e-01 3.245282e+00 9.830564e-01 -5.516845e-01
2454116.948187 1.004341e+01 3.304112e+00 1.942060e-01 -5.714052e-01 2.875646e+00 1.079687e+00 -5.714006e-01
2454116.956557 1.004266e+01 3.304109e+00 1.942795e-01 -5.714123e-01 2.875511e+00 1.079697e+00 -5.714078e-01
2454116.964888 1.004192e+01 3.304106e+00 1.943526e-01 -5.714193e-01 2.875377e+00 1.079708e+00 -5.714148e-01
2454116.973169 1.207215e+01 3.304104e+00 1.944253e-01 -5.714264e-01 2.875244e+00 1.079718e+00 -5.714219e-01
2454127.930787 8.296310e+00 3.299137e+00 2.905226e-01 -5.804714e-01 2.706590e+00 1.076978e+00 -5.804672e-01
2454127.941067 9.095873e+00 3.299131e+00 2.906127e-01 -5.804797e-01 2.706439e+00 1.076961e+00 -5.804754e-01
2454127.951298 1.093463e+01 3.299125e+00 2.907023e-01 -5.804878e-01 2.706290e+00 1.076944e+00 -5.804836e-01
2454127.961539 1.198846e+01 3.299119e+00 2.907920e-01 -5.804960e-01 2.706140e+00 1.076927e+00 -5.804918e-01
2454171.853865 1.017422e+01 3.248441e+00 6.721175e-01 -6.112177e-01 2.266321e+00 8.226368e-01 -6.112158e-01
2454171.861616 1.017380e+01 3.248428e+00 6.721841e-01 -6.112224e-01 2.266285e+00 8.225711e-01 -6.112205e-01
2454171.869356 1.115488e+01 3.248414e+00 6.722507e-01 -6.112270e-01 2.266250e+00 8.225055e-01 -6.112251e-01
2454171.877096 1.115441e+01 3.248401e+00 6.723172e-01 -6.112316e-01 2.266214e+00 8.224399e-01 -6.112297e-01
2454179.945666 1.074665e+01 3.233788e+00 7.414969e-01 -6.159003e-01 2.238052e+00 7.528567e-01 -6.158990e-01
2454179.953627 9.800772e+00 3.233772e+00 7.415650e-01 -6.159047e-01 2.238033e+00 7.527873e-01 -6.159034e-01
2454179.961527 1.074601e+01 3.233757e+00 7.416325e-01 -6.159091e-01 2.238014e+00 7.527184e-01 -6.159078e-01
2454179.969417 1.178241e+01 3.233742e+00 7.417000e-01 -6.159135e-01 2.237995e+00 7.526496e-01 -6.159123e-01
2454212.711424 1.073860e+01 3.157888e+00 1.018241e+00 -6.316659e-01 2.301899e+00 4.914881e-01 -6.316671e-01
2454212.720764 1.073897e+01 3.157863e+00 1.018319e+00 -6.316696e-01 2.301955e+00 4.914285e-01 -6.316709e-01
2454212.730054 1.177546e+01 3.157838e+00 1.018396e+00 -6.316734e-01 2.302011e+00 4.913691e-01 -6.316746e-01
2454212.739334 1.177587e+01 3.157812e+00 1.018474e+00 -6.316771e-01 2.302067e+00 4.913099e-01 -6.316784e-01
2455090.782194 1.295724e+01 -2.637632e+00 1.046716e-01 4.298780e-01 -1.638931e+00 -1.068180e-02 4.298753e-01
2455090.788814 1.295706e+01 -2.637631e+00 1.045985e-01 4.298853e-01 -1.638919e+00 -1.064214e-02 4.298826e-01
2455090.795534 1.295687e+01 -2.637629e+00 1.045244e-01 4.298927e-01 -1.638906e+00 -1.060188e-02 4.298900e-01
2455090.802114 1.181664e+01 -2.637628e+00 1.044517e-01 4.299000e-01 -1.638894e+00 -1.056245e-02 4.298972e-01
2455098.789528 1.859219e+01 -2.634888e+00 1.624096e-02 4.384965e-01 -1.631990e+00 3.787867e-02 4.384935e-01
2455098.795998 2.038598e+01 -2.634884e+00 1.616948e-02 4.385033e-01 -1.631991e+00 3.791807e-02 4.385002e-01
2455098.802438 1.859228e+01 -2.634881e+00 1.609834e-02 4.385101e-01 -1.631992e+00 3.795728e-02 4.385070e-01
2455098.808768 2.038607e+01 -2.634878e+00 1.602841e-02 4.385167e-01 -1.631993e+00 3.799583e-02 4.385136e-01
2455119.724706 9.574467e+00 -2.615315e+00 -2.147899e-01 4.589400e-01 -1.689859e+00 1.565087e-01 4.589363e-01
2455119.733256 1.049877e+01 -2.615303e+00 -2.148840e-01 4.589477e-01 -1.689904e+00 1.565505e-01 4.589441e-01
2455119.741685 1.049933e+01 -2.615291e+00 -2.149769e-01 4.589553e-01 -1.689949e+00 1.565917e-01 4.589517e-01
2455119.750185 1.049990e+01 -2.615280e+00 -2.150705e-01 4.589630e-01 -1.689994e+00 1.566333e-01 4.589593e-01
2455126.692382 1.103399e+01 -2.604822e+00 -2.914167e-01 4.650519e-01 -1.732544e+00 1.877239e-01 4.650481e-01
2455126.700772 1.103472e+01 -2.604808e+00 -2.915088e-01 4.650590e-01 -1.732602e+00 1.877577e-01 4.650553e-01
2455126.709282 1.210015e+01 -2.604794e+00 -2.916023e-01 4.650663e-01 -1.732661e+00 1.877920e-01 4.650626e-01
2455126.717701 1.326842e+01 -2.604780e+00 -2.916948e-01 4.650734e-01 -1.732720e+00 1.878259e-01 4.650697e-01
2455182.569784 7.864572e+00 -2.449672e+00 -8.930430e-01 5.008808e-01 -2.365692e+00 8.746711e-02 5.008780e-01
2455182.574323 8.623751e+00 -2.449655e+00 -8.930905e-01 5.008827e-01 -2.365753e+00 8.742600e-02 5.008799e-01
2455182.578903 7.865343e+00 -2.449637e+00 -8.931384e-01 5.008847e-01 -2.365815e+00 8.738451e-02 5.008819e-01
2455182.583453 9.456685e+00 -2.449619e+00 -8.931860e-01 5.008866e-01 -2.365877e+00 8.734330e-02 5.008838e-01
1 1
2 1
3 0.15
