2	0.5	1000	 1	period_start period_step period_end fixed/free
0.0				initial epoch
0.0				initial rotation angle      
0.1				convexity weight      
3 3				degree and order of spherical harmonics      
6				number of rows        
0.5	1			scattering parameters
0.1	1
-0.5	1     
0.1	0			LS coeff                 
50				iteration stop condidion
10				minimum number of iterations (only if the above value < 1)
5				Alamda multiplicative factor
0.1				Alamda initial value
1
99 0 0.12 2006.10-2010.11 V 703_CATALINA
2454027.756355 1.653517e+00 -1.978359e+00 -1.145847e+00 -3.255510e-01 -1.080288e+00 -7.149951e-01 -3.255500e-01
2454027.764946 1.653461e+00 -1.978305e+00 -1.145933e+00 -3.255346e-01 -1.080300e+00 -7.149488e-01 -3.255337e-01
2454027.773536 1.653405e+00 -1.978250e+00 -1.146020e+00 -3.255182e-01 -1.080312e+00 -7.149024e-01 -3.255173e-01
2454027.782146 1.653350e+00 -1.978196e+00 -1.146106e+00 -3.255018e-01 -1.080324e+00 -7.148560e-01 -3.255009e-01
2454035.748811 3.389605e+00 -1.926294e+00 -1.225291e+00 -3.100627e-01 -1.098338e+00 -6.754958e-01 -3.100612e-01
2454035.756331 3.389585e+00 -1.926244e+00 -1.225365e+00 -3.100479e-01 -1.098361e+00 -6.754624e-01 -3.100464e-01
2454035.763871 3.389564e+00 -1.926193e+00 -1.225439e+00 -3.100331e-01 -1.098384e+00 -6.754289e-01 -3.100315e-01
2454035.771391 3.389544e+00 -1.926143e+00 -1.225513e+00 -3.100183e-01 -1.098408e+00 -6.753955e-01 -3.100167e-01
2454054.674953 2.257642e+00 -1.791258e+00 -1.405620e+00 -2.715164e-01 -1.189898e+00 -6.202176e-01 -2.715135e-01
2454054.681493 2.257735e+00 -1.791208e+00 -1.405680e+00 -2.715027e-01 -1.189940e+00 -6.202099e-01 -2.714997e-01
2454054.688023 2.257827e+00 -1.791159e+00 -1.405740e+00 -2.714889e-01 -1.189982e+00 -6.202022e-01 -2.714860e-01
2454054.694542 2.714617e+00 -1.791110e+00 -1.405800e+00 -2.714752e-01 -1.190023e+00 -6.201945e-01 -2.714723e-01
2454062.665660 1.818054e+00 -1.729459e+00 -1.478147e+00 -2.545072e-01 -1.245000e+00 -6.176217e-01 -2.545037e-01
2454062.671039 1.818138e+00 -1.729416e+00 -1.478195e+00 -2.544956e-01 -1.245040e+00 -6.176247e-01 -2.544922e-01
2454062.676459 1.658239e+00 -1.729374e+00 -1.478244e+00 -2.544839e-01 -1.245079e+00 -6.176278e-01 -2.544805e-01
2454062.681869 1.658316e+00 -1.729331e+00 -1.478292e+00 -2.544722e-01 -1.245119e+00 -6.176308e-01 -2.544688e-01
2454110.610436 2.213292e+00 -1.304865e+00 -1.860368e+00 -1.449733e-01 -1.630939e+00 -9.326096e-01 -1.449687e-01
2454110.616936 1.841088e+00 -1.304802e+00 -1.860413e+00 -1.449577e-01 -1.630983e+00 -9.326922e-01 -1.449531e-01
2454110.623435 1.841239e+00 -1.304739e+00 -1.860458e+00 -1.449421e-01 -1.631027e+00 -9.327747e-01 -1.449376e-01
2454110.629905 2.427425e+00 -1.304676e+00 -1.860503e+00 -1.449267e-01 -1.631071e+00 -9.328569e-01 -1.449221e-01
2454116.679733 1.253437e+00 -1.245241e+00 -1.901559e+00 -1.303801e-01 -1.669469e+00 -1.014059e+00 -1.303756e-01
2454116.685832 1.253532e+00 -1.245180e+00 -1.901599e+00 -1.303654e-01 -1.669505e+00 -1.014145e+00 -1.303609e-01
2454116.691802 1.374573e+00 -1.245121e+00 -1.901639e+00 -1.303510e-01 -1.669540e+00 -1.014229e+00 -1.303465e-01
2454116.697791 1.374675e+00 -1.245062e+00 -1.901679e+00 -1.303365e-01 -1.669575e+00 -1.014314e+00 -1.303320e-01
2454124.583133 1.513869e+00 -1.165883e+00 -1.952560e+00 -1.111985e-01 -1.710491e+00 -1.132617e+00 -1.111941e-01
2454124.588453 1.259262e+00 -1.165829e+00 -1.952593e+00 -1.111855e-01 -1.710515e+00 -1.132701e+00 -1.111812e-01
2454124.593783 1.380842e+00 -1.165775e+00 -1.952626e+00 -1.111725e-01 -1.710539e+00 -1.132786e+00 -1.111682e-01
2454124.599132 1.660244e+00 -1.165721e+00 -1.952660e+00 -1.111595e-01 -1.710562e+00 -1.132871e+00 -1.111551e-01
2454130.628653 2.350719e+00 -1.103941e+00 -1.989513e+00 -9.640673e-02 -1.733633e+00 -1.232038e+00 -9.640256e-02
2454130.634023 1.483296e+00 -1.103886e+00 -1.989545e+00 -9.639355e-02 -1.733650e+00 -1.232130e+00 -9.638938e-02
2454130.639412 1.352868e+00 -1.103830e+00 -1.989577e+00 -9.638032e-02 -1.733667e+00 -1.232221e+00 -9.637615e-02
2454130.644772 1.626606e+00 -1.103775e+00 -1.989609e+00 -9.636717e-02 -1.733684e+00 -1.232313e+00 -9.636299e-02
2454144.589444 2.085373e+00 -9.571345e-01 -2.067837e+00 -6.193370e-02 -1.754687e+00 -1.485955e+00 -6.193009e-02
2454144.595914 2.286725e+00 -9.570654e-01 -2.067871e+00 -6.191764e-02 -1.754686e+00 -1.486079e+00 -6.191404e-02
2454144.602373 2.286883e+00 -9.569963e-01 -2.067905e+00 -6.190161e-02 -1.754684e+00 -1.486204e+00 -6.189800e-02
2454144.608823 2.507691e+00 -9.569273e-01 -2.067939e+00 -6.188560e-02 -1.754682e+00 -1.486328e+00 -6.188200e-02
2454157.587977 1.503931e+00 -8.162436e-01 -2.131722e+00 -2.956236e-02 -1.727503e+00 -1.744789e+00 -2.955949e-02
2454157.595207 1.982708e+00 -8.161642e-01 -2.131755e+00 -2.954431e-02 -1.727474e+00 -1.744937e+00 -2.954144e-02
2454157.602436 1.371796e+00 -8.160848e-01 -2.131788e+00 -2.952626e-02 -1.727445e+00 -1.745086e+00 -2.952339e-02
2454157.609676 1.649379e+00 -8.160053e-01 -2.131821e+00 -2.950818e-02 -1.727417e+00 -1.745234e+00 -2.950531e-02
2454168.601387 1.265697e+00 -6.941622e-01 -2.178851e+00 -2.032150e-03 -1.665331e+00 -1.973080e+00 -2.030020e-03
2454168.605577 1.265745e+00 -6.941153e-01 -2.178867e+00 -2.021670e-03 -1.665301e+00 -1.973167e+00 -2.019540e-03
2454168.609796 1.668640e+00 -6.940681e-01 -2.178884e+00 -2.011110e-03 -1.665270e+00 -1.973255e+00 -2.008990e-03
2454168.614016 2.199780e+00 -6.940209e-01 -2.178901e+00 -2.000560e-03 -1.665239e+00 -1.973344e+00 -1.998430e-03
2454172.583491 1.311358e+00 -6.494889e-01 -2.194287e+00 7.927730e-03 -1.633636e+00 -2.056234e+00 7.929570e-03
2454172.586681 1.895541e+00 -6.494530e-01 -2.194299e+00 7.935710e-03 -1.633608e+00 -2.056301e+00 7.937540e-03
2454172.589881 1.576687e+00 -6.494170e-01 -2.194311e+00 7.943710e-03 -1.633581e+00 -2.056368e+00 7.945550e-03
2454172.593071 1.437996e+00 -6.493811e-01 -2.194323e+00 7.951690e-03 -1.633554e+00 -2.056434e+00 7.953520e-03
2454416.009471 2.897290e+00 1.934656e+00 -1.602802e+00 4.903267e-01 2.589241e+00 -8.600078e-01 4.903267e-01
2454416.012841 2.897227e+00 1.934683e+00 -1.602777e+00 4.903305e-01 2.589223e+00 -8.599445e-01 4.903304e-01
2454416.016131 2.642246e+00 1.934709e+00 -1.602752e+00 4.903342e-01 2.589206e+00 -8.598827e-01 4.903341e-01
2454498.900902 1.479002e+00 2.466577e+00 -9.026376e-01 5.530918e-01 1.797010e+00 -1.796365e-01 5.530945e-01
2454498.906822 1.478945e+00 2.466606e+00 -9.025831e-01 5.530942e-01 1.796962e+00 -1.796515e-01 5.530969e-01
2454498.912792 1.478886e+00 2.466635e+00 -9.025281e-01 5.530966e-01 1.796914e+00 -1.796667e-01 5.530993e-01
2454498.918743 1.621503e+00 2.466664e+00 -9.024732e-01 5.530990e-01 1.796867e+00 -1.796819e-01 5.531017e-01
2454524.800621 2.332824e+00 2.580380e+00 -6.598488e-01 5.606471e-01 1.655925e+00 -3.043199e-01 5.606496e-01
2454524.807771 2.557885e+00 2.580408e+00 -6.597807e-01 5.606484e-01 1.655906e+00 -3.043672e-01 5.606510e-01
2454524.814891 2.804659e+00 2.580435e+00 -6.597130e-01 5.606497e-01 1.655888e+00 -3.044142e-01 5.606523e-01
2454524.822021 2.804653e+00 2.580463e+00 -6.596451e-01 5.606510e-01 1.655870e+00 -3.044613e-01 5.606536e-01
2454532.722056 2.825090e+00 2.610114e+00 -5.841705e-01 5.618478e-01 1.643479e+00 -3.593322e-01 5.618502e-01
2454532.730136 3.097705e+00 2.610143e+00 -5.840930e-01 5.618488e-01 1.643475e+00 -3.593907e-01 5.618512e-01
2454532.738266 3.097759e+00 2.610172e+00 -5.840151e-01 5.618498e-01 1.643470e+00 -3.594495e-01 5.618522e-01
2454532.746356 3.097812e+00 2.610201e+00 -5.839375e-01 5.618507e-01 1.643465e+00 -3.595080e-01 5.618531e-01
2454556.730138 1.172890e+00 2.685751e+00 -3.518696e-01 5.623888e-01 1.704250e+00 -5.385578e-01 5.623904e-01
2454556.737178 1.286127e+00 2.685770e+00 -3.518009e-01 5.623883e-01 1.704290e+00 -5.386086e-01 5.623899e-01
2454556.744227 1.546359e+00 2.685789e+00 -3.517322e-01 5.623877e-01 1.704330e+00 -5.386594e-01 5.623894e-01
2454556.751257 1.546453e+00 2.685808e+00 -3.516637e-01 5.623872e-01 1.704369e+00 -5.387102e-01 5.623889e-01
2454583.680963 1.883458e+00 2.744911e+00 -8.780819e-02 5.576088e-01 1.942812e+00 -6.960572e-01 5.576094e-01
2454583.688692 2.065364e+00 2.744924e+00 -8.773220e-02 5.576066e-01 1.942903e+00 -6.960877e-01 5.576072e-01
2454583.696482 2.065558e+00 2.744937e+00 -8.765563e-02 5.576044e-01 1.942995e+00 -6.961184e-01 5.576050e-01
2454583.704201 1.883988e+00 2.744950e+00 -8.757974e-02 5.576023e-01 1.943087e+00 -6.961488e-01 5.576029e-01
2455335.928860 2.632301e+00 -1.941769e+00 1.733686e+00 -4.999411e-01 -2.474912e+00 8.738600e-01 -4.999365e-01
2455335.935820 2.400496e+00 -1.941809e+00 1.733625e+00 -4.999452e-01 -2.474852e+00 8.737347e-01 -4.999406e-01
2455335.942731 2.189105e+00 -1.941848e+00 1.733563e+00 -4.999493e-01 -2.474793e+00 8.736104e-01 -4.999446e-01
2455335.949792 1.514369e+00 -1.941889e+00 1.733501e+00 -4.999535e-01 -2.474732e+00 8.734833e-01 -4.999488e-01
2455358.896208 1.655020e+00 -2.064815e+00 1.522979e+00 -5.113486e-01 -2.237212e+00 5.223711e-01 -5.113446e-01
2455358.902608 1.654884e+00 -2.064847e+00 1.522919e+00 -5.113512e-01 -2.237137e+00 5.222914e-01 -5.113472e-01
2455358.908929 1.376361e+00 -2.064879e+00 1.522859e+00 -5.113537e-01 -2.237063e+00 5.222126e-01 -5.113498e-01
2455358.915299 1.255153e+00 -2.064910e+00 1.522798e+00 -5.113563e-01 -2.236989e+00 5.221333e-01 -5.113523e-01
2455365.907113 1.044893e+00 -2.098869e+00 1.455957e+00 -5.139543e-01 -2.153436e+00 4.414032e-01 -5.139506e-01
2455365.912333 1.256151e+00 -2.098894e+00 1.455907e+00 -5.139561e-01 -2.153372e+00 4.413477e-01 -5.139524e-01
2455365.917494 1.145545e+00 -2.098918e+00 1.455857e+00 -5.139578e-01 -2.153310e+00 4.412928e-01 -5.139542e-01
2455365.922684 1.377154e+00 -2.098943e+00 1.455807e+00 -5.139596e-01 -2.153246e+00 4.412376e-01 -5.139560e-01
2455382.886237 9.993076e-01 -2.174116e+00 1.288742e+00 -5.184979e-01 -1.943405e+00 2.985702e-01 -5.184953e-01
2455382.894377 1.095597e+00 -2.174149e+00 1.288660e+00 -5.184994e-01 -1.943304e+00 2.985197e-01 -5.184968e-01
2455382.902448 1.201166e+00 -2.174183e+00 1.288579e+00 -5.185010e-01 -1.943205e+00 2.984696e-01 -5.184984e-01
2455382.910559 1.316907e+00 -2.174216e+00 1.288497e+00 -5.185025e-01 -1.943104e+00 2.984194e-01 -5.185000e-01
2455470.696317 3.005618e+00 -2.377063e+00 3.387322e-01 -4.991334e-01 -1.384983e+00 4.739343e-01 -4.991377e-01
2455470.701967 1.896463e+00 -2.377065e+00 3.386680e-01 -4.991297e-01 -1.385000e+00 4.739660e-01 -4.991340e-01
2455470.707687 1.896509e+00 -2.377067e+00 3.386030e-01 -4.991260e-01 -1.385017e+00 4.739982e-01 -4.991303e-01
2455470.713327 1.312095e+00 -2.377069e+00 3.385388e-01 -4.991223e-01 -1.385033e+00 4.740298e-01 -4.991266e-01
2455482.669595 2.441535e+00 -2.377833e+00 2.021725e-01 -4.906337e-01 -1.437657e+00 5.364176e-01 -4.906388e-01
2455482.676365 2.226812e+00 -2.377831e+00 2.020951e-01 -4.906284e-01 -1.437696e+00 5.364495e-01 -4.906336e-01
2455482.683215 2.441768e+00 -2.377830e+00 2.020168e-01 -4.906232e-01 -1.437736e+00 5.364818e-01 -4.906283e-01
2455482.690105 2.935793e+00 -2.377828e+00 2.019380e-01 -4.906179e-01 -1.437776e+00 5.365142e-01 -4.906230e-01
2455511.564331 1.655565e+00 -2.350759e+00 -1.290519e-01 -4.641946e-01 -1.693346e+00 6.113750e-01 -4.642013e-01
2455511.571751 1.377141e+00 -2.350747e+00 -1.291369e-01 -4.641867e-01 -1.693431e+00 6.113743e-01 -4.641934e-01
2455511.579181 1.655809e+00 -2.350734e+00 -1.292220e-01 -4.641789e-01 -1.693517e+00 6.113736e-01 -4.641856e-01
2455511.586600 1.510227e+00 -2.350722e+00 -1.293070e-01 -4.641710e-01 -1.693602e+00 6.113728e-01 -4.641777e-01
1 0.5
