2	0.5	1000	 1	period_start period_step period_end fixed/free
0.0				initial epoch
0.0				initial rotation angle      
0.1				convexity weight      
3 3				degree and order of spherical harmonics      
6				number of rows        
0.5	1			scattering parameters
0.1	1
-0.5	1     
0.1	0			LS coeff                 
50				iteration stop condidion
10				minimum number of iterations (only if the above value < 1)
5				Alamda multiplicative factor
0.1				Alamda initial value
1
108 0 0.12 2006.10-2009.5 V 703_CATALINA
2454024.912651 2.879024e+00 -2.060054e+00 -1.587531e+00 3.742984e-01 -1.141119e+00 -1.201110e+00 3.742991e-01
2454024.920211 3.156653e+00 -2.060005e+00 -1.587599e+00 3.742884e-01 -1.141122e+00 -1.201059e+00 3.742891e-01
2454024.927741 3.156521e+00 -2.059955e+00 -1.587667e+00 3.742784e-01 -1.141124e+00 -1.201008e+00 3.742791e-01
2454024.935311 3.156387e+00 -2.059905e+00 -1.587736e+00 3.742684e-01 -1.141127e+00 -1.200957e+00 3.742691e-01
2454030.871041 3.068634e+00 -2.020157e+00 -1.641039e+00 3.663154e-01 -1.147431e+00 -1.162723e+00 3.663166e-01
2454030.878741 3.068542e+00 -2.020105e+00 -1.641107e+00 3.663050e-01 -1.147445e+00 -1.162676e+00 3.663061e-01
2454030.886502 3.364489e+00 -2.020052e+00 -1.641176e+00 3.662944e-01 -1.147459e+00 -1.162628e+00 3.662956e-01
2454030.894222 3.068358e+00 -2.020000e+00 -1.641245e+00 3.662840e-01 -1.147472e+00 -1.162581e+00 3.662851e-01
2454052.711024 2.777671e+00 -1.864122e+00 -1.828824e+00 3.352815e-01 -1.235744e+00 -1.064294e+00 3.352843e-01
2454052.717464 3.045720e+00 -1.864073e+00 -1.828877e+00 3.352720e-01 -1.235783e+00 -1.064278e+00 3.352748e-01
2454052.723943 2.777789e+00 -1.864025e+00 -1.828931e+00 3.352624e-01 -1.235823e+00 -1.064261e+00 3.352652e-01
2454052.730413 2.777849e+00 -1.863976e+00 -1.828984e+00 3.352528e-01 -1.235862e+00 -1.064245e+00 3.352556e-01
2454058.728456 2.849736e+00 -1.818540e+00 -1.878136e+00 3.262641e-01 -1.275152e+00 -1.052608e+00 3.262673e-01
2454058.734526 2.599072e+00 -1.818494e+00 -1.878185e+00 3.262549e-01 -1.275194e+00 -1.052600e+00 3.262581e-01
2454058.740606 2.599154e+00 -1.818447e+00 -1.878235e+00 3.262457e-01 -1.275237e+00 -1.052592e+00 3.262489e-01
2454058.746635 2.599235e+00 -1.818401e+00 -1.878283e+00 3.262366e-01 -1.275279e+00 -1.052585e+00 3.262398e-01
2454058.807584 2.850910e+00 -1.817934e+00 -1.878777e+00 3.261443e-01 -1.275705e+00 -1.052507e+00 3.261475e-01
2454058.814144 2.600150e+00 -1.817884e+00 -1.878830e+00 3.261343e-01 -1.275751e+00 -1.052498e+00 3.261375e-01
2454058.820704 2.600239e+00 -1.817833e+00 -1.878884e+00 3.261244e-01 -1.275797e+00 -1.052490e+00 3.261276e-01
2454058.827264 2.600328e+00 -1.817783e+00 -1.878937e+00 3.261145e-01 -1.275843e+00 -1.052482e+00 3.261176e-01
2454080.770273 2.354854e+00 -1.642705e+00 -2.049177e+00 2.916455e-01 -1.454373e+00 -1.082667e+00 2.916496e-01
2454080.777613 2.147816e+00 -1.642645e+00 -2.049232e+00 2.916335e-01 -1.454438e+00 -1.082698e+00 2.916377e-01
2454080.784882 2.355212e+00 -1.642584e+00 -2.049286e+00 2.916217e-01 -1.454503e+00 -1.082729e+00 2.916259e-01
2454080.792102 2.355388e+00 -1.642525e+00 -2.049339e+00 2.916100e-01 -1.454567e+00 -1.082759e+00 2.916142e-01
2454108.694311 2.482301e+00 -1.401782e+00 -2.242833e+00 2.445664e-01 -1.696038e+00 -1.304552e+00 2.445710e-01
2454108.701830 2.482534e+00 -1.401715e+00 -2.242882e+00 2.445533e-01 -1.696096e+00 -1.304640e+00 2.445578e-01
2454108.709299 1.883370e+00 -1.401648e+00 -2.242930e+00 2.445402e-01 -1.696154e+00 -1.304727e+00 2.445448e-01
2454108.716809 1.717815e+00 -1.401581e+00 -2.242978e+00 2.445271e-01 -1.696212e+00 -1.304815e+00 2.445317e-01
2454144.584225 1.664764e+00 -1.067284e+00 -2.451026e+00 1.797298e-01 -1.864782e+00 -1.869071e+00 1.797334e-01
2454144.590724 1.825509e+00 -1.067221e+00 -2.451060e+00 1.797177e-01 -1.864787e+00 -1.869195e+00 1.797213e-01
2454144.603613 2.893648e+00 -1.067097e+00 -2.451126e+00 1.796937e-01 -1.864797e+00 -1.869442e+00 1.796973e-01
2454157.588213 1.322085e+00 -9.404758e-01 -2.514614e+00 1.552839e-01 -1.851737e+00 -2.127685e+00 1.552868e-01
2454157.595463 1.742976e+00 -9.404044e-01 -2.514647e+00 1.552702e-01 -1.851716e+00 -2.127834e+00 1.552730e-01
2454157.602682 1.003051e+00 -9.403333e-01 -2.514681e+00 1.552565e-01 -1.851695e+00 -2.127982e+00 1.552593e-01
2454157.609922 2.519736e+00 -9.402620e-01 -2.514715e+00 1.552428e-01 -1.851675e+00 -2.128131e+00 1.552456e-01
2454168.602471 2.332627e+00 -8.311648e-01 -2.563416e+00 1.342633e-01 -1.802338e+00 -2.357664e+00 1.342654e-01
2454168.606691 1.613847e+00 -8.311226e-01 -2.563434e+00 1.342552e-01 -1.802312e+00 -2.357753e+00 1.342573e-01
2454168.610911 1.769618e+00 -8.310804e-01 -2.563452e+00 1.342471e-01 -1.802286e+00 -2.357842e+00 1.342492e-01
2454168.615110 1.613973e+00 -8.310384e-01 -2.563469e+00 1.342390e-01 -1.802260e+00 -2.357930e+00 1.342412e-01
2454172.582267 7.306503e-01 -7.912826e-01 -2.579900e+00 1.266054e-01 -1.775426e+00 -2.441827e+00 1.266073e-01
2454172.585467 9.632128e-01 -7.912504e-01 -2.579913e+00 1.265993e-01 -1.775403e+00 -2.441894e+00 1.266011e-01
2454172.588656 1.392306e+00 -7.912184e-01 -2.579926e+00 1.265931e-01 -1.775379e+00 -2.441962e+00 1.265950e-01
2454172.591856 1.835470e+00 -7.911862e-01 -2.579939e+00 1.265869e-01 -1.775356e+00 -2.442030e+00 1.265888e-01
2454380.960201 3.145010e+00 1.333086e+00 -2.605170e+00 -2.738738e-01 2.304176e+00 -2.368499e+00 -2.738756e-01
2454387.983580 1.736747e+00 1.398603e+00 -2.579742e+00 -2.859963e-01 2.332080e+00 -2.228144e+00 -2.859977e-01
2454387.987470 2.087980e+00 1.398639e+00 -2.579728e+00 -2.860029e-01 2.332091e+00 -2.228067e+00 -2.860044e-01
2454387.991330 1.444495e+00 1.398675e+00 -2.579714e+00 -2.860096e-01 2.332103e+00 -2.227991e+00 -2.860110e-01
2454387.995191 1.201450e+00 1.398710e+00 -2.579699e+00 -2.860162e-01 2.332114e+00 -2.227915e+00 -2.860176e-01
2454394.960547 7.251818e-01 1.462898e+00 -2.553028e+00 -2.978774e-01 2.345433e+00 -2.092373e+00 -2.978785e-01
2454394.966087 1.515064e+00 1.462949e+00 -2.553007e+00 -2.978868e-01 2.345438e+00 -2.092267e+00 -2.978879e-01
2454394.971628 1.997171e+00 1.463000e+00 -2.552985e+00 -2.978961e-01 2.345443e+00 -2.092161e+00 -2.978972e-01
2454394.977208 1.260083e+00 1.463051e+00 -2.552963e+00 -2.979056e-01 2.345448e+00 -2.092055e+00 -2.979067e-01
2454403.945275 2.256650e+00 1.544493e+00 -2.516536e+00 -3.129327e-01 2.342588e+00 -1.925560e+00 -3.129334e-01
2454403.950155 1.561166e+00 1.544537e+00 -2.516516e+00 -3.129408e-01 2.342581e+00 -1.925472e+00 -3.129415e-01
2454403.954995 1.876868e+00 1.544580e+00 -2.516496e+00 -3.129489e-01 2.342573e+00 -1.925385e+00 -3.129495e-01
2454403.959896 2.974531e+00 1.544625e+00 -2.516475e+00 -3.129570e-01 2.342566e+00 -1.925297e+00 -3.129576e-01
2454437.867960 1.716667e+00 1.839400e+00 -2.358578e+00 -3.671196e-01 2.165372e+00 -1.428267e+00 -3.671185e-01
2454437.880751 1.716478e+00 1.839507e+00 -2.358513e+00 -3.671392e-01 2.165268e+00 -1.428130e+00 -3.671381e-01
2454437.893542 1.565274e+00 1.839614e+00 -2.358447e+00 -3.671588e-01 2.165164e+00 -1.427993e+00 -3.671577e-01
2454437.906333 1.881668e+00 1.839721e+00 -2.358382e+00 -3.671784e-01 2.165059e+00 -1.427856e+00 -3.671773e-01
2454476.850752 2.216261e+00 2.149939e+00 -2.141042e+00 -4.237323e-01 1.807639e+00 -1.219141e+00 -4.237299e-01
2454476.859813 2.429963e+00 2.150008e+00 -2.140988e+00 -4.237447e-01 1.807559e+00 -1.219141e+00 -4.237423e-01
2454476.868873 2.216044e+00 2.150076e+00 -2.140933e+00 -4.237571e-01 1.807479e+00 -1.219142e+00 -4.237547e-01
2454476.877963 2.664139e+00 2.150145e+00 -2.140878e+00 -4.237695e-01 1.807398e+00 -1.219142e+00 -4.237671e-01
2454496.792921 3.292616e+00 2.296009e+00 -2.016481e+00 -4.501672e-01 1.654096e+00 -1.269205e+00 -4.501645e-01
2454496.798331 3.002889e+00 2.296047e+00 -2.016446e+00 -4.501741e-01 1.654063e+00 -1.269231e+00 -4.501714e-01
2454496.803671 3.002876e+00 2.296085e+00 -2.016412e+00 -4.501810e-01 1.654029e+00 -1.269257e+00 -4.501782e-01
2454496.809541 3.002862e+00 2.296127e+00 -2.016374e+00 -4.501885e-01 1.653993e+00 -1.269285e+00 -4.501858e-01
2454502.734039 3.003411e+00 2.337767e+00 -1.977786e+00 -4.576974e-01 1.620296e+00 -1.301447e+00 -4.576947e-01
2454502.741689 2.739160e+00 2.337820e+00 -1.977735e+00 -4.577070e-01 1.620257e+00 -1.301493e+00 -4.577043e-01
2454502.749309 3.003449e+00 2.337873e+00 -1.977685e+00 -4.577166e-01 1.620218e+00 -1.301539e+00 -4.577139e-01
2454502.756909 2.739196e+00 2.337926e+00 -1.977635e+00 -4.577261e-01 1.620179e+00 -1.301585e+00 -4.577234e-01
2454509.708066 3.041548e+00 2.385735e+00 -1.931476e+00 -4.663313e-01 1.589587e+00 -1.347739e+00 -4.663286e-01
2454509.714546 3.041602e+00 2.385779e+00 -1.931433e+00 -4.663392e-01 1.589563e+00 -1.347786e+00 -4.663365e-01
2454509.720976 3.041657e+00 2.385823e+00 -1.931390e+00 -4.663471e-01 1.589540e+00 -1.347833e+00 -4.663444e-01
2454509.727466 3.656941e+00 2.385867e+00 -1.931346e+00 -4.663550e-01 1.589516e+00 -1.347879e+00 -4.663523e-01
2454524.670818 2.976509e+00 2.484768e+00 -1.829019e+00 -4.840970e-01 1.561153e+00 -1.471398e+00 -4.840944e-01
2454524.678038 2.475869e+00 2.484815e+00 -1.828968e+00 -4.841053e-01 1.561153e+00 -1.471464e+00 -4.841027e-01
2454524.685247 2.714864e+00 2.484861e+00 -1.828918e+00 -4.841136e-01 1.561153e+00 -1.471529e+00 -4.841110e-01
2454524.692507 2.476103e+00 2.484908e+00 -1.828867e+00 -4.841220e-01 1.561152e+00 -1.471596e+00 -4.841194e-01
2454528.656360 2.790871e+00 2.510239e+00 -1.801046e+00 -4.886522e-01 1.562999e+00 -1.508437e+00 -4.886497e-01
2454528.662930 2.791006e+00 2.510281e+00 -1.800999e+00 -4.886596e-01 1.563006e+00 -1.508499e+00 -4.886571e-01
2454528.669470 2.791140e+00 2.510323e+00 -1.800953e+00 -4.886670e-01 1.563012e+00 -1.508561e+00 -4.886645e-01
2454528.675990 2.117398e+00 2.510364e+00 -1.800907e+00 -4.886744e-01 1.563018e+00 -1.508622e+00 -4.886719e-01
2454582.638365 2.319963e+00 2.816492e+00 -1.397221e+00 -5.428314e-01 2.003975e+00 -1.991016e+00 -5.428308e-01
2454582.644834 2.115981e+00 2.816525e+00 -1.397171e+00 -5.428371e-01 2.004071e+00 -1.991056e+00 -5.428364e-01
2454582.651404 1.929937e+00 2.816557e+00 -1.397119e+00 -5.428428e-01 2.004169e+00 -1.991096e+00 -5.428422e-01
2454582.657823 1.760246e+00 2.816589e+00 -1.397068e+00 -5.428484e-01 2.004264e+00 -1.991135e+00 -5.428478e-01
2454830.971324 2.139221e+00 3.249170e+00 7.452918e-01 -6.056423e-01 3.095078e+00 1.716451e+00 -6.056405e-01
2454830.977344 1.122630e+00 3.249162e+00 7.453437e-01 -6.056402e-01 3.094965e+00 1.716487e+00 -6.056384e-01
2454830.983485 2.139033e+00 3.249153e+00 7.453967e-01 -6.056381e-01 3.094850e+00 1.716523e+00 -6.056363e-01
2454830.989625 1.950735e+00 3.249144e+00 7.454497e-01 -6.056359e-01 3.094735e+00 1.716559e+00 -6.056341e-01
2454922.892269 3.128699e+00 3.013325e+00 1.506409e+00 -5.545480e-01 2.034599e+00 1.304431e+00 -5.545449e-01
2454922.900219 3.128595e+00 3.013296e+00 1.506471e+00 -5.545420e-01 2.034595e+00 1.304359e+00 -5.545389e-01
2454922.908260 2.853217e+00 3.013267e+00 1.506535e+00 -5.545359e-01 2.034592e+00 1.304286e+00 -5.545329e-01
2454922.916240 3.128385e+00 3.013238e+00 1.506597e+00 -5.545299e-01 2.034589e+00 1.304214e+00 -5.545269e-01
2454949.763133 3.995849e+00 2.907685e+00 1.713046e+00 -5.328355e-01 2.114006e+00 1.093524e+00 -5.328323e-01
2454949.771493 3.644318e+00 2.907649e+00 1.713109e+00 -5.328283e-01 2.114057e+00 1.093473e+00 -5.328251e-01
2454949.779953 3.995980e+00 2.907614e+00 1.713172e+00 -5.328210e-01 2.114108e+00 1.093421e+00 -5.328179e-01
2454949.788333 3.644438e+00 2.907578e+00 1.713235e+00 -5.328137e-01 2.114159e+00 1.093370e+00 -5.328106e-01
2454963.738939 2.901525e+00 2.846541e+00 1.816965e+00 -5.204056e-01 2.217835e+00 1.026187e+00 -5.204026e-01
2454963.745559 2.901619e+00 2.846511e+00 1.817013e+00 -5.203995e-01 2.217892e+00 1.026164e+00 -5.203965e-01
2454963.752309 2.901714e+00 2.846480e+00 1.817063e+00 -5.203933e-01 2.217951e+00 1.026141e+00 -5.203904e-01
2454963.758938 2.413618e+00 2.846450e+00 1.817111e+00 -5.203872e-01 2.218008e+00 1.026118e+00 -5.203843e-01
2454977.723136 1.991772e+00 2.781236e+00 1.918301e+00 -5.072141e-01 2.352735e+00 1.000322e+00 -5.072115e-01
2454977.732175 2.625835e+00 2.781193e+00 1.918366e+00 -5.072054e-01 2.352830e+00 1.000320e+00 -5.072027e-01
2454977.741185 2.394942e+00 2.781149e+00 1.918430e+00 -5.071966e-01 2.352924e+00 1.000318e+00 -5.071940e-01
2454977.750105 2.626166e+00 2.781106e+00 1.918494e+00 -5.071880e-01 2.353018e+00 1.000317e+00 -5.071853e-01
1 0.5
