2	0.5	1000	 1	period_start period_step period_end fixed/free
0.0				initial epoch
0.0				initial rotation angle      
0.1				convexity weight      
3 3				degree and order of spherical harmonics      
6				number of rows        
0.5	1			scattering parameters
0.1	1
-0.5	1     
0.1	0			LS coeff                 
50				iteration stop condidion
10				minimum number of iterations (only if the above value < 1)
5				Alamda multiplicative factor
0.1				Alamda initial value
1
100 0 0.12 2005.5-2009.6 V 703_CATALINA
2453494.890550 4.416751e+00 1.202413e+00 1.944552e+00 -6.241242e-01 4.763392e-01 1.244755e+00 -6.241293e-01
2453494.900151 3.055496e+00 1.202318e+00 1.944618e+00 -6.241251e-01 4.763568e-01 1.244701e+00 -6.241302e-01
2453494.909791 3.055348e+00 1.202223e+00 1.944684e+00 -6.241260e-01 4.763744e-01 1.244647e+00 -6.241311e-01
2453494.919381 3.349962e+00 1.202129e+00 1.944749e+00 -6.241269e-01 4.763920e-01 1.244593e+00 -6.241320e-01
2453509.795500 3.517870e+00 1.053047e+00 2.041748e+00 -6.239818e-01 5.219771e-01 1.180560e+00 -6.239883e-01
2453509.803130 3.857248e+00 1.052969e+00 2.041795e+00 -6.239810e-01 5.220089e-01 1.180538e+00 -6.239874e-01
2453521.828649 3.572671e+00 9.286898e-01 2.112970e+00 -6.216466e-01 5.801939e-01 1.160809e+00 -6.216539e-01
2453521.838359 3.572782e+00 9.285882e-01 2.113025e+00 -6.216439e-01 5.802464e-01 1.160805e+00 -6.216512e-01
2453521.848139 3.572895e+00 9.284859e-01 2.113080e+00 -6.216412e-01 5.802994e-01 1.160802e+00 -6.216485e-01
2453521.857929 3.573007e+00 9.283835e-01 2.113135e+00 -6.216385e-01 5.803524e-01 1.160799e+00 -6.216458e-01
2453532.814588 3.438087e+00 8.125884e-01 2.172218e+00 -6.178110e-01 6.434569e-01 1.171001e+00 -6.178187e-01
2453532.823338 3.438282e+00 8.124951e-01 2.172263e+00 -6.178073e-01 6.435096e-01 1.171021e+00 -6.178150e-01
2453532.832147 3.438479e+00 8.124011e-01 2.172308e+00 -6.178036e-01 6.435626e-01 1.171040e+00 -6.178113e-01
2453532.840927 3.438675e+00 8.123074e-01 2.172353e+00 -6.177999e-01 6.436154e-01 1.171060e+00 -6.178076e-01
2453556.751394 2.969818e+00 5.528142e-01 2.281790e+00 -6.039750e-01 7.858617e-01 1.292149e+00 -6.039828e-01
2453556.759624 2.970098e+00 5.527236e-01 2.281823e+00 -6.039690e-01 7.859066e-01 1.292214e+00 -6.039768e-01
2453556.767923 2.970381e+00 5.526322e-01 2.281856e+00 -6.039629e-01 7.859518e-01 1.292280e+00 -6.039707e-01
2453556.776113 2.970661e+00 5.525420e-01 2.281889e+00 -6.039570e-01 7.859965e-01 1.292345e+00 -6.039647e-01
2453563.787383 2.945365e+00 4.750518e-01 2.308853e+00 -5.985226e-01 8.220618e-01 1.353334e+00 -5.985302e-01
2453563.793852 2.945599e+00 4.749801e-01 2.308876e+00 -5.985173e-01 8.220928e-01 1.353396e+00 -5.985249e-01
2453563.800292 2.945833e+00 4.749087e-01 2.308900e+00 -5.985121e-01 8.221237e-01 1.353457e+00 -5.985196e-01
2453563.806722 2.946066e+00 4.748374e-01 2.308924e+00 -5.985068e-01 8.221546e-01 1.353518e+00 -5.985143e-01
2453937.870148 2.383879e+00 -2.826550e+00 9.812715e-01 1.987374e-01 -2.343495e+00 8.735335e-02 1.987323e-01
2453937.878999 1.649124e+00 -2.826587e+00 9.811985e-01 1.987595e-01 -2.343400e+00 8.735215e-02 1.987544e-01
2453937.887859 1.808100e+00 -2.826623e+00 9.811254e-01 1.987816e-01 -2.343305e+00 8.735096e-02 1.987765e-01
2453937.896750 1.503805e+00 -2.826660e+00 9.810520e-01 1.988039e-01 -2.343209e+00 8.734980e-02 1.987988e-01
2453992.835554 2.789087e+00 -3.005362e+00 5.143045e-01 3.321559e-01 -2.011035e+00 3.619237e-01 3.321539e-01
2453992.843104 3.058233e+00 -3.005380e+00 5.142389e-01 3.321736e-01 -2.011035e+00 3.619860e-01 3.321716e-01
2453992.849453 3.058283e+00 -3.005396e+00 5.141837e-01 3.321885e-01 -2.011036e+00 3.620384e-01 3.321864e-01
2453992.855353 2.789230e+00 -3.005410e+00 5.141324e-01 3.322023e-01 -2.011036e+00 3.620871e-01 3.322003e-01
2454004.765955 3.214799e+00 -3.031835e+00 4.102847e-01 3.598768e-01 -2.030516e+00 4.617731e-01 3.598757e-01
2454004.772744 2.932045e+00 -3.031849e+00 4.102253e-01 3.598924e-01 -2.030538e+00 4.618300e-01 3.598914e-01
2454004.779614 2.932161e+00 -3.031863e+00 4.101652e-01 3.599082e-01 -2.030560e+00 4.618875e-01 3.599072e-01
2454004.786444 2.674267e+00 -3.031877e+00 4.101055e-01 3.599240e-01 -2.030582e+00 4.619447e-01 3.599229e-01
2454010.757083 2.311586e+00 -3.043480e+00 3.578159e-01 3.736039e-01 -2.054401e+00 5.114028e-01 3.736034e-01
2454010.764393 2.534735e+00 -3.043494e+00 3.577518e-01 3.736206e-01 -2.054436e+00 5.114625e-01 3.736200e-01
2454010.771703 2.311827e+00 -3.043507e+00 3.576877e-01 3.736372e-01 -2.054471e+00 5.115222e-01 3.736367e-01
2454010.778992 2.534999e+00 -3.043521e+00 3.576238e-01 3.736539e-01 -2.054506e+00 5.115817e-01 3.736533e-01
2454390.866914 4.194716e+00 -1.784048e+00 -2.513217e+00 8.408658e-01 -8.700163e-01 -2.115837e+00 8.408645e-01
2454390.875994 3.181777e+00 -1.783979e+00 -2.513259e+00 8.408652e-01 -8.700125e-01 -2.115737e+00 8.408639e-01
2454390.885095 4.598717e+00 -1.783911e+00 -2.513302e+00 8.408647e-01 -8.700087e-01 -2.115636e+00 8.408634e-01
2454390.894215 3.181293e+00 -1.783842e+00 -2.513344e+00 8.408641e-01 -8.700049e-01 -2.115536e+00 8.408628e-01
2454407.910780 4.074159e+00 -1.652871e+00 -2.589672e+00 8.386951e-01 -8.983534e-01 -1.945572e+00 8.386946e-01
2454407.917280 4.074009e+00 -1.652820e+00 -2.589700e+00 8.386939e-01 -8.983769e-01 -1.945515e+00 8.386934e-01
2454407.923790 3.388489e+00 -1.652769e+00 -2.589728e+00 8.386926e-01 -8.984005e-01 -1.945458e+00 8.386921e-01
2454407.930250 3.715269e+00 -1.652719e+00 -2.589756e+00 8.386914e-01 -8.984240e-01 -1.945402e+00 8.386909e-01
2454423.693241 4.199747e+00 -1.527474e+00 -2.654330e+00 8.346948e-01 -9.798160e-01 -1.831580e+00 8.346952e-01
2454423.699371 4.604872e+00 -1.527425e+00 -2.654354e+00 8.346929e-01 -9.798561e-01 -1.831546e+00 8.346932e-01
2454423.705531 3.493109e+00 -1.527375e+00 -2.654378e+00 8.346909e-01 -9.798964e-01 -1.831511e+00 8.346913e-01
2454423.711671 3.493065e+00 -1.527326e+00 -2.654402e+00 8.346890e-01 -9.799366e-01 -1.831477e+00 8.346894e-01
2454424.804521 4.595152e+00 -1.518509e+00 -2.658654e+00 8.343407e-01 -9.871811e-01 -1.825539e+00 8.343411e-01
2454424.813722 4.190761e+00 -1.518435e+00 -2.658690e+00 8.343377e-01 -9.872428e-01 -1.825490e+00 8.343382e-01
2454424.822982 4.190692e+00 -1.518360e+00 -2.658726e+00 8.343348e-01 -9.873050e-01 -1.825441e+00 8.343352e-01
2454424.832222 3.178913e+00 -1.518285e+00 -2.658762e+00 8.343318e-01 -9.873671e-01 -1.825392e+00 8.343322e-01
2454439.741187 3.827594e+00 -1.396360e+00 -2.713803e+00 8.286547e-01 -1.101500e+00 -1.773462e+00 8.286558e-01
2454439.747707 3.827642e+00 -1.396306e+00 -2.713825e+00 8.286518e-01 -1.101555e+00 -1.773452e+00 8.286530e-01
2454439.754217 3.827690e+00 -1.396252e+00 -2.713848e+00 8.286490e-01 -1.101609e+00 -1.773441e+00 8.286501e-01
2454439.760757 3.827739e+00 -1.396198e+00 -2.713871e+00 8.286461e-01 -1.101664e+00 -1.773431e+00 8.286472e-01
2454506.621211 3.790674e+00 -8.170627e-01 -2.888919e+00 7.819500e-01 -1.579791e+00 -2.263031e+00 7.819527e-01
2454506.628241 3.790895e+00 -8.169995e-01 -2.888931e+00 7.819432e-01 -1.579806e+00 -2.263137e+00 7.819460e-01
2454506.635300 3.791117e+00 -8.169360e-01 -2.888943e+00 7.819365e-01 -1.579822e+00 -2.263243e+00 7.819392e-01
2454506.642350 3.457741e+00 -8.168726e-01 -2.888955e+00 7.819297e-01 -1.579837e+00 -2.263350e+00 7.819324e-01
2454524.604540 3.634896e+00 -6.541581e-01 -2.914750e+00 7.634685e-01 -1.577342e+00 -2.556062e+00 7.634710e-01
2454524.611629 2.757497e+00 -6.540935e-01 -2.914758e+00 7.634607e-01 -1.577323e+00 -2.556185e+00 7.634633e-01
2454524.618709 3.023694e+00 -6.540289e-01 -2.914767e+00 7.634529e-01 -1.577305e+00 -2.556307e+00 7.634555e-01
2454524.625778 2.515132e+00 -6.539644e-01 -2.914775e+00 7.634452e-01 -1.577286e+00 -2.556429e+00 7.634477e-01
2454534.607662 3.247264e+00 -5.625871e-01 -2.925018e+00 7.521083e-01 -1.536579e+00 -2.732013e+00 7.521106e-01
2454534.614671 4.280932e+00 -5.625227e-01 -2.925024e+00 7.521001e-01 -1.536540e+00 -2.732138e+00 7.521024e-01
2454534.621631 3.560894e+00 -5.624588e-01 -2.925030e+00 7.520919e-01 -1.536501e+00 -2.732262e+00 7.520942e-01
2454534.628610 2.701343e+00 -5.623947e-01 -2.925036e+00 7.520837e-01 -1.536463e+00 -2.732386e+00 7.520860e-01
2454859.755513 2.423422e+00 2.102459e+00 -1.500227e+00 2.784190e-02 1.491694e+00 -7.276588e-01 2.784460e-02
2454859.762414 2.657042e+00 2.102493e+00 -1.500161e+00 2.782185e-02 1.491633e+00 -7.276672e-01 2.782454e-02
2454859.775974 3.502178e+00 2.102560e+00 -1.500032e+00 2.778243e-02 1.491512e+00 -7.276839e-01 2.778513e-02
2454867.779472 2.708839e+00 2.140682e+00 -1.423106e+00 4.509070e-03 1.425811e+00 -7.440677e-01 4.511910e-03
2454867.785462 2.470375e+00 2.140710e+00 -1.423047e+00 4.491640e-03 1.425766e+00 -7.440846e-01 4.494490e-03
2454867.791322 2.708587e+00 2.140737e+00 -1.422991e+00 4.474600e-03 1.425722e+00 -7.441012e-01 4.477440e-03
2454867.797252 3.570446e+00 2.140764e+00 -1.422933e+00 4.457350e-03 1.425678e+00 -7.441180e-01 4.460190e-03
2454887.801481 4.315426e+00 2.225427e+00 -1.223850e+00 -5.367781e-02 1.316274e+00 -8.321863e-01 -5.367485e-02
2454887.803851 3.273580e+00 2.225436e+00 -1.223826e+00 -5.368468e-02 1.316267e+00 -8.321998e-01 -5.368172e-02
2454887.809181 3.273568e+00 2.225456e+00 -1.223772e+00 -5.370014e-02 1.316249e+00 -8.322301e-01 -5.369718e-02
2454887.812231 3.273561e+00 2.225468e+00 -1.223741e+00 -5.370898e-02 1.316239e+00 -8.322474e-01 -5.370603e-02
2454887.814601 3.589384e+00 2.225477e+00 -1.223717e+00 -5.371586e-02 1.316232e+00 -8.322609e-01 -5.371290e-02
2454887.817561 3.273550e+00 2.225489e+00 -1.223687e+00 -5.372444e-02 1.316222e+00 -8.322777e-01 -5.372148e-02
2454887.820021 3.273545e+00 2.225498e+00 -1.223661e+00 -5.373158e-02 1.316214e+00 -8.322917e-01 -5.372862e-02
2454914.697696 1.578126e+00 2.313733e+00 -9.424947e-01 -1.311463e-01 1.318649e+00 -1.004320e+00 -1.311433e-01
2454914.709746 1.897490e+00 2.313766e+00 -9.423655e-01 -1.311807e-01 1.318691e+00 -1.004398e+00 -1.311777e-01
2454914.722045 1.897659e+00 2.313799e+00 -9.422337e-01 -1.312158e-01 1.318734e+00 -1.004478e+00 -1.312128e-01
2454914.734225 1.730839e+00 2.313832e+00 -9.421031e-01 -1.312505e-01 1.318777e+00 -1.004558e+00 -1.312475e-01
2454951.680301 1.682744e+00 2.383099e+00 -5.353883e-01 -2.344960e-01 1.609598e+00 -1.180699e+00 -2.344929e-01
2454951.688180 1.534800e+00 2.383107e+00 -5.352997e-01 -2.345174e-01 1.609690e+00 -1.180715e+00 -2.345144e-01
2454951.695990 1.399862e+00 2.383115e+00 -5.352118e-01 -2.345387e-01 1.609782e+00 -1.180731e+00 -2.345356e-01
2454951.703949 1.276790e+00 2.383123e+00 -5.351222e-01 -2.345604e-01 1.609876e+00 -1.180747e+00 -2.345573e-01
2454976.669362 1.118513e+00 2.393362e+00 -2.514242e-01 -3.008783e-01 1.948796e+00 -1.161523e+00 -3.008756e-01
2454976.677301 1.616856e+00 2.393360e+00 -2.513333e-01 -3.008988e-01 1.948915e+00 -1.161493e+00 -3.008961e-01
2454976.685081 1.616968e+00 2.393359e+00 -2.512442e-01 -3.009189e-01 1.949032e+00 -1.161463e+00 -3.009162e-01
2454976.692940 1.345029e+00 2.393357e+00 -2.511542e-01 -3.009392e-01 1.949149e+00 -1.161433e+00 -3.009365e-01
2454998.649314 1.221354e+00 2.376825e+00 1.138030e-03 -3.560781e-01 2.288456e+00 -1.010873e+00 -3.560762e-01
2454998.654814 1.221404e+00 2.376818e+00 1.201330e-03 -3.560915e-01 2.288542e+00 -1.010818e+00 -3.560895e-01
2454998.660314 1.113980e+00 2.376811e+00 1.264630e-03 -3.561049e-01 2.288627e+00 -1.010763e+00 -3.561029e-01
2454998.665783 1.339354e+00 2.376804e+00 1.327590e-03 -3.561182e-01 2.288713e+00 -1.010709e+00 -3.561162e-01
1 0.5
