2	0.5	1000	 1	period_start period_step period_end fixed/free
0.0				initial epoch
0.0				initial rotation angle      
0.1				convexity weight      
3 3				degree and order of spherical harmonics      
6				number of rows        
0.5	1			scattering parameters
0.1	1
-0.5	1     
0.1	0			LS coeff                 
50				iteration stop condidion
10				minimum number of iterations (only if the above value < 1)
5				Alamda multiplicative factor
0.1				Alamda initial value
1
102 0 0.12 2005.12-2010.3 V 703_CATALINA
2453705.930638 4.789910e-01 2.156939e+00 -1.868612e+00 -5.478603e-01 2.506300e+00 -9.465673e-01 -5.478540e-01
2453705.939569 1.446402e+00 2.156997e+00 -1.868552e+00 -5.478462e-01 2.506212e+00 -9.464537e-01 -5.478399e-01
2453705.956980 1.000494e+00 2.157111e+00 -1.868435e+00 -5.478187e-01 2.506041e+00 -9.462322e-01 -5.478123e-01
2453761.907651 1.090201e+00 2.480477e+00 -1.461247e+00 -4.496312e-01 1.898709e+00 -6.668629e-01 -4.496253e-01
2453761.914072 1.090146e+00 2.480509e+00 -1.461197e+00 -4.496189e-01 1.898650e+00 -6.668784e-01 -4.496130e-01
2453761.920492 1.090091e+00 2.480541e+00 -1.461147e+00 -4.496066e-01 1.898591e+00 -6.668939e-01 -4.496007e-01
2453761.926942 9.941248e-01 2.480573e+00 -1.461096e+00 -4.495942e-01 1.898532e+00 -6.669095e-01 -4.495883e-01
2453786.927676 1.271428e+00 2.595682e+00 -1.260493e+00 -4.000413e-01 1.726263e+00 -7.894720e-01 -4.000369e-01
2453786.937126 1.394074e+00 2.595722e+00 -1.260415e+00 -4.000220e-01 1.726222e+00 -7.895379e-01 -4.000176e-01
2453786.946606 1.837722e+00 2.595762e+00 -1.260337e+00 -4.000026e-01 1.726182e+00 -7.896040e-01 -3.999982e-01
2453786.956066 1.837696e+00 2.595802e+00 -1.260260e+00 -3.999833e-01 1.726142e+00 -7.896699e-01 -3.999788e-01
2453788.716817 1.391114e+00 2.603185e+00 -1.245758e+00 -3.963760e-01 1.719031e+00 -8.021424e-01 -3.963717e-01
2453788.729698 1.391098e+00 2.603238e+00 -1.245652e+00 -3.963496e-01 1.718982e+00 -8.022351e-01 -3.963453e-01
2453788.737998 1.672455e+00 2.603273e+00 -1.245583e+00 -3.963325e-01 1.718950e+00 -8.022948e-01 -3.963282e-01
2453788.746258 1.525285e+00 2.603307e+00 -1.245515e+00 -3.963156e-01 1.718918e+00 -8.023542e-01 -3.963113e-01
2453803.713688 1.180391e+00 2.662123e+00 -1.120420e+00 -3.650684e-01 1.689547e+00 -9.208643e-01 -3.650654e-01
2453803.719918 1.706222e+00 2.662146e+00 -1.120367e+00 -3.650552e-01 1.689547e+00 -9.209169e-01 -3.650522e-01
2453803.726168 1.419204e+00 2.662170e+00 -1.120314e+00 -3.650420e-01 1.689546e+00 -9.209698e-01 -3.650389e-01
2453803.732428 1.556161e+00 2.662193e+00 -1.120261e+00 -3.650287e-01 1.689546e+00 -9.210227e-01 -3.650256e-01
2453819.679358 1.288928e+00 2.716974e+00 -9.836707e-01 -3.306580e-01 1.722565e+00 -1.058397e+00 -3.306564e-01
2453819.685427 1.175568e+00 2.716994e+00 -9.836181e-01 -3.306447e-01 1.722591e+00 -1.058449e+00 -3.306431e-01
2453819.691467 1.289042e+00 2.717013e+00 -9.835658e-01 -3.306315e-01 1.722616e+00 -1.058501e+00 -3.306299e-01
2453819.697507 1.413468e+00 2.717032e+00 -9.835135e-01 -3.306183e-01 1.722641e+00 -1.058553e+00 -3.306167e-01
2453831.619880 1.078630e+00 2.752562e+00 -8.794052e-01 -3.042549e-01 1.791131e+00 -1.156728e+00 -3.042545e-01
2453831.626100 8.972158e-01 2.752579e+00 -8.793505e-01 -3.042410e-01 1.791176e+00 -1.156777e+00 -3.042406e-01
2453831.632329 1.182827e+00 2.752597e+00 -8.792956e-01 -3.042271e-01 1.791222e+00 -1.156825e+00 -3.042267e-01
2453831.638649 1.559359e+00 2.752614e+00 -8.792400e-01 -3.042129e-01 1.791268e+00 -1.156875e+00 -3.042126e-01
2453844.665940 7.712694e-01 2.786030e+00 -7.637607e-01 -2.748100e-01 1.906647e+00 -1.248871e+00 -2.748109e-01
2453844.674019 7.713317e-01 2.786049e+00 -7.636886e-01 -2.747916e-01 1.906731e+00 -1.248921e+00 -2.747925e-01
2453844.682059 8.458164e-01 2.786068e+00 -7.636168e-01 -2.747732e-01 1.906814e+00 -1.248971e+00 -2.747741e-01
2453844.690178 8.458850e-01 2.786087e+00 -7.635443e-01 -2.747547e-01 1.906899e+00 -1.249021e+00 -2.747556e-01
2453881.670752 5.841313e-01 2.849442e+00 -4.279625e-01 -1.884086e-01 2.416640e+00 -1.343846e+00 -1.884126e-01
2453881.680541 7.701043e-01 2.849453e+00 -4.278725e-01 -1.883852e-01 2.416800e+00 -1.343829e+00 -1.883892e-01
2453881.690330 9.259531e-01 2.849463e+00 -4.277824e-01 -1.883619e-01 2.416960e+00 -1.343811e+00 -1.883659e-01
2453881.700149 9.260370e-01 2.849474e+00 -4.276921e-01 -1.883385e-01 2.417121e+00 -1.343794e+00 -1.883425e-01
2454675.893038 7.697777e-01 -2.323580e+00 -4.234118e-01 -4.970425e-02 -1.733128e+00 -1.249487e+00 -4.970681e-02
2454675.899498 1.014700e+00 -2.323572e+00 -4.234845e-01 -4.972352e-02 -1.733031e+00 -1.249495e+00 -4.972608e-02
2454675.905908 9.253584e-01 -2.323564e+00 -4.235565e-01 -4.974264e-02 -1.732935e+00 -1.249503e+00 -4.974520e-02
2454675.912319 1.112455e+00 -2.323555e+00 -4.236286e-01 -4.976175e-02 -1.732839e+00 -1.249512e+00 -4.976432e-02
2454732.810931 9.980928e-01 -2.169567e+00 -1.041032e+00 -2.157098e-01 -1.166266e+00 -1.031883e+00 -2.157122e-01
2454732.819551 1.094314e+00 -2.169532e+00 -1.041121e+00 -2.157341e-01 -1.166234e+00 -1.031824e+00 -2.157365e-01
2454732.828141 1.094241e+00 -2.169497e+00 -1.041210e+00 -2.157583e-01 -1.166203e+00 -1.031766e+00 -2.157607e-01
2454732.836792 1.199731e+00 -2.169462e+00 -1.041299e+00 -2.157827e-01 -1.166172e+00 -1.031707e+00 -2.157851e-01
2454739.832988 7.904762e-01 -2.139856e+00 -1.113083e+00 -2.353857e-01 -1.146870e+00 -9.839395e-01 -2.353879e-01
2454739.841408 1.041997e+00 -2.139819e+00 -1.113169e+00 -2.354091e-01 -1.146854e+00 -9.838821e-01 -2.354113e-01
2454739.845598 1.252723e+00 -2.139801e+00 -1.113212e+00 -2.354208e-01 -1.146846e+00 -9.838535e-01 -2.354230e-01
2454749.778491 1.575525e+00 -2.094034e+00 -1.213167e+00 -2.628366e-01 -1.140261e+00 -9.176951e-01 -2.628385e-01
2454749.789422 1.575470e+00 -2.093981e+00 -1.213275e+00 -2.628665e-01 -1.140267e+00 -9.176248e-01 -2.628684e-01
2454749.800252 1.436796e+00 -2.093929e+00 -1.213383e+00 -2.628961e-01 -1.140273e+00 -9.175552e-01 -2.628980e-01
2454749.811192 1.089883e+00 -2.093876e+00 -1.213492e+00 -2.629260e-01 -1.140280e+00 -9.174849e-01 -2.629279e-01
2454763.827491 1.874307e+00 -2.022098e+00 -1.350318e+00 -3.006953e-01 -1.171005e+00 -8.357900e-01 -3.006967e-01
2454763.841381 1.709432e+00 -2.022023e+00 -1.350451e+00 -3.007322e-01 -1.171057e+00 -8.357195e-01 -3.007335e-01
2454763.855381 1.559060e+00 -2.021948e+00 -1.350585e+00 -3.007693e-01 -1.171110e+00 -8.356484e-01 -3.007707e-01
2454763.869181 1.709519e+00 -2.021873e+00 -1.350717e+00 -3.008060e-01 -1.171162e+00 -8.355783e-01 -3.008073e-01
2454770.916024 1.747925e+00 -1.982729e+00 -1.417506e+00 -3.193509e-01 -1.202989e+00 -8.032268e-01 -3.193519e-01
2454770.921504 1.916608e+00 -1.982698e+00 -1.417558e+00 -3.193652e-01 -1.203018e+00 -8.032045e-01 -3.193662e-01
2454770.932424 2.101621e+00 -1.982636e+00 -1.417660e+00 -3.193937e-01 -1.203075e+00 -8.031601e-01 -3.193947e-01
2454773.762665 1.344825e+00 -1.966357e+00 -1.444092e+00 -3.267536e-01 -1.218666e+00 -7.922953e-01 -3.267545e-01
2454773.768775 1.616888e+00 -1.966322e+00 -1.444149e+00 -3.267695e-01 -1.218701e+00 -7.922733e-01 -3.267704e-01
2454773.774925 1.344915e+00 -1.966286e+00 -1.444206e+00 -3.267854e-01 -1.218737e+00 -7.922512e-01 -3.267863e-01
2454773.780945 1.474718e+00 -1.966251e+00 -1.444262e+00 -3.268010e-01 -1.218772e+00 -7.922295e-01 -3.268019e-01
2454787.705237 1.498497e+00 -1.881672e+00 -1.570896e+00 -3.622356e-01 -1.315931e+00 -7.601383e-01 -3.622358e-01
2454787.711866 1.498594e+00 -1.881630e+00 -1.570955e+00 -3.622521e-01 -1.315984e+00 -7.601323e-01 -3.622524e-01
2454787.718486 1.366823e+00 -1.881589e+00 -1.571014e+00 -3.622687e-01 -1.316038e+00 -7.601264e-01 -3.622689e-01
2454787.725066 1.246638e+00 -1.881547e+00 -1.571073e+00 -3.622851e-01 -1.316091e+00 -7.601206e-01 -3.622853e-01
2454787.731606 1.246719e+00 -1.881505e+00 -1.571131e+00 -3.623014e-01 -1.316143e+00 -7.601147e-01 -3.623016e-01
2454848.655035 1.223456e+00 -1.434356e+00 -2.051488e+00 -5.000451e-01 -1.881527e+00 -1.175238e+00 -5.000427e-01
2454848.662254 1.115913e+00 -1.434296e+00 -2.051537e+00 -5.000596e-01 -1.881580e+00 -1.175345e+00 -5.000572e-01
2454848.669444 9.282659e-01 -1.434237e+00 -2.051586e+00 -5.000740e-01 -1.881633e+00 -1.175450e+00 -5.000716e-01
2454848.676793 1.116131e+00 -1.434177e+00 -2.051636e+00 -5.000887e-01 -1.881687e+00 -1.175559e+00 -5.000863e-01
2454861.582836 8.326198e-01 -1.325885e+00 -2.136630e+00 -5.252302e-01 -1.961506e+00 -1.384073e+00 -5.252275e-01
2454861.591445 9.130479e-01 -1.325812e+00 -2.136684e+00 -5.252465e-01 -1.961548e+00 -1.384224e+00 -5.252437e-01
2454861.599914 9.131446e-01 -1.325740e+00 -2.136738e+00 -5.252625e-01 -1.961589e+00 -1.384372e+00 -5.252597e-01
2454861.608474 1.001350e+00 -1.325666e+00 -2.136792e+00 -5.252786e-01 -1.961631e+00 -1.384522e+00 -5.252759e-01
2455153.992722 9.016913e-01 1.472876e+00 -2.368496e+00 -6.598031e-01 2.023653e+00 -1.547713e+00 -6.598068e-01
2455153.997472 1.303282e+00 1.472917e+00 -2.368475e+00 -6.597987e-01 2.023624e+00 -1.547647e+00 -6.598024e-01
2455154.002382 6.839401e-01 1.472959e+00 -2.368454e+00 -6.597943e-01 2.023595e+00 -1.547579e+00 -6.597979e-01
2455154.007363 7.498905e-01 1.473001e+00 -2.368432e+00 -6.597897e-01 2.023565e+00 -1.547510e+00 -6.597934e-01
2455208.859079 1.254065e+00 1.912212e+00 -2.087397e+00 -5.976734e-01 1.545569e+00 -1.174789e+00 -5.976747e-01
2455208.867259 1.143660e+00 1.912272e+00 -2.087349e+00 -5.976624e-01 1.545497e+00 -1.174794e+00 -5.976637e-01
2455208.875529 1.042976e+00 1.912334e+00 -2.087301e+00 -5.976513e-01 1.545424e+00 -1.174799e+00 -5.976526e-01
2455208.883780 1.143540e+00 1.912395e+00 -2.087252e+00 -5.976403e-01 1.545351e+00 -1.174804e+00 -5.976415e-01
2455236.724917 1.391163e+00 2.109320e+00 -1.914417e+00 -5.575098e-01 1.351265e+00 -1.282967e+00 -5.575091e-01
2455236.730587 1.157127e+00 2.109358e+00 -1.914379e+00 -5.575011e-01 1.351240e+00 -1.283005e+00 -5.575004e-01
2455236.736267 9.624616e-01 2.109397e+00 -1.914342e+00 -5.574923e-01 1.351214e+00 -1.283043e+00 -5.574917e-01
2455236.742047 9.624675e-01 2.109435e+00 -1.914304e+00 -5.574834e-01 1.351187e+00 -1.283082e+00 -5.574828e-01
2455236.778677 1.525468e+00 2.109682e+00 -1.914065e+00 -5.574271e-01 1.351020e+00 -1.283329e+00 -5.574264e-01
2455236.785337 1.672654e+00 2.109727e+00 -1.914021e+00 -5.574168e-01 1.350990e+00 -1.283374e+00 -5.574162e-01
2455236.792037 1.672666e+00 2.109772e+00 -1.913977e+00 -5.574065e-01 1.350960e+00 -1.283420e+00 -5.574059e-01
2455236.798767 1.672678e+00 2.109817e+00 -1.913933e+00 -5.573962e-01 1.350929e+00 -1.283465e+00 -5.573955e-01
2455242.709748 1.855209e+00 2.149124e+00 -1.874857e+00 -5.481855e-01 1.327793e+00 -1.326241e+00 -5.481844e-01
2455242.715818 1.170578e+00 2.149164e+00 -1.874816e+00 -5.481759e-01 1.327773e+00 -1.326288e+00 -5.481748e-01
2455242.721988 1.283535e+00 2.149204e+00 -1.874775e+00 -5.481662e-01 1.327753e+00 -1.326335e+00 -5.481651e-01
2455242.728168 1.283558e+00 2.149245e+00 -1.874734e+00 -5.481565e-01 1.327733e+00 -1.326383e+00 -5.481554e-01
2455269.610985 1.147191e+00 2.316341e+00 -1.687289e+00 -5.034093e-01 1.329090e+00 -1.570739e+00 -5.034064e-01
2455269.617795 1.147259e+00 2.316381e+00 -1.687239e+00 -5.033973e-01 1.329114e+00 -1.570806e+00 -5.033944e-01
2455269.624614 1.147328e+00 2.316421e+00 -1.687190e+00 -5.033854e-01 1.329139e+00 -1.570874e+00 -5.033825e-01
2455269.631414 1.147396e+00 2.316461e+00 -1.687141e+00 -5.033735e-01 1.329163e+00 -1.570941e+00 -5.033706e-01
2455276.701414 1.342587e+00 2.357118e+00 -1.635336e+00 -4.908612e-01 1.361073e+00 -1.640966e+00 -4.908578e-01
2455276.709493 1.224549e+00 2.357164e+00 -1.635277e+00 -4.908467e-01 1.361117e+00 -1.641046e+00 -4.908434e-01
2455276.717653 8.472469e-01 2.357210e+00 -1.635216e+00 -4.908321e-01 1.361161e+00 -1.641127e+00 -4.908287e-01
2455276.725772 1.116976e+00 2.357256e+00 -1.635156e+00 -4.908175e-01 1.361206e+00 -1.641207e+00 -4.908142e-01
1 0.5
