2	0.5	1000	 1	period_start period_step period_end fixed/free
0.0				initial epoch
0.0				initial rotation angle      
0.1				convexity weight      
3 3				degree and order of spherical harmonics      
6				number of rows        
0.5	1			scattering parameters
0.1	1
-0.5	1     
0.1	0			LS coeff                 
50				iteration stop condidion
10				minimum number of iterations (only if the above value < 1)
5				Alamda multiplicative factor
0.1				Alamda initial value
4
43 0   0.027   2010-03-05.3   R   Warner
2455260.603563  9.808464e-01     1.33056902  -0.45407612  -0.17002186    0.37598997  -0.18509798  -0.17002074
2455260.611100  9.907163e-01     1.33058470  -0.45396168  -0.17000659    0.37596837  -0.18510884  -0.17000548
2455260.614854  9.592314e-01     1.33059251  -0.45390468  -0.16999899    0.37595762  -0.18511425  -0.16999787
2455260.622449  9.868962e-01     1.33060830  -0.45378935  -0.16998360    0.37593588  -0.18512520  -0.16998248
2455260.626268  9.950512e-01     1.33061623  -0.45373136  -0.16997586    0.37592495  -0.18513071  -0.16997474
2455260.633791  9.713907e-01     1.33063186  -0.45361712  -0.16996062    0.37590343  -0.18514156  -0.16995950
2455260.638504  1.032196e+00     1.33064165  -0.45354557  -0.16995107    0.37588995  -0.18514835  -0.16994995
2455260.642336  9.685806e-01     1.33064960  -0.45348738  -0.16994331    0.37587899  -0.18515388  -0.16994219
2455260.649986  9.882880e-01     1.33066547  -0.45337121  -0.16992780    0.37585712  -0.18516492  -0.16992668
2455260.653752  1.011248e+00     1.33067328  -0.45331402  -0.16992017    0.37584636  -0.18517035  -0.16991905
2455260.661342  1.030874e+00     1.33068902  -0.45319875  -0.16990479    0.37582467  -0.18518131  -0.16990367
2455260.665112  1.001798e+00     1.33069683  -0.45314150  -0.16989715    0.37581391  -0.18518675  -0.16989603
2455260.672639  9.654474e-01     1.33071243  -0.45302719  -0.16988189    0.37579241  -0.18519761  -0.16988077
2455260.681305  1.022986e+00     1.33073037  -0.45289558  -0.16986433    0.37576768  -0.18521012  -0.16986320
2455260.688935  1.007901e+00     1.33074616  -0.45277969  -0.16984886    0.37574591  -0.18522114  -0.16984773
2455260.692692  1.013426e+00     1.33075394  -0.45272263  -0.16984124    0.37573520  -0.18522657  -0.16984012
2455260.700360  9.623654e-01     1.33076979  -0.45260617  -0.16982570    0.37571333  -0.18523764  -0.16982457
2455260.704185  9.756941e-01     1.33077770  -0.45254807  -0.16981794    0.37570243  -0.18524317  -0.16981681
2455260.716449  1.009323e+00     1.33080304  -0.45236181  -0.16979308    0.37566749  -0.18526089  -0.16979195
2455260.724047  9.880494e-01     1.33081872  -0.45224641  -0.16977767    0.37564586  -0.18527187  -0.16977654
2455260.727818  1.012868e+00     1.33082651  -0.45218913  -0.16977002    0.37563512  -0.18527732  -0.16976889
2455260.731613  9.654440e-01     1.33083434  -0.45213148  -0.16976233    0.37562432  -0.18528280  -0.16976120
2455260.739202  1.003403e+00     1.33084999  -0.45201620  -0.16974694    0.37560273  -0.18529378  -0.16974581
2455260.743022  1.025769e+00     1.33085787  -0.45195818  -0.16973919    0.37559186  -0.18529930  -0.16973806
2455260.750575  9.803878e-01     1.33087343  -0.45184344  -0.16972387    0.37557039  -0.18531022  -0.16972274
2455260.759046  1.030245e+00     1.33089088  -0.45171476  -0.16970669    0.37554631  -0.18532247  -0.16970555
2455260.802946  1.024808e+00     1.33098115  -0.45104784  -0.16961763    0.37542171  -0.18538601  -0.16961648
2455260.810560  9.785673e-01     1.33099678  -0.45093216  -0.16960217    0.37540013  -0.18539703  -0.16960103
2455260.814383  9.624200e-01     1.33100462  -0.45087407  -0.16959442    0.37538929  -0.18540257  -0.16959327
2455260.821940  9.910905e-01     1.33102012  -0.45075925  -0.16957908    0.37536788  -0.18541352  -0.16957794
2455260.825781  9.738394e-01     1.33102800  -0.45070089  -0.16957128    0.37535701  -0.18541908  -0.16957014
2455260.848525  1.021253e+00     1.33107459  -0.45035532  -0.16952512    0.37529265  -0.18545204  -0.16952397
2455260.852314  1.024017e+00     1.33108234  -0.45029774  -0.16951743    0.37528193  -0.18545753  -0.16951628
2455260.856116  1.001571e+00     1.33109012  -0.45023997  -0.16950971    0.37527118  -0.18546304  -0.16950856
2455260.859860  1.053553e+00     1.33109778  -0.45018308  -0.16950211    0.37526060  -0.18546847  -0.16950096
2455260.863655  1.009789e+00     1.33110554  -0.45012541  -0.16949440    0.37524987  -0.18547397  -0.16949325
2455260.867453  9.849290e-01     1.33111331  -0.45006769  -0.16948669    0.37523914  -0.18547948  -0.16948554
2455260.871257  1.049492e+00     1.33112108  -0.45000989  -0.16947897    0.37522840  -0.18548500  -0.16947782
2455260.875059  9.857191e-01     1.33112885  -0.44995211  -0.16947125    0.37521766  -0.18549051  -0.16947010
2455260.882656  1.023533e+00     1.33114437  -0.44983666  -0.16945582    0.37519621  -0.18550153  -0.16945467
2455260.887549  1.054069e+00     1.33115436  -0.44976230  -0.16944589    0.37518239  -0.18550863  -0.16944473
2455260.891349  9.845617e-01     1.33116211  -0.44970455  -0.16943817    0.37517167  -0.18551414  -0.16943702
2455260.895164  9.963621e-01     1.33116990  -0.44964657  -0.16943042    0.37516091  -0.18551968  -0.16942927
82 0   0.018   2010-03-06.3   R   Warner
2455261.589887  1.015028e+00     1.33255379  -0.43907741  -0.16801530    0.37323746  -0.18653555  -0.16801405
2455261.593673  9.973628e-01     1.33256114  -0.43901975  -0.16800757    0.37322717  -0.18654113  -0.16800632
2455261.605032  9.953562e-01     1.33258321  -0.43884675  -0.16798436    0.37319634  -0.18655786  -0.16798311
2455261.612592  1.001680e+00     1.33259788  -0.43873160  -0.16796891    0.37317582  -0.18656900  -0.16796766
2455261.616384  9.725322e-01     1.33260523  -0.43867386  -0.16796116    0.37316554  -0.18657459  -0.16795991
2455261.625067  9.608302e-01     1.33262207  -0.43854161  -0.16794342    0.37314200  -0.18658739  -0.16794216
2455261.628869  1.017237e+00     1.33262944  -0.43848370  -0.16793565    0.37313169  -0.18659300  -0.16793439
2455261.632673  9.894567e-01     1.33263681  -0.43842576  -0.16792787    0.37312138  -0.18659861  -0.16792662
2455261.636473  9.921377e-01     1.33264418  -0.43836788  -0.16792011    0.37311108  -0.18660421  -0.16791885
2455261.640275  1.012388e+00     1.33265154  -0.43830997  -0.16791234    0.37310079  -0.18660982  -0.16791108
2455261.644060  9.721253e-01     1.33265887  -0.43825231  -0.16790460    0.37309053  -0.18661540  -0.16790334
2455261.651602  1.022522e+00     1.33267347  -0.43813743  -0.16788918    0.37307011  -0.18662652  -0.16788792
2455261.655397  9.964320e-01     1.33268081  -0.43807962  -0.16788142    0.37305984  -0.18663212  -0.16788016
2455261.660033  9.917842e-01     1.33268977  -0.43800900  -0.16787195    0.37304730  -0.18663896  -0.16787069
2455261.663781  1.005525e+00     1.33269702  -0.43795191  -0.16786428    0.37303716  -0.18664449  -0.16786302
2455261.671400  9.925283e-01     1.33271175  -0.43783584  -0.16784871    0.37301655  -0.18665573  -0.16784745
2455261.675195  9.707739e-01     1.33271908  -0.43777803  -0.16784095    0.37300629  -0.18666133  -0.16783969
2455261.678945  1.024928e+00     1.33272632  -0.43772091  -0.16783328    0.37299616  -0.18666687  -0.16783202
2455261.682748  9.564634e-01     1.33273366  -0.43766297  -0.16782550    0.37298588  -0.18667248  -0.16782424
2455261.686496  9.759864e-01     1.33274090  -0.43760587  -0.16781784    0.37297575  -0.18667801  -0.16781658
2455261.690294  1.031380e+00     1.33274823  -0.43754803  -0.16781008    0.37296549  -0.18668362  -0.16780881
2455261.694093  9.986055e-01     1.33275556  -0.43749015  -0.16780231    0.37295523  -0.18668922  -0.16780104
2455261.698869  9.985339e-01     1.33276477  -0.43741739  -0.16779254    0.37294234  -0.18669628  -0.16779128
2455261.702661  9.829653e-01     1.33277208  -0.43735962  -0.16778479    0.37293210  -0.18670187  -0.16778352
2455261.714056  1.019679e+00     1.33279404  -0.43718601  -0.16776148    0.37290135  -0.18671870  -0.16776021
2455261.717854  1.037621e+00     1.33280135  -0.43712815  -0.16775371    0.37289111  -0.18672431  -0.16775244
2455261.721658  1.006500e+00     1.33280867  -0.43707019  -0.16774593    0.37288085  -0.18672993  -0.16774466
2455261.729251  1.012894e+00     1.33282329  -0.43695451  -0.16773040    0.37286038  -0.18674115  -0.16772913
2455261.733056  9.807067e-01     1.33283061  -0.43689653  -0.16772262    0.37285013  -0.18674677  -0.16772135
2455261.737934  9.752305e-01     1.33283999  -0.43682221  -0.16771264    0.37283699  -0.18675398  -0.16771137
2455261.745485  1.011714e+00     1.33285451  -0.43670715  -0.16769719    0.37281665  -0.18676514  -0.16769592
2455261.749280  9.859001e-01     1.33286180  -0.43664933  -0.16768943    0.37280643  -0.18677075  -0.16768815
2455261.753068  9.616305e-01     1.33286907  -0.43659161  -0.16768168    0.37279624  -0.18677634  -0.16768040
2455261.756866  1.012473e+00     1.33287637  -0.43653374  -0.16767391    0.37278601  -0.18678196  -0.16767263
2455261.760645  9.857315e-01     1.33288362  -0.43647617  -0.16766618    0.37277585  -0.18678754  -0.16766490
2455261.764437  9.730479e-01     1.33289090  -0.43641839  -0.16765842    0.37276565  -0.18679315  -0.16765714
2455261.768237  1.000251e+00     1.33289819  -0.43636049  -0.16765064    0.37275543  -0.18679877  -0.16764937
2455261.772026  1.005738e+00     1.33290546  -0.43630275  -0.16764289    0.37274524  -0.18680437  -0.16764161
2455261.776882  9.946093e-01     1.33291477  -0.43622875  -0.16763295    0.37273218  -0.18681155  -0.16763167
2455261.780685  9.568151e-01     1.33292206  -0.43617080  -0.16762517    0.37272196  -0.18681717  -0.16762389
2455261.784478  1.018599e+00     1.33292933  -0.43611300  -0.16761740    0.37271177  -0.18682278  -0.16761613
2455261.788278  1.029860e+00     1.33293662  -0.43605509  -0.16760963    0.37270156  -0.18682841  -0.16760835
2455261.795857  1.007231e+00     1.33295113  -0.43593960  -0.16759412    0.37268121  -0.18683962  -0.16759284
2455261.799640  1.002546e+00     1.33295837  -0.43588195  -0.16758637    0.37267105  -0.18684521  -0.16758509
2455261.803432  9.841916e-01     1.33296563  -0.43582416  -0.16757861    0.37266087  -0.18685082  -0.16757733
2455261.807227  1.030516e+00     1.33297289  -0.43576632  -0.16757084    0.37265069  -0.18685644  -0.16756956
2455261.811011  1.025723e+00     1.33298013  -0.43570865  -0.16756310    0.37264053  -0.18686204  -0.16756182
2455261.815834  1.004151e+00     1.33298935  -0.43563515  -0.16755322    0.37262760  -0.18686918  -0.16755194
2455261.819635  9.857660e-01     1.33299662  -0.43557722  -0.16754544    0.37261740  -0.18687480  -0.16754416
2455261.823436  9.784734e-01     1.33300389  -0.43551929  -0.16753766    0.37260721  -0.18688043  -0.16753638
2455261.827236  9.856536e-01     1.33301115  -0.43546138  -0.16752988    0.37259702  -0.18688605  -0.16752860
2455261.831020  1.007626e+00     1.33301837  -0.43540371  -0.16752214    0.37258688  -0.18689165  -0.16752085
2455261.834824  1.044419e+00     1.33302564  -0.43534575  -0.16751435    0.37257669  -0.18689728  -0.16751307
2455261.838611  1.045323e+00     1.33303287  -0.43528803  -0.16750660    0.37256655  -0.18690289  -0.16750531
2455261.842371  1.012106e+00     1.33304004  -0.43523072  -0.16749890    0.37255648  -0.18690846  -0.16749761
2455261.846162  1.013914e+00     1.33304727  -0.43517294  -0.16749113    0.37254632  -0.18691407  -0.16748985
2455261.849954  1.019474e+00     1.33305451  -0.43511515  -0.16748337    0.37253617  -0.18691969  -0.16748208
2455261.862373  1.038235e+00     1.33307818  -0.43492585  -0.16745794    0.37250294  -0.18693808  -0.16745665
2455261.866167  9.814562e-01     1.33308541  -0.43486803  -0.16745017    0.37249279  -0.18694370  -0.16744888
2455261.873768  1.000511e+00     1.33309989  -0.43475217  -0.16743460    0.37247247  -0.18695497  -0.16743331
2455261.877554  9.967746e-01     1.33310709  -0.43469446  -0.16742685    0.37246235  -0.18696058  -0.16742556
2455261.885130  1.011458e+00     1.33312151  -0.43457897  -0.16741133    0.37244210  -0.18697180  -0.16741004
2455261.888930  1.034959e+00     1.33312874  -0.43452105  -0.16740355    0.37243195  -0.18697743  -0.16740225
2455261.897410  1.018751e+00     1.33314486  -0.43439178  -0.16738617    0.37240930  -0.18699000  -0.16738488
2455261.905013  1.029956e+00     1.33315930  -0.43427588  -0.16737060    0.37238901  -0.18700128  -0.16736931
2455261.912576  9.971707e-01     1.33317366  -0.43416060  -0.16735511    0.37236884  -0.18701249  -0.16735381
2455261.916378  1.019401e+00     1.33318088  -0.43410264  -0.16734732    0.37235869  -0.18701813  -0.16734602
2455261.923933  9.842279e-01     1.33319521  -0.43398747  -0.16733184    0.37233855  -0.18702933  -0.16733054
2455261.932359  1.020096e+00     1.33321119  -0.43385901  -0.16731457    0.37231609  -0.18704183  -0.16731327
2455261.936163  9.768238e-01     1.33321840  -0.43380102  -0.16730678    0.37230596  -0.18704747  -0.16730548
2455261.939951  1.009699e+00     1.33322558  -0.43374326  -0.16729901    0.37229587  -0.18705309  -0.16729772
2455261.943750  9.912141e-01     1.33323278  -0.43368535  -0.16729123    0.37228575  -0.18705873  -0.16728993
2455261.947549  9.588326e-01     1.33323997  -0.43362743  -0.16728344    0.37227564  -0.18706436  -0.16728214
2455261.951305  1.019808e+00     1.33324708  -0.43357016  -0.16727575    0.37226564  -0.18706994  -0.16727445
2455261.955106  1.011332e+00     1.33325428  -0.43351221  -0.16726796    0.37225552  -0.18707558  -0.16726665
2455261.958858  9.551446e-01     1.33326137  -0.43345500  -0.16726027    0.37224554  -0.18708115  -0.16725896
2455261.962669  1.028122e+00     1.33326858  -0.43339690  -0.16725245    0.37223540  -0.18708680  -0.16725115
2455261.966469  9.781825e-01     1.33327577  -0.43333896  -0.16724467    0.37222530  -0.18709244  -0.16724336
2455261.971364  9.853454e-01     1.33328502  -0.43326432  -0.16723463    0.37221228  -0.18709971  -0.16723333
2455261.982774  9.851777e-01     1.33330658  -0.43309037  -0.16721124    0.37218196  -0.18711665  -0.16720994
2455261.986531  1.000668e+00     1.33331367  -0.43303308  -0.16720354    0.37217198  -0.18712223  -0.16720224
2455261.994133  9.759800e-01     1.33332802  -0.43291716  -0.16718796    0.37215179  -0.18713352  -0.16718665
60 0   0.016   2010-03-12.3   R   Warner
2455267.585813  1.004773e+00     1.34165433  -0.34698281  -0.15545219    0.35966376  -0.19577877  -0.15545011
2455267.594722  1.017709e+00     1.34166400  -0.34684489  -0.15543306    0.35964761  -0.19579292  -0.15543098
2455267.598497  1.016729e+00     1.34166809  -0.34678644  -0.15542496    0.35964078  -0.19579891  -0.15542288
2455267.602296  9.844333e-01     1.34167220  -0.34672763  -0.15541680    0.35963390  -0.19580494  -0.15541472
2455267.609890  1.020349e+00     1.34168042  -0.34661007  -0.15540050    0.35962016  -0.19581700  -0.15539842
2455267.613678  1.027850e+00     1.34168452  -0.34655143  -0.15539236    0.35961331  -0.19582301  -0.15539028
2455267.617488  1.006262e+00     1.34168864  -0.34649244  -0.15538418    0.35960642  -0.19582906  -0.15538210
2455267.678306  9.899447e-01     1.34175410  -0.34555077  -0.15525355    0.35949674  -0.19592565  -0.15525147
2455267.685845  9.664370e-01     1.34176217  -0.34543403  -0.15523736    0.35948319  -0.19593762  -0.15523527
2455267.697224  9.961333e-01     1.34177435  -0.34525782  -0.15521291    0.35946274  -0.19595570  -0.15521082
2455267.708560  9.814355e-01     1.34178646  -0.34508228  -0.15518855    0.35944239  -0.19597370  -0.15518646
2455267.713429  9.714891e-01     1.34179165  -0.34500688  -0.15517809    0.35943366  -0.19598144  -0.15517599
2455267.717228  9.750325e-01     1.34179570  -0.34494805  -0.15516992    0.35942684  -0.19598747  -0.15516783
2455267.720984  1.006006e+00     1.34179971  -0.34488988  -0.15516185    0.35942011  -0.19599344  -0.15515976
2455267.724767  9.598030e-01     1.34180373  -0.34483131  -0.15515372    0.35941333  -0.19599945  -0.15515163
2455267.736046  9.956963e-01     1.34181574  -0.34465664  -0.15512948    0.35939313  -0.19601737  -0.15512738
2455267.747392  1.002007e+00     1.34182779  -0.34448092  -0.15510509    0.35937283  -0.19603539  -0.15510300
2455267.752272  9.728530e-01     1.34183297  -0.34440534  -0.15509460    0.35936410  -0.19604315  -0.15509251
2455267.756059  1.007461e+00     1.34183699  -0.34434669  -0.15508646    0.35935734  -0.19604917  -0.15508436
2455267.759859  1.011136e+00     1.34184102  -0.34428784  -0.15507829    0.35935055  -0.19605520  -0.15507619
2455267.763645  9.908122e-01     1.34184503  -0.34422920  -0.15507016    0.35934378  -0.19606122  -0.15506806
2455267.767447  1.020406e+00     1.34184906  -0.34417032  -0.15506198    0.35933699  -0.19606726  -0.15505988
2455267.775052  1.013760e+00     1.34185710  -0.34405253  -0.15504563    0.35932342  -0.19607934  -0.15504353
2455267.778846  1.035421e+00     1.34186112  -0.34399377  -0.15503747    0.35931665  -0.19608537  -0.15503537
2455267.782659  1.029670e+00     1.34186515  -0.34393471  -0.15502928    0.35930985  -0.19609143  -0.15502717
2455267.786447  1.011765e+00     1.34186915  -0.34387604  -0.15502113    0.35930310  -0.19609745  -0.15501903
2455267.791098  9.805206e-01     1.34187406  -0.34380400  -0.15501113    0.35929481  -0.19610484  -0.15500903
2455267.802439  9.758907e-01     1.34188601  -0.34362834  -0.15498674    0.35927461  -0.19612287  -0.15498464
2455267.813762  1.006806e+00     1.34189794  -0.34345295  -0.15496239    0.35925446  -0.19614086  -0.15496029
2455267.817572  1.027371e+00     1.34190194  -0.34339394  -0.15495420    0.35924769  -0.19614692  -0.15495209
2455267.825189  1.004823e+00     1.34190995  -0.34327595  -0.15493782    0.35923415  -0.19615902  -0.15493571
2455267.829982  9.755883e-01     1.34191498  -0.34320170  -0.15492751    0.35922563  -0.19616664  -0.15492540
2455267.833776  1.018704e+00     1.34191896  -0.34314293  -0.15491935    0.35921890  -0.19617267  -0.15491724
2455267.837556  1.013980e+00     1.34192292  -0.34308439  -0.15491122    0.35921219  -0.19617868  -0.15490911
2455267.845098  1.023275e+00     1.34193083  -0.34296756  -0.15489499    0.35919881  -0.19619067  -0.15489288
2455267.848882  1.039380e+00     1.34193479  -0.34290895  -0.15488685    0.35919209  -0.19619668  -0.15488474
2455267.852702  1.030756e+00     1.34193879  -0.34284977  -0.15487864    0.35918532  -0.19620275  -0.15487652
2455267.856498  1.002622e+00     1.34194276  -0.34279096  -0.15487047    0.35917859  -0.19620879  -0.15486836
2455267.860293  1.019339e+00     1.34194673  -0.34273217  -0.15486230    0.35917187  -0.19621482  -0.15486019
2455267.864113  9.988491e-01     1.34195072  -0.34267300  -0.15485409    0.35916510  -0.19622089  -0.15485197
2455267.872744  9.724290e-01     1.34195973  -0.34253929  -0.15483552    0.35914982  -0.19623461  -0.15483340
2455267.876540  9.941209e-01     1.34196369  -0.34248048  -0.15482735    0.35914311  -0.19624065  -0.15482523
2455267.880351  9.723455e-01     1.34196766  -0.34242144  -0.15481915    0.35913637  -0.19624670  -0.15481703
2455267.884105  9.885585e-01     1.34197157  -0.34236328  -0.15481107    0.35912973  -0.19625267  -0.15480895
2455267.891695  1.013364e+00     1.34197947  -0.34224569  -0.15479474    0.35911631  -0.19626474  -0.15479262
2455267.895480  1.022697e+00     1.34198341  -0.34218705  -0.15478659    0.35910963  -0.19627076  -0.15478447
2455267.903061  9.810931e-01     1.34199129  -0.34206960  -0.15477028    0.35909624  -0.19628281  -0.15476816
2455267.907954  9.901163e-01     1.34199637  -0.34199379  -0.15475974    0.35908761  -0.19629059  -0.15475762
2455267.911754  9.946442e-01     1.34200032  -0.34193492  -0.15475157    0.35908090  -0.19629663  -0.15474945
2455267.915539  9.982729e-01     1.34200424  -0.34187628  -0.15474342    0.35907423  -0.19630265  -0.15474130
2455267.919323  9.890790e-01     1.34200817  -0.34181765  -0.15473527    0.35906756  -0.19630867  -0.15473315
2455267.923128  9.872168e-01     1.34201211  -0.34175869  -0.15472708    0.35906085  -0.19631472  -0.15472496
2455267.934490  9.735479e-01     1.34202387  -0.34158265  -0.15470263    0.35904084  -0.19633278  -0.15470050
2455267.942035  1.014660e+00     1.34203167  -0.34146575  -0.15468638    0.35902756  -0.19634478  -0.15468426
2455267.946888  1.002529e+00     1.34203668  -0.34139055  -0.15467594    0.35901903  -0.19635250  -0.15467381
2455267.950682  9.997204e-01     1.34204060  -0.34133176  -0.15466777    0.35901236  -0.19635853  -0.15466564
2455267.958280  1.022920e+00     1.34204843  -0.34121405  -0.15465141    0.35899900  -0.19637061  -0.15464928
2455267.965857  9.949587e-01     1.34205624  -0.34109664  -0.15463510    0.35898570  -0.19638266  -0.15463297
2455267.969650  9.686935e-01     1.34206014  -0.34103787  -0.15462693    0.35897904  -0.19638869  -0.15462480
2455267.973448  9.857536e-01     1.34206405  -0.34097901  -0.15461875    0.35897237  -0.19639473  -0.15461662
56 0 0.12 2006.9-2010.6 V 703_CATALINA
2453998.712583 1.161003e-01 -1.713962e+00 3.779440e-01 1.892897e-01 -7.109828e-01 3.257262e-01 1.892881e-01
2453998.718492 1.058971e-01 -1.713995e+00 3.778785e-01 1.892829e-01 -7.110126e-01 3.257618e-01 1.892813e-01
2453998.724442 1.059096e-01 -1.714029e+00 3.778125e-01 1.892760e-01 -7.110426e-01 3.257977e-01 1.892744e-01
2453998.730382 1.161413e-01 -1.714062e+00 3.777466e-01 1.892692e-01 -7.110726e-01 3.258335e-01 1.892676e-01
2454004.713463 1.315019e-01 -1.746238e+00 3.110498e-01 1.821848e-01 -7.448590e-01 3.616397e-01 1.821837e-01
2454004.720583 1.442111e-01 -1.746275e+00 3.109701e-01 1.821762e-01 -7.449035e-01 3.616819e-01 1.821751e-01
2454004.727733 1.094122e-01 -1.746311e+00 3.108900e-01 1.821675e-01 -7.449482e-01 3.617242e-01 1.821664e-01
2454004.734882 1.442556e-01 -1.746348e+00 3.108099e-01 1.821588e-01 -7.449930e-01 3.617665e-01 1.821578e-01
2454509.971960 5.013808e-02 1.334794e+00 -4.767718e-02 -1.118266e-01 5.358955e-01 5.323750e-01 -1.118239e-01
2454509.979000 5.496606e-02 1.334781e+00 -4.756517e-02 -1.118095e-01 5.358091e-01 5.323886e-01 -1.118067e-01
2454509.986121 5.495670e-02 1.334767e+00 -4.745188e-02 -1.117921e-01 5.357218e-01 5.324023e-01 -1.117894e-01
2454509.993361 5.011243e-02 1.334754e+00 -4.733668e-02 -1.117744e-01 5.356330e-01 5.324162e-01 -1.117717e-01
2454526.969350 9.238492e-02 1.278660e+00 2.219503e-01 -6.854493e-02 3.408675e-01 5.422683e-01 -6.854241e-02
2454526.975910 1.110542e-01 1.278629e+00 2.220534e-01 -6.852762e-02 3.407980e-01 5.422642e-01 -6.852510e-02
2454526.982470 7.681901e-02 1.278597e+00 2.221565e-01 -6.851031e-02 3.407285e-01 5.422600e-01 -6.850778e-02
2454526.989101 6.388545e-02 1.278566e+00 2.222607e-01 -6.849281e-02 3.406583e-01 5.422558e-01 -6.849029e-02
2455162.974774 1.065732e-01 6.459355e-01 -1.591178e+00 -2.801647e-01 1.059619e+00 -6.953661e-01 -2.801682e-01
2455162.982224 9.717940e-02 6.460119e-01 -1.591122e+00 -2.801627e-01 1.059577e+00 -6.952571e-01 -2.801662e-01
2455162.989635 1.168156e-01 6.460879e-01 -1.591067e+00 -2.801607e-01 1.059535e+00 -6.951487e-01 -2.801642e-01
2455162.997095 8.080286e-02 6.461643e-01 -1.591011e+00 -2.801586e-01 1.059493e+00 -6.950395e-01 -2.801621e-01
2455183.947856 5.310594e-02 8.517457e-01 -1.414528e+00 -2.708702e-01 9.116960e-01 -4.323730e-01 -2.708729e-01
2455183.952487 6.999884e-02 8.517888e-01 -1.414484e+00 -2.708673e-01 9.116583e-01 -4.323251e-01 -2.708700e-01
2455183.957187 3.673140e-02 8.518326e-01 -1.414440e+00 -2.708644e-01 9.116200e-01 -4.322764e-01 -2.708671e-01
2455183.961817 5.308666e-02 8.518757e-01 -1.414397e+00 -2.708615e-01 9.115823e-01 -4.322285e-01 -2.708642e-01
2455242.796085 1.128874e-01 1.272636e+00 -7.158582e-01 -2.032132e-01 4.504571e-01 -1.684839e-01 -2.032121e-01
2455242.803055 1.128679e-01 1.272667e+00 -7.157595e-01 -2.032014e-01 4.504191e-01 -1.684855e-01 -2.032003e-01
2455242.809985 1.128485e-01 1.272697e+00 -7.156613e-01 -2.031896e-01 4.503813e-01 -1.684870e-01 -2.031885e-01
2455242.816925 1.029013e-01 1.272727e+00 -7.155630e-01 -2.031778e-01 4.503435e-01 -1.684886e-01 -2.031767e-01
2455259.976429 9.491524e-02 1.329237e+00 -4.635861e-01 -1.712887e-01 3.778172e-01 -1.841992e-01 -1.712865e-01
2455259.980169 9.490951e-02 1.329245e+00 -4.635294e-01 -1.712812e-01 3.778061e-01 -1.842045e-01 -1.712790e-01
2455259.983929 1.040599e-01 1.329253e+00 -4.634724e-01 -1.712736e-01 3.777950e-01 -1.842098e-01 -1.712714e-01
2455259.987679 1.140925e-01 1.329261e+00 -4.634156e-01 -1.712661e-01 3.777839e-01 -1.842152e-01 -1.712638e-01
2455269.678727 1.004661e-01 1.343604e+00 -3.144982e-01 -1.509220e-01 3.561980e-01 -1.991105e-01 -1.509191e-01
2455269.686257 9.161918e-02 1.343610e+00 -3.143811e-01 -1.509056e-01 3.561867e-01 -1.991225e-01 -1.509027e-01
2455269.693817 9.161219e-02 1.343616e+00 -3.142635e-01 -1.508891e-01 3.561754e-01 -1.991345e-01 -1.508862e-01
2455269.701367 9.160520e-02 1.343621e+00 -3.141460e-01 -1.508726e-01 3.561641e-01 -1.991466e-01 -1.508697e-01
2455276.745080 9.496098e-02 1.345321e+00 -2.037856e-01 -1.350941e-01 3.492675e-01 -2.101695e-01 -1.350908e-01
2455276.753810 9.495609e-02 1.345318e+00 -2.036480e-01 -1.350741e-01 3.492634e-01 -2.101827e-01 -1.350708e-01
2455276.762610 9.495115e-02 1.345315e+00 -2.035093e-01 -1.350539e-01 3.492593e-01 -2.101959e-01 -1.350506e-01
2455276.771480 9.494619e-02 1.345313e+00 -2.033694e-01 -1.350335e-01 3.492552e-01 -2.102092e-01 -1.350302e-01
2455303.701346 7.225407e-02 1.278066e+00 2.237200e-01 -6.817082e-02 3.832177e-01 -2.309865e-01 -6.816637e-02
2455303.708516 7.225643e-02 1.278032e+00 2.238326e-01 -6.815189e-02 3.832374e-01 -2.309843e-01 -6.814744e-02
2455303.715756 7.225881e-02 1.277997e+00 2.239464e-01 -6.813278e-02 3.832573e-01 -2.309821e-01 -6.812833e-02
2455303.722976 7.226119e-02 1.277963e+00 2.240598e-01 -6.811372e-02 3.832771e-01 -2.309798e-01 -6.810927e-02
2455320.715370 3.836993e-02 1.171976e+00 4.847720e-01 -2.219518e-02 4.406435e-01 -2.093033e-01 -2.219046e-02
2455320.720500 3.837138e-02 1.171937e+00 4.848482e-01 -2.218109e-02 4.406634e-01 -2.092914e-01 -2.217637e-02
2455320.725729 3.191716e-02 1.171896e+00 4.849260e-01 -2.216672e-02 4.406836e-01 -2.092793e-01 -2.216200e-02
2455320.730919 3.837433e-02 1.171857e+00 4.850031e-01 -2.215246e-02 4.407036e-01 -2.092672e-01 -2.214774e-02
2455320.736159 4.207824e-02 1.171816e+00 4.850810e-01 -2.213806e-02 4.407239e-01 -2.092551e-01 -2.213334e-02
2455329.738310 4.120830e-02 1.095688e+00 6.157036e-01 2.677450e-03 4.768442e-01 -1.829901e-01 2.682160e-03
2455329.744610 3.758441e-02 1.095630e+00 6.157926e-01 2.694840e-03 4.768702e-01 -1.829679e-01 2.699550e-03
2455329.750950 4.954853e-02 1.095572e+00 6.158822e-01 2.712340e-03 4.768963e-01 -1.829455e-01 2.717050e-03
2455329.757330 3.758844e-02 1.095513e+00 6.159723e-01 2.729950e-03 4.769225e-01 -1.829230e-01 2.734660e-03
2455352.685540 5.637702e-02 8.439410e-01 9.112371e-01 6.507006e-02 5.691113e-01 -6.540635e-02 6.507426e-02
2455352.692910 5.142059e-02 8.438480e-01 9.113214e-01 6.508952e-02 5.691383e-01 -6.535684e-02 6.509372e-02
2455352.707820 5.142896e-02 8.436600e-01 9.114920e-01 6.512889e-02 5.691931e-01 -6.525665e-02 6.513309e-02
1 1
2 1
3 1
4 0.15
