10.697377 0.5 15.517401 1 period_start period_step period_end fixed/free
0.0				initial epoch
0.0				initial rotation angle      
0.1				convexity weight      
6 6				degree and order of spherical harmonics      
6				number of rows        
0.5	1			scattering parameters
0.1	1
-0.5	1     
0.1	0			LS coeff                 
50				iteration stop condidion
10				minimum number of iterations (only if the above value < 1)
5				Alamda multiplicative factor
0.1				Alamda initial value
2
156  0    0.131    2015-9-12.5--2018-10-13.5    c    ATLAS
2457343.088850  1.428702e+00  1.253146e+00 -2.684756e+00  2.968638e-01  1.838807e+00 -1.888001e+00  2.968138e-01
2457343.110340  1.893487e+00  1.253342e+00 -2.684696e+00  2.968863e-01  1.838699e+00 -1.887724e+00  2.968363e-01
2457392.064530  1.561336e+00  1.682033e+00 -2.513775e+00  3.439557e-01  1.454081e+00 -1.557279e+00  3.439093e-01
2457392.081640  1.824159e+00  1.682175e+00 -2.513704e+00  3.439707e-01  1.453933e+00 -1.557277e+00  3.439243e-01
2457400.972720  4.499556e+00  1.755735e+00 -2.475611e+00  3.516083e-01  1.379583e+00 -1.566856e+00  3.515662e-01
2457400.972720  4.499556e+00  1.755735e+00 -2.475611e+00  3.516083e-01  1.379583e+00 -1.566856e+00  3.515662e-01
2457400.989260  4.199065e+00  1.755871e+00 -2.475539e+00  3.516222e-01  1.379451e+00 -1.566893e+00  3.515801e-01
2457401.020400  4.156428e+00  1.756126e+00 -2.475402e+00  3.516485e-01  1.379202e+00 -1.566964e+00  3.516064e-01
2457401.033490  4.388404e+00  1.756233e+00 -2.475344e+00  3.516595e-01  1.379097e+00 -1.566993e+00  3.516174e-01
2457401.033490  4.388404e+00  1.756233e+00 -2.475344e+00  3.516595e-01  1.379097e+00 -1.566993e+00  3.516174e-01
2457401.972830  2.612067e+00  1.763921e+00 -2.471198e+00  3.524494e-01  1.371646e+00 -1.569235e+00  3.524083e-01
2457401.989910  2.088182e+00  1.764060e+00 -2.471123e+00  3.524638e-01  1.371511e+00 -1.569277e+00  3.524227e-01
2457422.003380  3.017462e+00  1.923926e+00 -2.377522e+00  3.685203e-01  1.240850e+00 -1.666977e+00  3.684857e-01
2457422.012490  2.908408e+00  1.923997e+00 -2.377477e+00  3.685273e-01  1.240806e+00 -1.667041e+00  3.684927e-01
2457422.027070  3.467985e+00  1.924110e+00 -2.377405e+00  3.685385e-01  1.240734e+00 -1.667144e+00  3.685038e-01
2457422.027070  3.467985e+00  1.924110e+00 -2.377405e+00  3.685385e-01  1.240734e+00 -1.667144e+00  3.685038e-01
2457423.023700  4.512619e+00  1.931871e+00 -2.372487e+00  3.692991e-01  1.235958e+00 -1.674284e+00  3.692650e-01
2457423.032810  4.093016e+00  1.931942e+00 -2.372442e+00  3.693061e-01  1.235915e+00 -1.674351e+00  3.692719e-01
2457428.973390  3.648472e+00  1.977795e+00 -2.342629e+00  3.737628e-01  1.211610e+00 -1.720771e+00  3.737345e-01
2457428.997350  3.465503e+00  1.977978e+00 -2.342507e+00  3.737805e-01  1.211527e+00 -1.720971e+00  3.737522e-01
2457428.997350  3.465503e+00  1.977978e+00 -2.342507e+00  3.737805e-01  1.211527e+00 -1.720971e+00  3.737522e-01
2457428.997350  3.465503e+00  1.977978e+00 -2.342507e+00  3.737805e-01  1.211527e+00 -1.720971e+00  3.737522e-01
2457429.021260  4.275839e+00  1.978161e+00 -2.342385e+00  3.737982e-01  1.211444e+00 -1.721171e+00  3.737699e-01
2457429.021260  4.275839e+00  1.978161e+00 -2.342385e+00  3.737982e-01  1.211444e+00 -1.721171e+00  3.737699e-01
2457429.021260  4.275839e+00  1.978161e+00 -2.342385e+00  3.737982e-01  1.211444e+00 -1.721171e+00  3.737699e-01
2457429.045160  3.998310e+00  1.978344e+00 -2.342263e+00  3.738158e-01  1.211362e+00 -1.721370e+00  3.737876e-01
2457430.704440  4.723453e+00  1.991025e+00 -2.333784e+00  3.750366e-01  1.205940e+00 -1.735457e+00  3.750104e-01
2457434.914420  4.282149e+00  2.022951e+00 -2.311983e+00  3.780873e-01  1.194973e+00 -1.773132e+00  3.780654e-01
2457434.914420  4.282149e+00  2.022951e+00 -2.311983e+00  3.780873e-01  1.194973e+00 -1.773132e+00  3.780654e-01
2457434.914420  4.282149e+00  2.022951e+00 -2.311983e+00  3.780873e-01  1.194973e+00 -1.773132e+00  3.780654e-01
2457452.903100  2.363358e+00  2.155290e+00 -2.214291e+00  3.903659e-01  1.196886e+00 -1.958100e+00  3.903501e-01
2457452.923130  2.355130e+00  2.155433e+00 -2.214178e+00  3.903789e-01  1.196935e+00 -1.958322e+00  3.903631e-01
2457452.945200  1.878059e+00  2.155591e+00 -2.214054e+00  3.903932e-01  1.196989e+00 -1.958566e+00  3.903774e-01
2457452.947220  2.386261e+00  2.155606e+00 -2.214042e+00  3.903945e-01  1.196994e+00 -1.958588e+00  3.903787e-01
2457452.947220  2.386261e+00  2.155606e+00 -2.214042e+00  3.903945e-01  1.196994e+00 -1.958588e+00  3.903787e-01
2457460.853050  1.791928e+00  2.211618e+00 -2.168853e+00  3.953987e-01  1.224916e+00 -2.047388e+00  3.953927e-01
2457460.853050  1.791928e+00  2.211618e+00 -2.168853e+00  3.953987e-01  1.224916e+00 -2.047388e+00  3.953927e-01
2457460.874740  2.018462e+00  2.211770e+00 -2.168727e+00  3.954121e-01  1.225016e+00 -2.047634e+00  3.954062e-01
2457460.874740  2.018462e+00  2.211770e+00 -2.168727e+00  3.954121e-01  1.225016e+00 -2.047634e+00  3.954062e-01
2457460.896380  2.002259e+00  2.211921e+00 -2.168602e+00  3.954255e-01  1.225117e+00 -2.047880e+00  3.954196e-01
2457491.767250  3.914075e+00  2.417547e+00 -1.979850e+00  4.126494e-01  1.498087e+00 -2.380480e+00  4.126629e-01
2457491.785460  2.956077e+00  2.417662e+00 -1.979733e+00  4.126585e-01  1.498322e+00 -2.380651e+00  4.126720e-01
2457491.785460  2.956077e+00  2.417662e+00 -1.979733e+00  4.126585e-01  1.498322e+00 -2.380651e+00  4.126720e-01
2457507.738930  2.766746e+00  2.515471e+00 -1.875050e+00  4.201034e-01  1.733995e+00 -2.510630e+00  4.201205e-01
2457507.738930  2.766746e+00  2.515471e+00 -1.875050e+00  4.201034e-01  1.733995e+00 -2.510630e+00  4.201205e-01
2457507.752630  2.390175e+00  2.515553e+00 -1.874958e+00  4.201094e-01  1.734221e+00 -2.510722e+00  4.201265e-01
2457507.752630  2.390175e+00  2.515553e+00 -1.874958e+00  4.201094e-01  1.734221e+00 -2.510722e+00  4.201265e-01
2457509.752880  2.813100e+00  2.527398e+00 -1.861512e+00  4.209723e-01  1.767663e+00 -2.523736e+00  4.209915e-01
2457509.752880  2.813100e+00  2.527398e+00 -1.861512e+00  4.209723e-01  1.767663e+00 -2.523736e+00  4.209915e-01
2457509.767910  3.056684e+00  2.527486e+00 -1.861410e+00  4.209788e-01  1.767917e+00 -2.523831e+00  4.209979e-01
2457509.781030  2.280907e+00  2.527564e+00 -1.861322e+00  4.209844e-01  1.768139e+00 -2.523914e+00  4.210035e-01
2457509.781030  2.280907e+00  2.527564e+00 -1.861322e+00  4.209844e-01  1.768139e+00 -2.523914e+00  4.210035e-01
2457509.795370  3.346339e+00  2.527648e+00 -1.861225e+00  4.209905e-01  1.768382e+00 -2.524004e+00  4.210097e-01
2457509.795370  3.346339e+00  2.527648e+00 -1.861225e+00  4.209905e-01  1.768382e+00 -2.524004e+00  4.210097e-01
2457510.737340  2.422450e+00  2.533193e+00 -1.854868e+00  4.213913e-01  1.784414e+00 -2.529838e+00  4.214115e-01
2457510.752590  2.634636e+00  2.533282e+00 -1.854765e+00  4.213978e-01  1.784675e+00 -2.529931e+00  4.214180e-01
2457511.783410  2.921206e+00  2.539325e+00 -1.847791e+00  4.218323e-01  1.802419e+00 -2.536097e+00  4.218537e-01
2457788.092450  1.692708e+00  3.164459e+00  4.164100e-01  3.891930e-01  2.470980e+00  1.116790e+00  3.891824e-01
2457788.092450  1.692708e+00  3.164459e+00  4.164100e-01  3.891930e-01  2.470980e+00  1.116790e+00  3.891824e-01
2457808.116150  1.946796e+00  3.128164e+00  5.889024e-01  3.757909e-01  2.231740e+00  1.007873e+00  3.757878e-01
2457808.116150  1.946796e+00  3.128164e+00  5.889024e-01  3.757909e-01  2.231740e+00  1.007873e+00  3.757878e-01
2457808.131260  1.826654e+00  3.128132e+00  5.890319e-01  3.757802e-01  2.231594e+00  1.007766e+00  3.757772e-01
2457836.057070  4.186939e+00  3.058717e+00  8.259187e-01  3.548284e-01  2.063168e+00  7.759786e-01  3.548446e-01
2457840.024880  4.953947e+00  3.047086e+00  8.591411e-01  3.516433e-01  2.056165e+00  7.409138e-01  3.516647e-01
2457840.024880  4.953947e+00  3.047086e+00  8.591411e-01  3.516433e-01  2.056165e+00  7.409138e-01  3.516647e-01
2457840.056190  3.411095e+00  3.046992e+00  8.594028e-01  3.516179e-01  2.056127e+00  7.406384e-01  3.516394e-01
2457843.980130  4.981051e+00  3.035054e+00  8.921354e-01  3.484176e-01  2.053395e+00  7.063870e-01  3.484432e-01
2457843.980130  4.981051e+00  3.035054e+00  8.921354e-01  3.484176e-01  2.053395e+00  7.063870e-01  3.484432e-01
2457843.980130  4.981051e+00  3.035054e+00  8.921354e-01  3.484176e-01  2.053395e+00  7.063870e-01  3.484432e-01
2457843.984810  5.750616e+00  3.035040e+00  8.921743e-01  3.484137e-01  2.053394e+00  7.063466e-01  3.484394e-01
2457843.984810  5.750616e+00  3.035040e+00  8.921743e-01  3.484137e-01  2.053394e+00  7.063466e-01  3.484394e-01
2457843.995780  4.467853e+00  3.035006e+00  8.922657e-01  3.484047e-01  2.053392e+00  7.062517e-01  3.484304e-01
2457847.973590  4.619653e+00  3.022465e+00  9.253186e-01  3.451098e-01  2.054793e+00  6.722935e-01  3.451373e-01
2457847.989310  4.275574e+00  3.022415e+00  9.254489e-01  3.450967e-01  2.054806e+00  6.721613e-01  3.451242e-01
2457847.989310  4.275574e+00  3.022415e+00  9.254489e-01  3.450967e-01  2.054806e+00  6.721613e-01  3.451242e-01
2457848.006600  4.949691e+00  3.022359e+00  9.255923e-01  3.450822e-01  2.054822e+00  6.720158e-01  3.451097e-01
2457848.006600  4.949691e+00  3.022359e+00  9.255923e-01  3.450822e-01  2.054822e+00  6.720158e-01  3.451097e-01
2457848.022250  4.334741e+00  3.022309e+00  9.257221e-01  3.450692e-01  2.054835e+00  6.718842e-01  3.450967e-01
2457848.022250  4.334741e+00  3.022309e+00  9.257221e-01  3.450692e-01  2.054835e+00  6.718842e-01  3.450967e-01
2457848.036380  4.580889e+00  3.022264e+00  9.258392e-01  3.450574e-01  2.054848e+00  6.717653e-01  3.450849e-01
2457863.971880  4.617388e+00  2.967595e+00  1.056842e+00  3.313525e-01  2.100424e+00  5.493446e-01  3.313879e-01
2457864.010260  4.361434e+00  2.967455e+00  1.057154e+00  3.313185e-01  2.100607e+00  5.490848e-01  3.313540e-01
2457864.010260  4.361434e+00  2.967455e+00  1.057154e+00  3.313185e-01  2.100607e+00  5.490848e-01  3.313540e-01
2457868.989660  1.962566e+00  2.948928e+00  1.097591e+00  3.268733e-01  2.127074e+00  5.171778e-01  3.269147e-01
2457869.002810  1.662809e+00  2.948878e+00  1.097697e+00  3.268614e-01  2.127151e+00  5.170985e-01  3.269029e-01
2457869.015930  1.926906e+00  2.948828e+00  1.097804e+00  3.268496e-01  2.127228e+00  5.170194e-01  3.268911e-01
2457869.015930  1.926906e+00  2.948828e+00  1.097804e+00  3.268496e-01  2.127228e+00  5.170194e-01  3.268911e-01
2457869.015930  1.926906e+00  2.948828e+00  1.097804e+00  3.268496e-01  2.127228e+00  5.170194e-01  3.268911e-01
2457871.914120  4.026064e+00  2.937729e+00  1.121222e+00  3.242271e-01  2.145102e+00  5.002409e-01  3.242707e-01
2457871.929380  4.074798e+00  2.937670e+00  1.121345e+00  3.242132e-01  2.145200e+00  5.001562e-01  3.242569e-01
2457871.929380  4.074798e+00  2.937670e+00  1.121345e+00  3.242132e-01  2.145200e+00  5.001562e-01  3.242569e-01
2457871.944650  4.302606e+00  2.937610e+00  1.121468e+00  3.241993e-01  2.145299e+00  5.000716e-01  3.242430e-01
2457871.961020  3.689427e+00  2.937547e+00  1.121600e+00  3.241844e-01  2.145405e+00  4.999809e-01  3.242281e-01
2457871.961020  3.689427e+00  2.937547e+00  1.121600e+00  3.241844e-01  2.145405e+00  4.999809e-01  3.242281e-01
2457871.961020  3.689427e+00  2.937547e+00  1.121600e+00  3.241844e-01  2.145405e+00  4.999809e-01  3.242281e-01
2457895.838140  2.119515e+00  2.837319e+00  1.310981e+00  3.016149e-01  2.349564e+00  4.238028e-01  3.016694e-01
2457895.838140  2.119515e+00  2.837319e+00  1.310981e+00  3.016149e-01  2.349564e+00  4.238028e-01  3.016694e-01
2457895.838140  2.119515e+00  2.837319e+00  1.310981e+00  3.016149e-01  2.349564e+00  4.238028e-01  3.016694e-01
2457895.870820  2.490828e+00  2.837171e+00  1.311236e+00  3.015829e-01  2.349900e+00  4.237842e-01  3.016374e-01
2457895.870820  2.490828e+00  2.837171e+00  1.311236e+00  3.015829e-01  2.349900e+00  4.237842e-01  3.016374e-01
2457895.887630  2.726459e+00  2.837095e+00  1.311367e+00  3.015664e-01  2.350073e+00  4.237748e-01  3.016209e-01
2457899.861870  2.097778e+00  2.818902e+00  1.342224e+00  2.976468e-01  2.391784e+00  4.234799e-01  2.977033e-01
2457899.895540  2.830577e+00  2.818746e+00  1.342484e+00  2.976134e-01  2.392144e+00  4.234941e-01  2.976699e-01
2457903.816590  2.224143e+00  2.800375e+00  1.372728e+00  2.937015e-01  2.434780e+00  4.271076e-01  2.937575e-01
2457903.816590  2.224143e+00  2.800375e+00  1.372728e+00  2.937015e-01  2.434780e+00  4.271076e-01  2.937575e-01
2457903.833470  1.997204e+00  2.800295e+00  1.372858e+00  2.936845e-01  2.434966e+00  4.271316e-01  2.937406e-01
2457903.866660  2.508072e+00  2.800138e+00  1.373113e+00  2.936512e-01  2.435333e+00  4.271791e-01  2.937073e-01
2457903.882980  1.894079e+00  2.800060e+00  1.373238e+00  2.936349e-01  2.435513e+00  4.272026e-01  2.936909e-01
2458194.114050  2.046730e+00  4.572222e-01  2.677981e+00 -7.648918e-02 -5.346595e-01  2.752369e+00 -7.646480e-02
2458194.114050  2.046730e+00  4.572222e-01  2.677981e+00 -7.648918e-02 -5.346595e-01  2.752369e+00 -7.646480e-02
2458194.115420  2.031672e+00  4.572079e-01  2.677981e+00 -7.649104e-02 -5.346760e-01  2.752346e+00 -7.646666e-02
2458194.120510  1.405490e+00  4.571546e-01  2.677981e+00 -7.649795e-02 -5.347372e-01  2.752258e+00 -7.647356e-02
2458194.120510  1.405490e+00  4.571546e-01  2.677981e+00 -7.649795e-02 -5.347372e-01  2.752258e+00 -7.647356e-02
2458194.130550  2.410888e+00  4.570496e-01  2.677981e+00 -7.651159e-02 -5.348580e-01  2.752085e+00 -7.648719e-02
2458226.060010  2.714990e+00  1.203929e-01  2.657692e+00 -1.191848e-01 -7.720272e-01  2.198244e+00 -1.191413e-01
2458287.055390  2.098704e+00 -5.231541e-01  2.499687e+00 -1.947133e-01 -5.928556e-01  1.486158e+00 -1.946595e-01
2458287.055390  2.098704e+00 -5.231541e-01  2.499687e+00 -1.947133e-01 -5.928556e-01  1.486158e+00 -1.946595e-01
2458287.078130  2.277473e+00 -5.233903e-01  2.499598e+00 -1.947394e-01 -5.927078e-01  1.486040e+00 -1.946856e-01
2458287.078130  2.277473e+00 -5.233903e-01  2.499598e+00 -1.947394e-01 -5.927078e-01  1.486040e+00 -1.946856e-01
2458287.089150  2.182757e+00 -5.235048e-01  2.499555e+00 -1.947521e-01 -5.926362e-01  1.485984e+00 -1.946983e-01
2458311.031000  4.512377e+00 -7.691007e-01  2.393124e+00 -2.212362e-01 -4.392873e-01  1.431489e+00 -2.211854e-01
2458311.031000  2.948529e+00 -7.691007e-01  2.393124e+00 -2.212362e-01 -4.392873e-01  1.431489e+00 -2.211854e-01
2458333.921670  1.121400e+00 -9.963472e-01  2.267766e+00 -2.443784e-01 -3.334556e-01  1.499499e+00 -2.443366e-01
2458333.929080  2.266604e+00 -9.964192e-01  2.267722e+00 -2.443855e-01 -3.334332e-01  1.499538e+00 -2.443437e-01
2458333.929080  2.266604e+00 -9.964192e-01  2.267722e+00 -2.443855e-01 -3.334332e-01  1.499538e+00 -2.443437e-01
2458333.929080  2.266604e+00 -9.964192e-01  2.267722e+00 -2.443855e-01 -3.334332e-01  1.499538e+00 -2.443437e-01
2458333.929080  2.266604e+00 -9.964192e-01  2.267722e+00 -2.443855e-01 -3.334332e-01  1.499538e+00 -2.443437e-01
2458333.945330  1.645161e+00 -9.965773e-01  2.267625e+00 -2.444011e-01 -3.333841e-01  1.499622e+00 -2.443593e-01
2458333.945330  1.645161e+00 -9.965773e-01  2.267625e+00 -2.444011e-01 -3.333841e-01  1.499622e+00 -2.443593e-01
2458338.918060  3.147420e+00 -1.044707e+00  2.237359e+00 -2.491140e-01 -3.205152e-01  1.527557e+00 -2.490764e-01
2458338.928760  3.226875e+00 -1.044810e+00  2.237293e+00 -2.491240e-01 -3.204923e-01  1.527622e+00 -2.490865e-01
2458338.928760  3.226875e+00 -1.044810e+00  2.237293e+00 -2.491240e-01 -3.204923e-01  1.527622e+00 -2.490865e-01
2458338.929220  3.620622e+00 -1.044814e+00  2.237290e+00 -2.491245e-01 -3.204913e-01  1.527624e+00 -2.490869e-01
2458338.940310  3.413590e+00 -1.044921e+00  2.237221e+00 -2.491348e-01 -3.204676e-01  1.527691e+00 -2.490973e-01
2458338.940310  3.413590e+00 -1.044921e+00  2.237221e+00 -2.491348e-01 -3.204676e-01  1.527691e+00 -2.490973e-01
2458338.951490  3.445401e+00 -1.045029e+00  2.237152e+00 -2.491453e-01 -3.204437e-01  1.527759e+00 -2.491078e-01
2458338.962190  3.451971e+00 -1.045132e+00  2.237086e+00 -2.491553e-01 -3.204209e-01  1.527823e+00 -2.491178e-01
2458338.962190  3.451971e+00 -1.045132e+00  2.237086e+00 -2.491553e-01 -3.204209e-01  1.527823e+00 -2.491178e-01
2458342.908580  2.863235e+00 -1.082969e+00  2.212297e+00 -2.528100e-01 -3.134813e-01  1.552850e+00 -2.527775e-01
2458342.919290  2.711991e+00 -1.083072e+00  2.212229e+00 -2.528198e-01 -3.134666e-01  1.552921e+00 -2.527873e-01
2458342.919290  2.711991e+00 -1.083072e+00  2.212229e+00 -2.528198e-01 -3.134666e-01  1.552921e+00 -2.527873e-01
2458342.919290  2.711991e+00 -1.083072e+00  2.212229e+00 -2.528198e-01 -3.134666e-01  1.552921e+00 -2.527873e-01
2458342.929980  2.834779e+00 -1.083174e+00  2.212161e+00 -2.528296e-01 -3.134519e-01  1.552992e+00 -2.527971e-01
2458398.792090  1.347245e+00 -1.577000e+00  1.791180e+00 -2.955843e-01 -6.058424e-01  2.028184e+00 -2.955930e-01
2458398.792090  1.347245e+00 -1.577000e+00  1.791180e+00 -2.955843e-01 -6.058424e-01  2.028184e+00 -2.955930e-01
2458398.802540  2.039341e+00 -1.577084e+00  1.791090e+00 -2.955906e-01 -6.059718e-01  2.028268e+00 -2.955993e-01
2458398.802540  2.039341e+00 -1.577084e+00  1.791090e+00 -2.955906e-01 -6.059718e-01  2.028268e+00 -2.955993e-01
2458398.823040  1.092382e+00 -1.577248e+00  1.790912e+00 -2.956029e-01 -6.062255e-01  2.028432e+00 -2.956116e-01
2458398.823040  1.092382e+00 -1.577248e+00  1.790912e+00 -2.956029e-01 -6.062255e-01  2.028432e+00 -2.956116e-01
2458398.823040  1.092382e+00 -1.577248e+00  1.790912e+00 -2.956029e-01 -6.062255e-01  2.028432e+00 -2.956116e-01
2458402.790310  1.258528e+00 -1.608786e+00  1.756260e+00 -2.979395e-01 -6.573474e-01  2.059251e+00 -2.979519e-01
2458402.800790  1.301085e+00 -1.608868e+00  1.756168e+00 -2.979456e-01 -6.574877e-01  2.059330e+00 -2.979580e-01
2458405.724520  2.091778e+00 -1.631763e+00  1.730251e+00 -2.996032e-01 -6.976902e-01  2.080759e+00 -2.996169e-01
2458405.734850  2.115227e+00 -1.631844e+00  1.730159e+00 -2.996089e-01 -6.978359e-01  2.080832e+00 -2.996226e-01
2458405.739650  2.658130e+00 -1.631881e+00  1.730116e+00 -2.996116e-01 -6.979037e-01  2.080867e+00 -2.996253e-01
2458405.750860  3.693356e+00 -1.631968e+00  1.730016e+00 -2.996179e-01 -6.980619e-01  2.080946e+00 -2.996316e-01
372  0    0.132    2015-10-24.5--2018-10-14.5    o    ATLAS
2457320.072980  3.678041e+00  1.039420e+00 -2.740713e+00  2.719318e-01  1.895283e+00 -2.234220e+00  2.718900e-01
2457320.122460  4.042567e+00  1.039887e+00 -2.740610e+00  2.719872e-01  1.895302e+00 -2.233388e+00  2.719454e-01
2457389.061670  4.877645e+00  1.656870e+00 -2.526171e+00  3.413113e-01  1.480318e+00 -1.558874e+00  3.412657e-01
2457389.061670  4.877645e+00  1.656870e+00 -2.526171e+00  3.413113e-01  1.480318e+00 -1.558874e+00  3.412657e-01
2457389.061670  4.877645e+00  1.656870e+00 -2.526171e+00  3.413113e-01  1.480318e+00 -1.558874e+00  3.412657e-01
2457389.077980  5.130666e+00  1.657007e+00 -2.526104e+00  3.413258e-01  1.480175e+00 -1.558859e+00  3.412802e-01
2457389.095620  4.286809e+00  1.657156e+00 -2.526032e+00  3.413414e-01  1.480020e+00 -1.558842e+00  3.412958e-01
2457389.095620  4.286809e+00  1.657156e+00 -2.526032e+00  3.413414e-01  1.480020e+00 -1.558842e+00  3.412958e-01
2457408.914830  6.151173e+00  1.820228e+00 -2.439865e+00  3.581868e-01  1.319721e+00 -1.592633e+00  3.581514e-01
2457408.922410  5.809745e+00  1.820289e+00 -2.439830e+00  3.581930e-01  1.319668e+00 -1.592665e+00  3.581576e-01
2457408.962470  7.361270e+00  1.820612e+00 -2.439646e+00  3.582256e-01  1.319386e+00 -1.592834e+00  3.581902e-01
2457408.962470  7.361270e+00  1.820612e+00 -2.439646e+00  3.582256e-01  1.319386e+00 -1.592834e+00  3.581902e-01
2457408.984910  5.912220e+00  1.820792e+00 -2.439543e+00  3.582438e-01  1.319228e+00 -1.592928e+00  3.582085e-01
2457437.930480  4.809489e+00  2.045603e+00 -2.296112e+00  3.802317e-01  1.189660e+00 -1.801676e+00  3.802114e-01
2457437.952270  6.435304e+00  2.045766e+00 -2.295997e+00  3.802470e-01  1.189629e+00 -1.801887e+00  3.802267e-01
2457444.911800  3.685556e+00  2.097325e+00 -2.258583e+00  3.850632e-01  1.185880e+00 -1.871982e+00  3.850433e-01
2457444.911800  3.685556e+00  2.097325e+00 -2.258583e+00  3.850632e-01  1.185880e+00 -1.871982e+00  3.850433e-01
2457444.911800  3.685556e+00  2.097325e+00 -2.258583e+00  3.850632e-01  1.185880e+00 -1.871982e+00  3.850433e-01
2457444.975580  4.763691e+00  2.097793e+00 -2.258235e+00  3.851064e-01  1.185902e+00 -1.872648e+00  3.850866e-01
2457445.913070  4.811860e+00  2.104660e+00 -2.253110e+00  3.857409e-01  1.186344e+00 -1.882485e+00  3.857211e-01
2457445.934450  4.638688e+00  2.104817e+00 -2.252993e+00  3.857553e-01  1.186357e+00 -1.882711e+00  3.857356e-01
2457445.956580  5.008184e+00  2.104979e+00 -2.252872e+00  3.857703e-01  1.186370e+00 -1.882944e+00  3.857505e-01
2457464.875880  4.962395e+00  2.239606e+00 -2.145350e+00  3.978529e-01  1.245748e+00 -2.093086e+00  3.978497e-01
2457476.808010  2.318024e+00  2.320546e+00 -2.073681e+00  4.047647e-01  1.333732e+00 -2.226792e+00  4.047636e-01
2457505.729560  3.146790e+00  2.503477e+00 -1.888487e+00  4.192206e-01  1.701226e+00 -2.496745e+00  4.192361e-01
2457505.729560  3.146790e+00  2.503477e+00 -1.888487e+00  4.192206e-01  1.701226e+00 -2.496745e+00  4.192361e-01
2457505.754550  3.329500e+00  2.503627e+00 -1.888320e+00  4.192317e-01  1.701629e+00 -2.496923e+00  4.192472e-01
2457506.740190  3.593833e+00  2.509522e+00 -1.881737e+00  4.196666e-01  1.717603e+00 -2.503828e+00  4.196829e-01
2457800.089860  4.674023e+00  3.144066e+00  5.199789e-01  3.813281e-01  2.317031e+00  1.060002e+00  3.813195e-01
2457800.089860  4.674023e+00  3.144066e+00  5.199789e-01  3.813281e-01  2.317031e+00  1.060002e+00  3.813195e-01
2457800.089860  4.674023e+00  3.144066e+00  5.199789e-01  3.813281e-01  2.317031e+00  1.060002e+00  3.813195e-01
2457807.145050  4.650139e+00  3.130184e+00  5.805806e-01  3.764725e-01  2.241242e+00  1.014690e+00  3.764683e-01
2457817.129640  5.634880e+00  3.108150e+00  6.658961e-01  3.693125e-01  2.154889e+00  9.391615e-01  3.693198e-01
2457817.144120  6.468888e+00  3.108116e+00  6.660194e-01  3.693019e-01  2.154782e+00  9.390444e-01  3.693092e-01
2457817.144120  6.468888e+00  3.108116e+00  6.660194e-01  3.693019e-01  2.154782e+00  9.390444e-01  3.693092e-01
2457819.135960  4.863872e+00  3.103385e+00  6.829699e-01  3.678334e-01  2.140645e+00  9.227639e-01  3.678417e-01
2457820.044680  3.959762e+00  3.101190e+00  6.906950e-01  3.671591e-01  2.134542e+00  9.152323e-01  3.671676e-01
2457820.044680  3.959762e+00  3.101190e+00  6.906950e-01  3.671591e-01  2.134542e+00  9.152323e-01  3.671676e-01
2457820.044680  3.959762e+00  3.101190e+00  6.906950e-01  3.671591e-01  2.134542e+00  9.152323e-01  3.671676e-01
2457820.059720  3.561350e+00  3.101154e+00  6.908229e-01  3.671479e-01  2.134443e+00  9.151072e-01  3.671564e-01
2457820.059720  3.561350e+00  3.101154e+00  6.908229e-01  3.671479e-01  2.134443e+00  9.151072e-01  3.671564e-01
2457820.074930  4.320756e+00  3.101117e+00  6.909521e-01  3.671366e-01  2.134342e+00  9.149806e-01  3.671451e-01
2457821.082850  5.057687e+00  3.098654e+00  6.995143e-01  3.663853e-01  2.127836e+00  9.065548e-01  3.663940e-01
2457821.082850  5.057687e+00  3.098654e+00  6.995143e-01  3.663853e-01  2.127836e+00  9.065548e-01  3.663940e-01
2457821.082850  5.057687e+00  3.098654e+00  6.995143e-01  3.663853e-01  2.127836e+00  9.065548e-01  3.663940e-01
2457821.096520  6.654316e+00  3.098620e+00  6.996304e-01  3.663751e-01  2.127750e+00  9.064401e-01  3.663838e-01
2457821.110510  4.797930e+00  3.098586e+00  6.997492e-01  3.663646e-01  2.127662e+00  9.063226e-01  3.663734e-01
2457823.997010  4.233758e+00  3.091373e+00  7.242336e-01  3.641941e-01  2.110542e+00  8.818256e-01  3.642030e-01
2457823.997010  4.233758e+00  3.091373e+00  7.242336e-01  3.641941e-01  2.110542e+00  8.818256e-01  3.642030e-01
2457824.011440  3.745225e+00  3.091337e+00  7.243558e-01  3.641832e-01  2.110462e+00  8.817020e-01  3.641921e-01
2457824.011440  3.745225e+00  3.091337e+00  7.243558e-01  3.641832e-01  2.110462e+00  8.817020e-01  3.641921e-01
2457824.026540  4.523010e+00  3.091298e+00  7.244838e-01  3.641718e-01  2.110378e+00  8.815725e-01  3.641807e-01
2457824.038160  5.507939e+00  3.091269e+00  7.245822e-01  3.641630e-01  2.110314e+00  8.814729e-01  3.641719e-01
2457829.070460  4.898263e+00  3.078131e+00  7.671349e-01  3.603123e-01  2.085841e+00  8.377578e-01  3.603222e-01
2457831.052790  4.107993e+00  3.072761e+00  7.838496e-01  3.587726e-01  2.078068e+00  8.203003e-01  3.587836e-01
2457831.066840  5.238311e+00  3.072723e+00  7.839679e-01  3.587616e-01  2.078017e+00  8.201762e-01  3.587726e-01
2457831.066840  5.238311e+00  3.072723e+00  7.839679e-01  3.587616e-01  2.078017e+00  8.201762e-01  3.587726e-01
2457831.080320  5.429431e+00  3.072686e+00  7.840815e-01  3.587511e-01  2.077968e+00  8.200572e-01  3.587621e-01
2457831.080320  5.429431e+00  3.072686e+00  7.840815e-01  3.587511e-01  2.077968e+00  8.200572e-01  3.587621e-01
2457831.094390  4.474203e+00  3.072647e+00  7.842000e-01  3.587401e-01  2.077916e+00  8.199330e-01  3.587512e-01
2457831.094390  4.474203e+00  3.072647e+00  7.842000e-01  3.587401e-01  2.077916e+00  8.199330e-01  3.587512e-01
2457832.014650  5.523761e+00  3.070116e+00  7.919497e-01  3.580208e-01  2.074679e+00  8.117997e-01  3.580326e-01
2457832.014650  5.523761e+00  3.070116e+00  7.919497e-01  3.580208e-01  2.074679e+00  8.117997e-01  3.580326e-01
2457832.029180  5.060535e+00  3.070076e+00  7.920720e-01  3.580095e-01  2.074629e+00  8.116712e-01  3.580212e-01
2457832.029180  5.060535e+00  3.070076e+00  7.920720e-01  3.580095e-01  2.074629e+00  8.116712e-01  3.580212e-01
2457832.029180  5.060535e+00  3.070076e+00  7.920720e-01  3.580095e-01  2.074629e+00  8.116712e-01  3.580212e-01
2457833.041110  4.861400e+00  3.067265e+00  8.005866e-01  3.572153e-01  2.071337e+00  8.027133e-01  3.572279e-01
2457833.041110  4.861400e+00  3.067265e+00  8.005866e-01  3.572153e-01  2.071337e+00  8.027133e-01  3.572279e-01
2457834.037320  4.802451e+00  3.064470e+00  8.089615e-01  3.564301e-01  2.068367e+00  7.938851e-01  3.564439e-01
2457834.037320  4.802451e+00  3.064470e+00  8.089615e-01  3.564301e-01  2.068367e+00  7.938851e-01  3.564439e-01
2457834.051810  4.833116e+00  3.064429e+00  8.090833e-01  3.564187e-01  2.068325e+00  7.937567e-01  3.564324e-01
2457834.066180  3.971842e+00  3.064388e+00  8.092040e-01  3.564073e-01  2.068285e+00  7.936293e-01  3.564211e-01
2457834.066180  3.971842e+00  3.064388e+00  8.092040e-01  3.564073e-01  2.068285e+00  7.936293e-01  3.564211e-01
2457834.066180  3.971842e+00  3.064388e+00  8.092040e-01  3.564073e-01  2.068285e+00  7.936293e-01  3.564211e-01
2457834.066180  3.971842e+00  3.064388e+00  8.092040e-01  3.564073e-01  2.068285e+00  7.936293e-01  3.564211e-01
2457835.079580  4.216505e+00  3.061516e+00  8.177158e-01  3.556052e-01  2.065546e+00  7.846443e-01  3.556202e-01
2457835.079580  4.216505e+00  3.061516e+00  8.177158e-01  3.556052e-01  2.065546e+00  7.846443e-01  3.556202e-01
2457838.024600  6.292907e+00  3.053004e+00  8.424079e-01  3.532554e-01  2.059164e+00  7.585584e-01  3.532741e-01
2457838.024600  6.292907e+00  3.053004e+00  8.424079e-01  3.532554e-01  2.059164e+00  7.585584e-01  3.532741e-01
2457838.024600  6.292907e+00  3.053004e+00  8.424079e-01  3.532554e-01  2.059164e+00  7.585584e-01  3.532741e-01
2457838.068810  6.455957e+00  3.052875e+00  8.427781e-01  3.532199e-01  2.059086e+00  7.581675e-01  3.532387e-01
2457838.068810  6.455957e+00  3.052875e+00  8.427781e-01  3.532199e-01  2.059086e+00  7.581675e-01  3.532387e-01
2457838.068810  6.455957e+00  3.052875e+00  8.427781e-01  3.532199e-01  2.059086e+00  7.581675e-01  3.532387e-01
2457839.034170  4.313499e+00  3.050031e+00  8.508573e-01  3.524433e-01  2.057516e+00  7.496420e-01  3.524635e-01
2457839.034170  4.313499e+00  3.050031e+00  8.508573e-01  3.524433e-01  2.057516e+00  7.496420e-01  3.524635e-01
2457839.049310  4.528978e+00  3.049986e+00  8.509840e-01  3.524311e-01  2.057493e+00  7.495084e-01  3.524513e-01
2457843.009550  3.620249e+00  3.038047e+00  8.840505e-01  3.492138e-01  2.053689e+00  7.148020e-01  3.492386e-01
2457843.039060  4.793953e+00  3.037956e+00  8.842965e-01  3.491896e-01  2.053676e+00  7.145455e-01  3.492145e-01
2457843.039060  4.793953e+00  3.037956e+00  8.842965e-01  3.491896e-01  2.053676e+00  7.145455e-01  3.492145e-01
2457846.013970  5.575643e+00  3.028698e+00  9.090519e-01  3.467393e-01  2.053586e+00  6.889070e-01  3.467662e-01
2457846.013970  5.575643e+00  3.028698e+00  9.090519e-01  3.467393e-01  2.053586e+00  6.889070e-01  3.467662e-01
2457846.013970  5.575643e+00  3.028698e+00  9.090519e-01  3.467393e-01  2.053586e+00  6.889070e-01  3.467662e-01
2457846.029370  5.611469e+00  3.028650e+00  9.091799e-01  3.467266e-01  2.053592e+00  6.887755e-01  3.467535e-01
2457846.029370  5.611469e+00  3.028650e+00  9.091799e-01  3.467266e-01  2.053592e+00  6.887755e-01  3.467535e-01
2457846.974880  3.851389e+00  3.025655e+00  9.170324e-01  3.459418e-01  2.054053e+00  6.807302e-01  3.459691e-01
2457846.990230  4.176390e+00  3.025606e+00  9.171598e-01  3.459290e-01  2.054063e+00  6.806000e-01  3.459563e-01
2457847.006050  4.587586e+00  3.025556e+00  9.172911e-01  3.459159e-01  2.054073e+00  6.804659e-01  3.459431e-01
2457847.006050  4.587586e+00  3.025556e+00  9.172911e-01  3.459159e-01  2.054073e+00  6.804659e-01  3.459431e-01
2457847.012850  4.993176e+00  3.025534e+00  9.173476e-01  3.459102e-01  2.054077e+00  6.804082e-01  3.459375e-01
2457847.021370  3.058918e+00  3.025507e+00  9.174183e-01  3.459031e-01  2.054082e+00  6.803360e-01  3.459304e-01
2457847.021370  3.058918e+00  3.025507e+00  9.174183e-01  3.459031e-01  2.054082e+00  6.803360e-01  3.459304e-01
2457847.028680  3.307959e+00  3.025484e+00  9.174790e-01  3.458971e-01  2.054087e+00  6.802740e-01  3.459243e-01
2457847.044000  4.856730e+00  3.025435e+00  9.176062e-01  3.458843e-01  2.054096e+00  6.801442e-01  3.459116e-01
2457849.946530  6.530615e+00  3.016082e+00  9.416627e-01  3.434568e-01  2.057007e+00  6.558303e-01  3.434846e-01
2457849.946530  6.530615e+00  3.016082e+00  9.416627e-01  3.434568e-01  2.057007e+00  6.558303e-01  3.434846e-01
2457849.946530  6.530615e+00  3.016082e+00  9.416627e-01  3.434568e-01  2.057007e+00  6.558303e-01  3.434846e-01
2457849.946530  6.530615e+00  3.016082e+00  9.416627e-01  3.434568e-01  2.057007e+00  6.558303e-01  3.434846e-01
2457849.946530  6.530615e+00  3.016082e+00  9.416627e-01  3.434568e-01  2.057007e+00  6.558303e-01  3.434846e-01
2457849.991920  7.601887e+00  3.015934e+00  9.420384e-01  3.434187e-01  2.057069e+00  6.554550e-01  3.434464e-01
2457849.991920  7.601887e+00  3.015934e+00  9.420384e-01  3.434187e-01  2.057069e+00  6.554550e-01  3.434464e-01
2457850.963980  4.486167e+00  3.012748e+00  9.500783e-01  3.425996e-01  2.058536e+00  6.474548e-01  3.426273e-01
2457851.953250  7.010186e+00  3.009479e+00  9.582522e-01  3.417629e-01  2.060273e+00  6.393918e-01  3.417907e-01
2457851.985660  6.184631e+00  3.009371e+00  9.585198e-01  3.417354e-01  2.060335e+00  6.391290e-01  3.417633e-01
2457852.001890  7.879631e+00  3.009317e+00  9.586538e-01  3.417217e-01  2.060365e+00  6.389975e-01  3.417495e-01
2457852.001890  7.879631e+00  3.009317e+00  9.586538e-01  3.417217e-01  2.060365e+00  6.389975e-01  3.417495e-01
2457852.001890  7.879631e+00  3.009317e+00  9.586538e-01  3.417217e-01  2.060365e+00  6.389975e-01  3.417495e-01
2457858.946540  3.738270e+00  2.985594e+00  1.015783e+00  3.357604e-01  2.079444e+00  5.850181e-01  3.357906e-01
2457859.945690  6.826999e+00  2.982071e+00  1.023966e+00  3.348902e-01  2.083147e+00  5.776760e-01  3.349213e-01
2457859.960230  5.951626e+00  2.982019e+00  1.024085e+00  3.348776e-01  2.083202e+00  5.775701e-01  3.349086e-01
2457859.960230  5.951626e+00  2.982019e+00  1.024085e+00  3.348776e-01  2.083202e+00  5.775701e-01  3.349086e-01
2457859.966990  6.622751e+00  2.981995e+00  1.024140e+00  3.348717e-01  2.083228e+00  5.775208e-01  3.349027e-01
2457859.974790  7.188559e+00  2.981968e+00  1.024204e+00  3.348648e-01  2.083258e+00  5.774640e-01  3.348959e-01
2457859.974790  7.188559e+00  2.981968e+00  1.024204e+00  3.348648e-01  2.083258e+00  5.774640e-01  3.348959e-01
2457859.974790  7.188559e+00  2.981968e+00  1.024204e+00  3.348648e-01  2.083258e+00  5.774640e-01  3.348959e-01
2457859.989860  5.678691e+00  2.981915e+00  1.024327e+00  3.348517e-01  2.083316e+00  5.773542e-01  3.348828e-01
2457862.009060  7.333696e+00  2.974708e+00  1.040834e+00  3.330835e-01  2.091533e+00  5.628966e-01  3.331166e-01
2457862.020990  5.666705e+00  2.974665e+00  1.040931e+00  3.330730e-01  2.091585e+00  5.628127e-01  3.331061e-01
2457863.008060  2.932381e+00  2.971101e+00  1.048986e+00  3.322040e-01  2.095948e+00  5.559352e-01  3.322382e-01
2457863.016430  3.564731e+00  2.971071e+00  1.049054e+00  3.321966e-01  2.095986e+00  5.558775e-01  3.322309e-01
2457865.991200  6.343732e+00  2.960166e+00  1.073271e+00  3.295592e-01  2.110481e+00  5.359537e-01  3.295972e-01
2457865.991200  6.343732e+00  2.960166e+00  1.073271e+00  3.295592e-01  2.110481e+00  5.359537e-01  3.295972e-01
2457865.993270  5.643483e+00  2.960159e+00  1.073288e+00  3.295574e-01  2.110492e+00  5.359403e-01  3.295953e-01
2457866.004000  6.485729e+00  2.960119e+00  1.073375e+00  3.295478e-01  2.110548e+00  5.358707e-01  3.295858e-01
2457866.005990  5.638463e+00  2.960111e+00  1.073391e+00  3.295460e-01  2.110558e+00  5.358578e-01  3.295840e-01
2457869.981890  6.702587e+00  2.945154e+00  1.105619e+00  3.259784e-01  2.132990e+00  5.112735e-01  3.260207e-01
2457869.981890  6.702587e+00  2.945154e+00  1.105619e+00  3.259784e-01  2.132990e+00  5.112735e-01  3.260207e-01
2457869.994690  5.637176e+00  2.945106e+00  1.105722e+00  3.259668e-01  2.133068e+00  5.111984e-01  3.260092e-01
2457879.941360  3.780084e+00  2.905781e+00  1.185619e+00  3.168301e-01  2.203234e+00  4.615364e-01  3.168744e-01
2457879.941360  3.780084e+00  2.905781e+00  1.185619e+00  3.168301e-01  2.203234e+00  4.615364e-01  3.168744e-01
2457886.872290  4.280670e+00  2.876778e+00  1.240643e+00  3.102879e-01  2.262496e+00  4.382905e-01  3.103341e-01
2457886.885400  5.029778e+00  2.876722e+00  1.240747e+00  3.102754e-01  2.262615e+00  4.382561e-01  3.103216e-01
2457887.849340  4.523791e+00  2.872584e+00  1.248355e+00  3.093542e-01  2.271452e+00  4.358303e-01  3.094011e-01
2457887.849340  4.523791e+00  2.872584e+00  1.248355e+00  3.093542e-01  2.271452e+00  4.358303e-01  3.094011e-01
2457887.862940  3.965900e+00  2.872525e+00  1.248463e+00  3.093412e-01  2.271578e+00  4.357976e-01  3.093881e-01
2457887.889080  5.440231e+00  2.872413e+00  1.248669e+00  3.093162e-01  2.271820e+00  4.357347e-01  3.093631e-01
2457897.802060  3.357084e+00  2.828385e+00  1.326256e+00  2.996839e-01  2.369959e+00  4.231480e-01  2.997398e-01
2457897.802060  3.357084e+00  2.828385e+00  1.326256e+00  2.996839e-01  2.369959e+00  4.231480e-01  2.997398e-01
2457897.815440  3.981137e+00  2.828323e+00  1.326360e+00  2.996707e-01  2.370099e+00  4.231467e-01  2.997266e-01
2457897.815440  3.981137e+00  2.828323e+00  1.326360e+00  2.996707e-01  2.370099e+00  4.231467e-01  2.997266e-01
2457897.815440  3.981137e+00  2.828323e+00  1.326360e+00  2.996707e-01  2.370099e+00  4.231467e-01  2.997266e-01
2457897.819010  3.209365e+00  2.828307e+00  1.326387e+00  2.996672e-01  2.370137e+00  4.231464e-01  2.997230e-01
2457897.830040  3.191951e+00  2.828257e+00  1.326473e+00  2.996564e-01  2.370253e+00  4.231454e-01  2.997122e-01
2457897.830040  3.191951e+00  2.828257e+00  1.326473e+00  2.996564e-01  2.370253e+00  4.231454e-01  2.997122e-01
2457897.832510  3.236418e+00  2.828245e+00  1.326492e+00  2.996539e-01  2.370278e+00  4.231452e-01  2.997097e-01
2457897.836010  2.871285e+00  2.828229e+00  1.326519e+00  2.996505e-01  2.370315e+00  4.231449e-01  2.997063e-01
2457898.826540  4.283749e+00  2.823683e+00  1.334205e+00  2.986722e-01  2.380761e+00  4.231815e-01  2.987285e-01
2457902.780860  4.620683e+00  2.805268e+00  1.364759e+00  2.947391e-01  2.423393e+00  4.257731e-01  2.947954e-01
2457902.785810  4.364390e+00  2.805245e+00  1.364797e+00  2.947341e-01  2.423447e+00  4.257788e-01  2.947904e-01
2457902.797240  4.312844e+00  2.805191e+00  1.364885e+00  2.947227e-01  2.423572e+00  4.257921e-01  2.947790e-01
2457902.797240  4.312844e+00  2.805191e+00  1.364885e+00  2.947227e-01  2.423572e+00  4.257921e-01  2.947790e-01
2457902.819630  4.345528e+00  2.805085e+00  1.365057e+00  2.947003e-01  2.423817e+00  4.258181e-01  2.947566e-01
2457902.831610  4.459485e+00  2.805029e+00  1.365150e+00  2.946883e-01  2.423949e+00  4.258321e-01  2.947446e-01
2457907.818090  3.061342e+00  2.781200e+00  1.403383e+00  2.896644e-01  2.479492e+00  4.348617e-01  2.897191e-01
2457907.818090  3.061342e+00  2.781200e+00  1.403383e+00  2.896644e-01  2.479492e+00  4.348617e-01  2.897191e-01
2457907.818090  3.061342e+00  2.781200e+00  1.403383e+00  2.896644e-01  2.479492e+00  4.348617e-01  2.897191e-01
2457909.762600  2.552627e+00  2.771727e+00  1.418201e+00  2.876863e-01  2.501568e+00  4.401342e-01  2.877407e-01
2457909.795980  3.372169e+00  2.771564e+00  1.418455e+00  2.876523e-01  2.501949e+00  4.402333e-01  2.877067e-01
2457910.754060  4.766670e+00  2.766858e+00  1.425737e+00  2.866737e-01  2.512897e+00  4.432044e-01  2.867280e-01
2457910.754060  4.766670e+00  2.766858e+00  1.425737e+00  2.866737e-01  2.512897e+00  4.432044e-01  2.867280e-01
2457910.782520  4.461896e+00  2.766718e+00  1.425953e+00  2.866446e-01  2.513222e+00  4.432963e-01  2.866989e-01
2457910.782520  4.461896e+00  2.766718e+00  1.425953e+00  2.866446e-01  2.513222e+00  4.432963e-01  2.866989e-01
2457911.829030  2.773073e+00  2.761549e+00  1.433892e+00  2.855727e-01  2.525228e+00  4.468258e-01  2.856271e-01
2457914.760380  4.019537e+00  2.746915e+00  1.456048e+00  2.825540e-01  2.559070e+00  4.582561e-01  2.826094e-01
2457914.782300  4.095031e+00  2.746804e+00  1.456213e+00  2.825313e-01  2.559324e+00  4.583502e-01  2.825867e-01
2457914.782300  4.095031e+00  2.746804e+00  1.456213e+00  2.825313e-01  2.559324e+00  4.583502e-01  2.825867e-01
2457916.816460  3.775668e+00  2.736513e+00  1.471516e+00  2.804225e-01  2.582949e+00  4.676388e-01  2.804791e-01
2457916.831200  4.331601e+00  2.736438e+00  1.471627e+00  2.804072e-01  2.583121e+00  4.677101e-01  2.804638e-01
2457916.831200  4.331601e+00  2.736438e+00  1.471627e+00  2.804072e-01  2.583121e+00  4.677101e-01  2.804638e-01
2457916.831200  4.331601e+00  2.736438e+00  1.471627e+00  2.804072e-01  2.583121e+00  4.677101e-01  2.804638e-01
2457918.741630  2.908967e+00  2.726672e+00  1.485945e+00  2.784162e-01  2.605375e+00  4.774507e-01  2.784742e-01
2457918.749060  3.652300e+00  2.726634e+00  1.486000e+00  2.784085e-01  2.605462e+00  4.774905e-01  2.784664e-01
2457918.761110  3.514076e+00  2.726572e+00  1.486090e+00  2.783959e-01  2.605602e+00  4.775551e-01  2.784538e-01
2457918.777590  4.152144e+00  2.726487e+00  1.486214e+00  2.783787e-01  2.605794e+00  4.776435e-01  2.784366e-01
2457920.799650  4.674981e+00  2.716043e+00  1.501309e+00  2.762603e-01  2.629384e+00  4.890433e-01  2.763198e-01
2457920.812070  4.436352e+00  2.715978e+00  1.501402e+00  2.762473e-01  2.629528e+00  4.891167e-01  2.763067e-01
2457920.816580  4.552424e+00  2.715955e+00  1.501435e+00  2.762426e-01  2.629581e+00  4.891434e-01  2.763020e-01
2457920.816580  4.552424e+00  2.715955e+00  1.501435e+00  2.762426e-01  2.629581e+00  4.891434e-01  2.763020e-01
2457920.816580  4.552424e+00  2.715955e+00  1.501435e+00  2.762426e-01  2.629581e+00  4.891434e-01  2.763020e-01
2457920.820580  4.031415e+00  2.715934e+00  1.501465e+00  2.762384e-01  2.629628e+00  4.891671e-01  2.762978e-01
2457920.825100  4.719265e+00  2.715911e+00  1.501499e+00  2.762336e-01  2.629680e+00  4.891938e-01  2.762931e-01
2457920.825100  4.719265e+00  2.715911e+00  1.501499e+00  2.762336e-01  2.629680e+00  4.891938e-01  2.762931e-01
2457920.825100  4.719265e+00  2.715911e+00  1.501499e+00  2.762336e-01  2.629680e+00  4.891938e-01  2.762931e-01
2457924.794180  3.713484e+00  2.695091e+00  1.530953e+00  2.720432e-01  2.675940e+00  5.148181e-01  2.721047e-01
2457924.794180  3.713484e+00  2.695091e+00  1.530953e+00  2.720432e-01  2.675940e+00  5.148181e-01  2.721047e-01
2457924.817350  4.477825e+00  2.694969e+00  1.531124e+00  2.720186e-01  2.676210e+00  5.149802e-01  2.720801e-01
2457927.819040  1.346876e+00  2.678945e+00  1.553242e+00  2.688212e-01  2.711004e+00  5.372267e-01  2.688827e-01
2457931.810420  1.707241e+00  2.657271e+00  1.582437e+00  2.645326e-01  2.756756e+00  5.706124e-01  2.645920e-01
2457931.810420  1.707241e+00  2.657271e+00  1.582437e+00  2.645326e-01  2.756756e+00  5.706124e-01  2.645920e-01
2457939.806670  3.124396e+00  2.612592e+00  1.640172e+00  2.558155e-01  2.845454e+00  6.503839e-01  2.558713e-01
2457939.806670  3.124396e+00  2.612592e+00  1.640172e+00  2.558155e-01  2.845454e+00  6.503839e-01  2.558713e-01
2457939.806670  3.124396e+00  2.612592e+00  1.640172e+00  2.558155e-01  2.845454e+00  6.503839e-01  2.558713e-01
2457940.758050  2.764879e+00  2.607165e+00  1.646972e+00  2.547674e-01  2.855659e+00  6.609986e-01  2.548232e-01
2457940.773700  3.408242e+00  2.607076e+00  1.647084e+00  2.547502e-01  2.855826e+00  6.611752e-01  2.548059e-01
2457942.767310  4.640942e+00  2.595627e+00  1.661285e+00  2.525463e-01  2.876919e+00  6.841875e-01  2.526024e-01
2457942.767310  4.640942e+00  2.595627e+00  1.661285e+00  2.525463e-01  2.876919e+00  6.841875e-01  2.526024e-01
2457942.767310  4.640942e+00  2.595627e+00  1.661285e+00  2.525463e-01  2.876919e+00  6.841875e-01  2.526024e-01
2457944.743860  3.692663e+00  2.584174e+00  1.675300e+00  2.503513e-01  2.897420e+00  7.080115e-01  2.504081e-01
2457944.743860  3.692663e+00  2.584174e+00  1.675300e+00  2.503513e-01  2.897420e+00  7.080115e-01  2.504081e-01
2457944.760430  4.407535e+00  2.584077e+00  1.675417e+00  2.503329e-01  2.897591e+00  7.082154e-01  2.503897e-01
2457944.766350  4.193878e+00  2.584043e+00  1.675459e+00  2.503263e-01  2.897651e+00  7.082883e-01  2.503831e-01
2457944.768820  4.038538e+00  2.584029e+00  1.675476e+00  2.503236e-01  2.897677e+00  7.083187e-01  2.503803e-01
2457944.773820  4.412057e+00  2.583999e+00  1.675512e+00  2.503180e-01  2.897728e+00  7.083803e-01  2.503748e-01
2457945.800340  2.072543e+00  2.578011e+00  1.682764e+00  2.491741e-01  2.908199e+00  7.211536e-01  2.492313e-01
2457949.762510  2.021347e+00  2.554640e+00  1.710588e+00  2.447341e-01  2.947410e+00  7.729411e-01  2.447929e-01
2457949.762510  2.021347e+00  2.554640e+00  1.710588e+00  2.447341e-01  2.947410e+00  7.729411e-01  2.447929e-01
2457949.766460  2.410203e+00  2.554616e+00  1.710615e+00  2.447296e-01  2.947448e+00  7.729947e-01  2.447885e-01
2457949.766460  2.410203e+00  2.554616e+00  1.710615e+00  2.447296e-01  2.947448e+00  7.729947e-01  2.447885e-01
2457949.774980  1.848764e+00  2.554566e+00  1.710675e+00  2.447200e-01  2.947531e+00  7.731103e-01  2.447789e-01
2457949.783590  1.619234e+00  2.554515e+00  1.710735e+00  2.447104e-01  2.947614e+00  7.732271e-01  2.447692e-01
2457949.783590  1.619234e+00  2.554515e+00  1.710735e+00  2.447104e-01  2.947614e+00  7.732271e-01  2.447692e-01
2457951.778610  2.233475e+00  2.542593e+00  1.724642e+00  2.424599e-01  2.966567e+00  8.007870e-01  2.425190e-01
2457951.787540  1.974285e+00  2.542539e+00  1.724704e+00  2.424498e-01  2.966651e+00  8.009125e-01  2.425089e-01
2457953.764520  3.260798e+00  2.530624e+00  1.738417e+00  2.402100e-01  2.984867e+00  8.291848e-01  2.402688e-01
2457953.773480  2.874434e+00  2.530570e+00  1.738479e+00  2.401998e-01  2.984948e+00  8.293151e-01  2.402586e-01
2457955.742300  2.544129e+00  2.518604e+00  1.752066e+00  2.379597e-01  3.002493e+00  8.584081e-01  2.380175e-01
2457959.736600  3.782407e+00  2.494024e+00  1.779419e+00  2.333863e-01  3.036122e+00  9.202226e-01  2.334406e-01
2457959.736600  3.782407e+00  2.494024e+00  1.779419e+00  2.333863e-01  3.036122e+00  9.202226e-01  2.334406e-01
2457959.736600  3.782407e+00  2.494024e+00  1.779419e+00  2.333863e-01  3.036122e+00  9.202226e-01  2.334406e-01
2457959.736600  3.782407e+00  2.494024e+00  1.779419e+00  2.333863e-01  3.036122e+00  9.202226e-01  2.334406e-01
2457959.750200  3.126145e+00  2.493940e+00  1.779511e+00  2.333707e-01  3.036232e+00  9.204393e-01  2.334249e-01
2457961.748210  3.120015e+00  2.481492e+00  1.793085e+00  2.310686e-01  3.051989e+00  9.527264e-01  2.311209e-01
2457961.748210  3.120015e+00  2.481492e+00  1.793085e+00  2.310686e-01  3.051989e+00  9.527264e-01  2.311209e-01
2457961.750650  2.531418e+00  2.481477e+00  1.793101e+00  2.310658e-01  3.052008e+00  9.527664e-01  2.311181e-01
2457961.752620  2.072858e+00  2.481464e+00  1.793115e+00  2.310635e-01  3.052023e+00  9.527986e-01  2.311158e-01
2457961.752620  1.972285e+00  2.481464e+00  1.793115e+00  2.310635e-01  3.052023e+00  9.527986e-01  2.311158e-01
2457961.756530  2.621689e+00  2.481440e+00  1.793141e+00  2.310590e-01  3.052053e+00  9.528627e-01  2.311113e-01
2457961.764380  2.241838e+00  2.481391e+00  1.793194e+00  2.310499e-01  3.052114e+00  9.529913e-01  2.311022e-01
2457961.768280  2.492388e+00  2.481366e+00  1.793221e+00  2.310454e-01  3.052144e+00  9.530552e-01  2.310977e-01
2457969.739960  3.613819e+00  2.430693e+00  1.846638e+00  2.217668e-01  3.107209e+00  1.090369e+00  2.218152e-01
2457969.739960  3.613819e+00  2.430693e+00  1.846638e+00  2.217668e-01  3.107209e+00  1.090369e+00  2.218152e-01
2457970.734360  3.569806e+00  2.424260e+00  1.853218e+00  2.205990e-01  3.113148e+00  1.108395e+00  2.206475e-01
2457970.748950  4.544476e+00  2.424165e+00  1.853314e+00  2.205819e-01  3.113233e+00  1.108661e+00  2.206303e-01
2457970.748950  4.544476e+00  2.424165e+00  1.853314e+00  2.205819e-01  3.113233e+00  1.108661e+00  2.206303e-01
2457971.725440  5.391182e+00  2.417823e+00  1.859756e+00  2.194329e-01  3.118850e+00  1.126548e+00  2.194815e-01
2457971.741490  4.787694e+00  2.417719e+00  1.859862e+00  2.194140e-01  3.118940e+00  1.126843e+00  2.194626e-01
2457971.741490  4.787694e+00  2.417719e+00  1.859862e+00  2.194140e-01  3.118940e+00  1.126843e+00  2.194626e-01
2457971.741490  4.787694e+00  2.417719e+00  1.859862e+00  2.194140e-01  3.118940e+00  1.126843e+00  2.194626e-01
2458220.093360  2.423173e+00  1.836027e-01  2.664646e+00 -1.113320e-01 -7.494027e-01  2.299123e+00 -1.112934e-01
2458220.095190  2.365776e+00  1.835833e-01  2.664644e+00 -1.113344e-01 -7.494111e-01  2.299092e+00 -1.112958e-01
2458220.106190  2.830800e+00  1.834668e-01  2.664632e+00 -1.113490e-01 -7.494617e-01  2.298904e+00 -1.113104e-01
2458220.108020  2.560345e+00  1.834475e-01  2.664630e+00 -1.113514e-01 -7.494701e-01  2.298872e+00 -1.113128e-01
2458234.051880  3.593851e+00  3.562987e-02  2.646053e+00 -1.295979e-01 -7.879349e-01  2.068511e+00 -1.295547e-01
2458234.051880  3.593851e+00  3.562987e-02  2.646053e+00 -1.295979e-01 -7.879349e-01  2.068511e+00 -1.295547e-01
2458234.059230  4.616521e+00  3.555189e-02  2.646041e+00 -1.296075e-01 -7.879423e-01  2.068395e+00 -1.295642e-01
2458234.060640  4.194750e+00  3.553693e-02  2.646038e+00 -1.296093e-01 -7.879437e-01  2.068373e+00 -1.295660e-01
2458234.060640  4.194750e+00  3.553693e-02  2.646038e+00 -1.296093e-01 -7.879437e-01  2.068373e+00 -1.295660e-01
2458234.060640  4.194750e+00  3.553693e-02  2.646038e+00 -1.296093e-01 -7.879437e-01  2.068373e+00 -1.295660e-01
2458246.045420  3.234757e+00 -9.161464e-02  2.623532e+00 -1.449740e-01 -7.838255e-01  1.889473e+00 -1.449248e-01
2458246.055480  3.913621e+00 -9.172132e-02  2.623511e+00 -1.449867e-01 -7.838091e-01  1.889332e+00 -1.449375e-01
2458246.055480  3.913621e+00 -9.172132e-02  2.623511e+00 -1.449867e-01 -7.838091e-01  1.889332e+00 -1.449375e-01
2458246.075860  3.617858e+00 -9.193744e-02  2.623467e+00 -1.450126e-01 -7.837759e-01  1.889047e+00 -1.449634e-01
2458263.094670  2.110519e+00 -2.720494e-01  2.580926e+00 -1.662362e-01 -7.298069e-01  1.677697e+00 -1.661851e-01
2458263.105740  2.789478e+00 -2.721662e-01  2.580894e+00 -1.662498e-01 -7.297569e-01  1.677578e+00 -1.661987e-01
2458265.031060  1.365504e+00 -2.924752e-01  2.575292e+00 -1.686021e-01 -7.208254e-01  1.657373e+00 -1.685512e-01
2458265.042780  1.867341e+00 -2.925988e-01  2.575257e+00 -1.686164e-01 -7.207696e-01  1.657253e+00 -1.685655e-01
2458265.042780  1.867341e+00 -2.925988e-01  2.575257e+00 -1.686164e-01 -7.207696e-01  1.657253e+00 -1.685655e-01
2458265.054360  1.797858e+00 -2.927209e-01  2.575223e+00 -1.686305e-01 -7.207144e-01  1.657134e+00 -1.685796e-01
2458277.087950  2.241846e+00 -4.191849e-01  2.536536e+00 -1.830853e-01 -6.554614e-01  1.549586e+00 -1.830285e-01
2458277.088880  1.929305e+00 -4.191946e-01  2.536532e+00 -1.830864e-01 -6.554558e-01  1.549579e+00 -1.830296e-01
2458277.098160  2.657986e+00 -4.192918e-01  2.536500e+00 -1.830974e-01 -6.554003e-01  1.549509e+00 -1.830406e-01
2458277.099550  2.832339e+00 -4.193063e-01  2.536495e+00 -1.830991e-01 -6.553920e-01  1.549498e+00 -1.830422e-01
2458281.082590  2.838963e+00 -4.609499e-01  2.522292e+00 -1.877847e-01 -6.310140e-01  1.521294e+00 -1.877274e-01
2458281.082590  2.838963e+00 -4.609499e-01  2.522292e+00 -1.877847e-01 -6.310140e-01  1.521294e+00 -1.877274e-01
2458285.053240  2.868242e+00 -5.023371e-01  2.507439e+00 -1.924041e-01 -6.058089e-01  1.496971e+00 -1.923488e-01
2458285.064070  2.240612e+00 -5.024498e-01  2.507398e+00 -1.924166e-01 -6.057392e-01  1.496910e+00 -1.923613e-01
2458285.074920  2.372015e+00 -5.025627e-01  2.507356e+00 -1.924291e-01 -6.056693e-01  1.496849e+00 -1.923739e-01
2458285.074920  2.372015e+00 -5.025627e-01  2.507356e+00 -1.924291e-01 -6.056693e-01  1.496849e+00 -1.923739e-01
2458285.085790  2.474391e+00 -5.026758e-01  2.507315e+00 -1.924417e-01 -6.055994e-01  1.496788e+00 -1.923864e-01
2458291.029810  5.282488e+00 -5.643663e-01  2.483775e+00 -1.992562e-01 -5.668517e-01  1.467578e+00 -1.992049e-01
2458291.040370  3.441896e+00 -5.644756e-01  2.483732e+00 -1.992682e-01 -5.667823e-01  1.467534e+00 -1.992169e-01
2458293.024040  2.059396e+00 -5.849864e-01  2.475529e+00 -2.015148e-01 -5.537315e-01  1.459698e+00 -2.014641e-01
2458293.045620  3.581468e+00 -5.852093e-01  2.475438e+00 -2.015392e-01 -5.535894e-01  1.459618e+00 -2.014884e-01
2458293.045620  3.581468e+00 -5.852093e-01  2.475438e+00 -2.015392e-01 -5.535894e-01  1.459618e+00 -2.014884e-01
2458293.045620  3.581468e+00 -5.852093e-01  2.475438e+00 -2.015392e-01 -5.535894e-01  1.459618e+00 -2.014884e-01
2458293.960750  2.615675e+00 -5.946576e-01  2.471595e+00 -2.025707e-01 -5.475661e-01  1.456328e+00 -2.025201e-01
2458293.960750  2.615675e+00 -5.946576e-01  2.471595e+00 -2.025707e-01 -5.475661e-01  1.456328e+00 -2.025201e-01
2458293.960750  2.615675e+00 -5.946576e-01  2.471595e+00 -2.025707e-01 -5.475661e-01  1.456328e+00 -2.025201e-01
2458294.980600  4.721218e+00 -6.051767e-01  2.467268e+00 -2.037168e-01 -5.408572e-01  1.452899e+00 -2.036661e-01
2458295.000840  4.145580e+00 -6.053853e-01  2.467181e+00 -2.037395e-01 -5.407241e-01  1.452833e+00 -2.036889e-01
2458295.919060  5.125336e+00 -6.148463e-01  2.463245e+00 -2.047681e-01 -5.346908e-01  1.449964e+00 -2.047173e-01
2458295.919060  5.125336e+00 -6.148463e-01  2.463245e+00 -2.047681e-01 -5.346908e-01  1.449964e+00 -2.047173e-01
2458301.025800  4.612280e+00 -6.672902e-01  2.440677e+00 -2.104315e-01 -5.014108e-01  1.437689e+00 -2.103789e-01
2458301.025800  4.612280e+00 -6.672902e-01  2.440677e+00 -2.104315e-01 -5.014108e-01  1.437689e+00 -2.103789e-01
2458301.025800  4.612280e+00 -6.672902e-01  2.440677e+00 -2.104315e-01 -5.014108e-01  1.437689e+00 -2.103789e-01
2458301.036350  4.910077e+00 -6.673982e-01  2.440629e+00 -2.104431e-01 -5.013427e-01  1.437670e+00 -2.103905e-01
2458301.036350  4.910077e+00 -6.673982e-01  2.440629e+00 -2.104431e-01 -5.013427e-01  1.437670e+00 -2.103905e-01
2458307.032140  4.398659e+00 -7.285676e-01  2.412660e+00 -2.169652e-01 -4.634327e-01  1.431163e+00 -2.169120e-01
2458316.975110  5.991651e+00 -8.289282e-01  2.362783e+00 -2.274639e-01 -4.058077e-01  1.438689e+00 -2.274191e-01
2458320.949960  4.899465e+00 -8.686336e-01  2.341627e+00 -2.315453e-01 -3.854404e-01  1.447802e+00 -2.315029e-01
2458320.970700  4.726674e+00 -8.688401e-01  2.341515e+00 -2.315664e-01 -3.853390e-01  1.447858e+00 -2.315240e-01
2458322.966310  5.684794e+00 -8.886776e-01  2.330629e+00 -2.335895e-01 -3.758245e-01  1.453685e+00 -2.335475e-01
2458322.966310  5.684794e+00 -8.886776e-01  2.330629e+00 -2.335895e-01 -3.758245e-01  1.453685e+00 -2.335475e-01
2458322.966310  5.684794e+00 -8.886776e-01  2.330629e+00 -2.335895e-01 -3.758245e-01  1.453685e+00 -2.335475e-01
2458323.848290  5.761230e+00 -8.974239e-01  2.325763e+00 -2.344781e-01 -3.717808e-01  1.456518e+00 -2.344362e-01
2458323.848290  5.761230e+00 -8.974239e-01  2.325763e+00 -2.344781e-01 -3.717808e-01  1.456518e+00 -2.344362e-01
2458323.848290  5.761230e+00 -8.974239e-01  2.325763e+00 -2.344781e-01 -3.717808e-01  1.456518e+00 -2.344362e-01
2458328.921470  6.309466e+00 -9.474725e-01  2.297109e+00 -2.395219e-01 -3.505842e-01  1.475784e+00 -2.394794e-01
2458329.941640  3.058404e+00 -9.574817e-01  2.291211e+00 -2.405221e-01 -3.467717e-01  1.480252e+00 -2.404796e-01
2458329.941640  3.058404e+00 -9.574817e-01  2.291211e+00 -2.405221e-01 -3.467717e-01  1.480252e+00 -2.404796e-01
2458329.949040  4.087956e+00 -9.575542e-01  2.291168e+00 -2.405293e-01 -3.467446e-01  1.480285e+00 -2.404868e-01
2458329.949040  4.087956e+00 -9.575542e-01  2.291168e+00 -2.405293e-01 -3.467446e-01  1.480285e+00 -2.404868e-01
2458329.955980  2.610459e+00 -9.576222e-01  2.291127e+00 -2.405361e-01 -3.467193e-01  1.480316e+00 -2.404936e-01
2458329.955980  2.610459e+00 -9.576222e-01  2.291127e+00 -2.405361e-01 -3.467193e-01  1.480316e+00 -2.404936e-01
2458329.955980  2.610459e+00 -9.576222e-01  2.291127e+00 -2.405361e-01 -3.467193e-01  1.480316e+00 -2.404936e-01
2458329.955980  2.337313e+00 -9.576222e-01  2.291127e+00 -2.405361e-01 -3.467193e-01  1.480316e+00 -2.404936e-01
2458329.955980  2.337313e+00 -9.576222e-01  2.291127e+00 -2.405361e-01 -3.467193e-01  1.480316e+00 -2.404936e-01
2458329.963350  2.956162e+00 -9.576945e-01  2.291085e+00 -2.405433e-01 -3.466923e-01  1.480349e+00 -2.405008e-01
2458340.903470  5.535959e+00 -1.063785e+00  2.224976e+00 -2.509626e-01 -3.166323e-01  1.539837e+00 -2.509275e-01
2458340.935380  6.043384e+00 -1.064091e+00  2.224776e+00 -2.509921e-01 -3.165760e-01  1.540039e+00 -2.509571e-01
2458360.863870  4.248182e+00 -1.250766e+00  2.091084e+00 -2.684448e-01 -3.234262e-01  1.691562e+00 -2.684202e-01
2458360.884230  4.229456e+00 -1.250952e+00  2.090938e+00 -2.684616e-01 -3.234792e-01  1.691737e+00 -2.684370e-01
2458362.849840  3.881453e+00 -1.268852e+00  2.076838e+00 -2.700700e-01 -3.290657e-01  1.708777e+00 -2.700469e-01
2458362.849840  3.881453e+00 -1.268852e+00  2.076838e+00 -2.700700e-01 -3.290657e-01  1.708777e+00 -2.700469e-01
2458362.849840  3.881453e+00 -1.268852e+00  2.076838e+00 -2.700700e-01 -3.290657e-01  1.708777e+00 -2.700469e-01
2458362.860140  3.371600e+00 -1.268945e+00  2.076763e+00 -2.700784e-01 -3.290974e-01  1.708867e+00 -2.700553e-01
2458362.870030  3.932568e+00 -1.269035e+00  2.076692e+00 -2.700864e-01 -3.291279e-01  1.708954e+00 -2.700633e-01
2458362.870030  3.932568e+00 -1.269035e+00  2.076692e+00 -2.700864e-01 -3.291279e-01  1.708954e+00 -2.700633e-01
2458362.880500  4.020858e+00 -1.269130e+00  2.076616e+00 -2.700950e-01 -3.291602e-01  1.709045e+00 -2.700719e-01
2458370.831380  2.437899e+00 -1.340501e+00  2.017925e+00 -2.763832e-01 -3.615794e-01  1.780213e+00 -2.763703e-01
2458370.831380  2.437899e+00 -1.340501e+00  2.017925e+00 -2.763832e-01 -3.615794e-01  1.780213e+00 -2.763703e-01
2458370.831380  2.437899e+00 -1.340501e+00  2.017925e+00 -2.763832e-01 -3.615794e-01  1.780213e+00 -2.763703e-01
2458370.831380  2.437899e+00 -1.340501e+00  2.017925e+00 -2.763832e-01 -3.615794e-01  1.780213e+00 -2.763703e-01
2458370.841900  2.740694e+00 -1.340594e+00  2.017845e+00 -2.763913e-01 -3.616329e-01  1.780309e+00 -2.763784e-01
2458370.851760  2.999869e+00 -1.340681e+00  2.017771e+00 -2.763989e-01 -3.616831e-01  1.780399e+00 -2.763859e-01
2458370.862180  2.802505e+00 -1.340774e+00  2.017692e+00 -2.764069e-01 -3.617362e-01  1.780494e+00 -2.763940e-01
2458370.862180  2.802505e+00 -1.340774e+00  2.017692e+00 -2.764069e-01 -3.617362e-01  1.780494e+00 -2.763940e-01
2458381.788450  2.792957e+00 -1.435998e+00  1.932785e+00 -2.844621e-01 -4.329404e-01  1.880669e+00 -2.844559e-01
2458381.788450  2.792957e+00 -1.435998e+00  1.932785e+00 -2.844621e-01 -4.329404e-01  1.880669e+00 -2.844559e-01
2458381.797280  3.894953e+00 -1.436073e+00  1.932715e+00 -2.844683e-01 -4.330106e-01  1.880750e+00 -2.844622e-01
2458381.797280  3.177622e+00 -1.436073e+00  1.932715e+00 -2.844683e-01 -4.330106e-01  1.880750e+00 -2.844622e-01
2458381.797280  3.177622e+00 -1.436073e+00  1.932715e+00 -2.844683e-01 -4.330106e-01  1.880750e+00 -2.844622e-01
2458381.797280  3.177622e+00 -1.436073e+00  1.932715e+00 -2.844683e-01 -4.330106e-01  1.880750e+00 -2.844622e-01
2458381.797280  3.177622e+00 -1.436073e+00  1.932715e+00 -2.844683e-01 -4.330106e-01  1.880750e+00 -2.844622e-01
2458382.824670  2.329854e+00 -1.444848e+00  1.924482e+00 -2.851899e-01 -4.413165e-01  1.890106e+00 -2.851839e-01
2458382.834510  2.624044e+00 -1.444932e+00  1.924403e+00 -2.851968e-01 -4.413974e-01  1.890196e+00 -2.851908e-01
2458382.844370  3.155102e+00 -1.445016e+00  1.924324e+00 -2.852037e-01 -4.414785e-01  1.890285e+00 -2.851977e-01
2458383.798500  4.183319e+00 -1.453137e+00  1.916640e+00 -2.858681e-01 -4.494450e-01  1.898945e+00 -2.858623e-01
2458383.812390  4.711734e+00 -1.453255e+00  1.916528e+00 -2.858777e-01 -4.495627e-01  1.899071e+00 -2.858719e-01
2458384.809820  5.473566e+00 -1.461713e+00  1.908456e+00 -2.865664e-01 -4.581496e-01  1.908088e+00 -2.865608e-01
2458384.809820  5.473566e+00 -1.461713e+00  1.908456e+00 -2.865664e-01 -4.581496e-01  1.908088e+00 -2.865608e-01
2458384.809820  1.894394e+00 -1.461713e+00  1.908456e+00 -2.865664e-01 -4.581496e-01  1.908088e+00 -2.865608e-01
2458384.825690  2.934531e+00 -1.461848e+00  1.908327e+00 -2.865773e-01 -4.582883e-01  1.908231e+00 -2.865718e-01
2458384.833760  2.738882e+00 -1.461916e+00  1.908261e+00 -2.865829e-01 -4.583588e-01  1.908304e+00 -2.865773e-01
2458384.833760  2.738882e+00 -1.461916e+00  1.908261e+00 -2.865829e-01 -4.583588e-01  1.908304e+00 -2.865773e-01
2458384.833760  2.738882e+00 -1.461916e+00  1.908261e+00 -2.865829e-01 -4.583588e-01  1.908304e+00 -2.865773e-01
2458385.842200  2.620020e+00 -1.470437e+00  1.900059e+00 -2.872730e-01 -4.673117e-01  1.917379e+00 -2.872677e-01
2458387.765960  3.306345e+00 -1.486605e+00  1.884299e+00 -2.885725e-01 -4.851288e-01  1.934561e+00 -2.885682e-01
2458387.775530  3.340327e+00 -1.486685e+00  1.884220e+00 -2.885789e-01 -4.852198e-01  1.934646e+00 -2.885746e-01
2458387.785040  3.158127e+00 -1.486764e+00  1.884142e+00 -2.885853e-01 -4.853103e-01  1.934731e+00 -2.885810e-01
2458387.785040  3.158127e+00 -1.486764e+00  1.884142e+00 -2.885853e-01 -4.853103e-01  1.934731e+00 -2.885810e-01
2458387.793430  3.700543e+00 -1.486835e+00  1.884073e+00 -2.885909e-01 -4.853902e-01  1.934805e+00 -2.885866e-01
2458387.793430  3.700543e+00 -1.486835e+00  1.884073e+00 -2.885909e-01 -4.853902e-01  1.934805e+00 -2.885866e-01
2458390.814050  2.511571e+00 -1.511985e+00  1.859030e+00 -2.905856e-01 -5.153383e-01  1.961365e+00 -2.905838e-01
2458390.814050  1.435970e+00 -1.511985e+00  1.859030e+00 -2.905856e-01 -5.153383e-01  1.961365e+00 -2.905838e-01
2458390.814050  1.435970e+00 -1.511985e+00  1.859030e+00 -2.905856e-01 -5.153383e-01  1.961365e+00 -2.905838e-01
2458390.823910  2.741495e+00 -1.512067e+00  1.858948e+00 -2.905921e-01 -5.154400e-01  1.961450e+00 -2.905903e-01
2458396.781540  1.737353e+00 -1.560813e+00  1.808510e+00 -2.943619e-01 -5.814828e-01  2.011889e+00 -2.943679e-01
2458396.801130  3.897353e+00 -1.560971e+00  1.808342e+00 -2.943739e-01 -5.817151e-01  2.012049e+00 -2.943800e-01
2458406.771720  1.766455e+00 -1.639891e+00  1.720890e+00 -3.001835e-01 -7.125988e-01  2.088143e+00 -3.001975e-01
2458406.781500  1.459962e+00 -1.639967e+00  1.720803e+00 -3.001889e-01 -7.127393e-01  2.088211e+00 -3.002029e-01
2458406.791370  1.654935e+00 -1.640043e+00  1.720714e+00 -3.001943e-01 -7.128811e-01  2.088280e+00 -3.002083e-01
2458406.791370  1.654935e+00 -1.640043e+00  1.720714e+00 -3.001943e-01 -7.128811e-01  2.088280e+00 -3.002083e-01
1 1
2 1