90 0.5 100 1 period_start period_step period_end fixed/free
0.0				initial epoch
0.0				initial rotation angle      
0.1				convexity weight      
6 6				degree and order of spherical harmonics      
6				number of rows        
0.5	1			scattering parameters
0.1	1
-0.5	1     
0.1	0			LS coeff                 
50				iteration stop condidion
10				minimum number of iterations (only if the above value < 1)
5				Alamda multiplicative factor
0.1				Alamda initial value
1
500 0 0.1 1998.3-2011.1 V LOWELL
2450874.015183 4.487454e+02 2.305127e+00 1.959733e+00 -3.391783e-01 1.369686e+00 2.286507e+00 -3.391694e-01
2450876.010799 5.754399e+02 2.290047e+00 1.972642e+00 -3.387255e-01 1.343293e+00 2.266683e+00 -3.387175e-01
2450882.994531 3.311311e+02 2.236521e+00 2.017162e+00 -3.370294e-01 1.259257e+00 2.194115e+00 -3.370242e-01
2450884.990020 4.655861e+02 2.221013e+00 2.029693e+00 -3.365127e-01 1.237662e+00 2.172634e+00 -3.365083e-01
2450888.980701 4.405549e+02 2.189718e+00 2.054491e+00 -3.354364e-01 1.197740e+00 2.128940e+00 -3.354338e-01
2450893.967711 4.528976e+02 2.150084e+00 2.084988e+00 -3.340109e-01 1.153997e+00 2.073382e+00 -3.340104e-01
2450896.960074 5.248075e+02 2.126022e+00 2.103020e+00 -3.331124e-01 1.131031e+00 2.039779e+00 -3.331132e-01
2450908.927551 4.528976e+02 2.027742e+00 2.173061e+00 -3.291946e-01 1.063517e+00 1.906364e+00 -3.292004e-01
2450912.916776 4.698941e+02 1.994263e+00 2.195650e+00 -3.277728e-01 1.049467e+00 1.863223e+00 -3.277803e-01
2450921.890534 5.597576e+02 1.917670e+00 2.245032e+00 -3.243623e-01 1.032564e+00 1.770885e+00 -3.243733e-01
2450923.884073 5.495409e+02 1.900417e+00 2.255727e+00 -3.235646e-01 1.031458e+00 1.751500e+00 -3.235764e-01
2450932.856763 5.546257e+02 1.821707e+00 2.302599e+00 -3.197939e-01 1.037582e+00 1.670689e+00 -3.198090e-01
2450943.821105 7.447320e+02 1.723239e+00 2.356980e+00 -3.147847e-01 1.067324e+00 1.589274e+00 -3.148032e-01
2450951.795987 6.606934e+02 1.650097e+00 2.394459e+00 -3.108636e-01 1.101927e+00 1.544376e+00 -3.108842e-01
2450957.776277 6.546362e+02 1.594434e+00 2.421384e+00 -3.077699e-01 1.133710e+00 1.519587e+00 -3.077918e-01
2450968.740053 6.081350e+02 1.490630e+00 2.468044e+00 -3.017567e-01 1.201721e+00 1.495583e+00 -3.017806e-01
2450975.717204 4.742420e+02 1.423426e+00 2.495872e+00 -2.977003e-01 1.249359e+00 1.495548e+00 -2.977249e-01
2450979.704869 5.296634e+02 1.384634e+00 2.511109e+00 -2.953020e-01 1.277381e+00 1.501020e+00 -2.953269e-01
2450980.702085 4.875285e+02 1.374890e+00 2.514842e+00 -2.946932e-01 1.284433e+00 1.503019e+00 -2.947182e-01
2450984.689316 4.168694e+02 1.335764e+00 2.529458e+00 -2.922228e-01 1.312668e+00 1.513543e+00 -2.922479e-01
2450990.671910 4.325138e+02 1.276566e+00 2.550448e+00 -2.884077e-01 1.354641e+00 1.536931e+00 -2.884328e-01
2450993.662499 4.446313e+02 1.246758e+00 2.560512e+00 -2.864520e-01 1.375175e+00 1.552028e+00 -2.864769e-01
2450997.650219 4.168694e+02 1.206794e+00 2.573480e+00 -2.837939e-01 1.401813e+00 1.575656e+00 -2.838187e-01
2451376.970998 4.055085e+02 -2.392905e+00 1.103709e+00 1.366988e-01 -1.971922e+00 1.786133e-01 1.366779e-01
2451377.968527 5.296634e+02 -2.398077e+00 1.093707e+00 1.378444e-01 -1.961812e+00 1.757838e-01 1.378237e-01
2451398.912850 4.325138e+02 -2.497729e+00 8.798857e-01 1.613668e-01 -1.775194e+00 1.683959e-01 1.613504e-01
2451401.904208 5.058247e+02 -2.510555e+00 8.488050e-01 1.646386e-01 -1.753683e+00 1.746795e-01 1.646230e-01
2451402.901435 5.011872e+02 -2.514752e+00 8.384165e-01 1.657241e-01 -1.746856e+00 1.771326e-01 1.657088e-01
2451403.898750 5.011872e+02 -2.518910e+00 8.280148e-01 1.668071e-01 -1.740206e+00 1.797607e-01 1.667920e-01
2451408.883402 6.367955e+02 -2.539092e+00 7.758506e-01 1.721790e-01 -1.709735e+00 1.953945e-01 1.721654e-01
2451411.874243 6.309573e+02 -2.550726e+00 7.444030e-01 1.753702e-01 -1.693774e+00 2.066316e-01 1.753575e-01
2451416.858882 6.137620e+02 -2.569322e+00 6.917586e-01 1.806341e-01 -1.671281e+00 2.281274e-01 1.806229e-01
2451426.827693 7.244360e+02 -2.603527e+00 5.856805e-01 1.909506e-01 -1.642756e+00 2.796829e-01 1.909425e-01
2451428.821267 6.606934e+02 -2.609889e+00 5.643515e-01 1.929790e-01 -1.639821e+00 2.910760e-01 1.929716e-01
2451448.756458 5.970353e+02 -2.664695e+00 3.494044e-01 2.125950e-01 -1.664377e+00 4.142886e-01 2.125941e-01
2451463.710412 5.199960e+02 -2.695311e+00 1.867171e-01 2.264763e-01 -1.748430e+00 5.024338e-01 2.264805e-01
2451464.706921 5.248075e+02 -2.697032e+00 1.758462e-01 2.273751e-01 -1.755994e+00 5.077155e-01 2.273796e-01
2451465.703329 5.296634e+02 -2.698714e+00 1.649737e-01 2.282704e-01 -1.763796e+00 5.128959e-01 2.282752e-01
2451467.697912 4.965923e+02 -2.701962e+00 1.432016e-01 2.300526e-01 -1.780124e+00 5.229440e-01 2.300580e-01
2451468.694936 5.011872e+02 -2.703525e+00 1.323150e-01 2.309383e-01 -1.788637e+00 5.277965e-01 2.309441e-01
2451470.689033 5.152286e+02 -2.706534e+00 1.105350e-01 2.326998e-01 -1.806359e+00 5.371385e-01 2.327062e-01
2451474.676812 4.920395e+02 -2.712076e+00 6.695915e-02 2.361815e-01 -1.844522e+00 5.542400e-01 2.361891e-01
2451476.671206 4.613176e+02 -2.714611e+00 4.515813e-02 2.379022e-01 -1.864935e+00 5.619309e-01 2.379104e-01
2451480.660373 4.446313e+02 -2.719204e+00 1.567820e-03 2.413011e-01 -1.908318e+00 5.754385e-01 2.413104e-01
2451481.657136 4.920395e+02 -2.720253e+00 -9.324870e-03 2.421417e-01 -1.919675e+00 5.783931e-01 2.421513e-01
2451482.654257 5.011872e+02 -2.721264e+00 -2.022156e-02 2.429790e-01 -1.931237e+00 5.811723e-01 2.429890e-01
2451483.651617 4.207266e+02 -2.722236e+00 -3.112077e-02 2.438131e-01 -1.943001e+00 5.837713e-01 2.438233e-01
2451485.646036 4.742420e+02 -2.724061e+00 -5.291501e-02 2.454706e-01 -1.967106e+00 5.884103e-01 2.454813e-01
2451488.638759 4.130475e+02 -2.726507e+00 -8.561378e-02 2.479312e-01 -2.004687e+00 5.939154e-01 2.479427e-01
2451492.627740 4.365158e+02 -2.729221e+00 -1.291828e-01 2.511613e-01 -2.057269e+00 5.983766e-01 2.511738e-01
2451493.624904 4.405549e+02 -2.729802e+00 -1.400704e-01 2.519598e-01 -2.070834e+00 5.989539e-01 2.519726e-01
2451494.622197 4.487454e+02 -2.730344e+00 -1.509577e-01 2.527549e-01 -2.084561e+00 5.993090e-01 2.527679e-01
2451503.599954 4.613176e+02 -2.733487e+00 -2.488609e-01 2.597502e-01 -2.214733e+00 5.919566e-01 2.597651e-01
2451504.597613 3.908409e+02 -2.733643e+00 -2.597259e-01 2.605094e-01 -2.229856e+00 5.899109e-01 2.605245e-01
2451512.578071 4.325138e+02 -2.733519e+00 -3.465015e-01 2.664507e-01 -2.354599e+00 5.641154e-01 2.664671e-01
2451517.566759 4.246196e+02 -2.732205e+00 -4.005699e-01 2.700433e-01 -2.435278e+00 5.391637e-01 2.700604e-01
2451522.555394 4.130475e+02 -2.729950e+00 -4.545008e-01 2.735428e-01 -2.517298e+00 5.071235e-01 2.735605e-01
2451525.549248 4.698941e+02 -2.728148e+00 -4.867960e-01 2.755982e-01 -2.566900e+00 4.844177e-01 2.756161e-01
2451813.011901 4.920395e+02 -1.324807e+00 -2.914143e+00 3.170929e-01 -3.232456e-01 -2.866422e+00 3.170929e-01
2451817.002268 4.742420e+02 -1.293446e+00 -2.934733e+00 3.157080e-01 -2.986101e-01 -2.818862e+00 3.157091e-01
2451822.987682 5.445027e+02 -1.246069e+00 -2.964845e+00 3.135468e-01 -2.700552e-01 -2.747868e+00 3.135498e-01
2451826.977587 5.248075e+02 -1.214272e+00 -2.984403e+00 3.120509e-01 -2.565632e-01 -2.701239e+00 3.120551e-01
2451831.964379 5.546257e+02 -1.174296e+00 -3.008266e+00 3.101200e-01 -2.458220e-01 -2.644296e+00 3.101256e-01
2451837.948727 4.830588e+02 -1.125995e+00 -3.036049e+00 3.077140e-01 -2.416716e-01 -2.578724e+00 3.077214e-01
2451856.894323 6.081350e+02 -9.708527e-01 -3.117847e+00 2.994790e-01 -2.861931e-01 -2.401918e+00 2.994911e-01
2451857.891154 6.081350e+02 -9.626050e-01 -3.121891e+00 2.990202e-01 -2.907225e-01 -2.394282e+00 2.990325e-01
2451863.872050 5.395106e+02 -9.129575e-01 -3.145612e+00 2.962151e-01 -3.218728e-01 -2.352671e+00 2.962287e-01
2451864.869021 5.861382e+02 -9.046554e-01 -3.149475e+00 2.957389e-01 -3.276917e-01 -2.346468e+00 2.957526e-01
2451866.862548 6.367955e+02 -8.880329e-01 -3.157122e+00 2.947792e-01 -3.398275e-01 -2.334723e+00 2.947933e-01
2451867.859595 5.807644e+02 -8.797085e-01 -3.160908e+00 2.942956e-01 -3.461390e-01 -2.329184e+00 2.943098e-01
2451868.856619 6.309573e+02 -8.713773e-01 -3.164667e+00 2.938095e-01 -3.526060e-01 -2.323873e+00 2.938239e-01
2451869.852473 6.918310e+02 -8.630489e-01 -3.168397e+00 2.933216e-01 -3.592165e-01 -2.318798e+00 2.933362e-01
2451872.843243 6.251727e+02 -8.379958e-01 -3.179441e+00 2.918418e-01 -3.799323e-01 -2.304967e+00 2.918569e-01
2451873.839970 6.854882e+02 -8.296329e-01 -3.183070e+00 2.913438e-01 -3.871089e-01 -2.300836e+00 2.913590e-01
2451874.836936 6.854882e+02 -8.212615e-01 -3.186674e+00 2.908433e-01 -3.944160e-01 -2.296949e+00 2.908587e-01
2451875.833309 6.194411e+02 -8.128886e-01 -3.190250e+00 2.903408e-01 -4.018429e-01 -2.293310e+00 2.903562e-01
2451877.826501 6.792036e+02 -7.961197e-01 -3.197325e+00 2.893283e-01 -4.170532e-01 -2.286779e+00 2.893440e-01
2451878.823560 7.447320e+02 -7.877199e-01 -3.200826e+00 2.888182e-01 -4.248271e-01 -2.283890e+00 2.888341e-01
2451879.820827 6.792036e+02 -7.793084e-01 -3.204301e+00 2.883058e-01 -4.327040e-01 -2.281256e+00 2.883218e-01
2451883.807097 8.165824e+02 -7.456255e-01 -3.217933e+00 2.862343e-01 -4.651420e-01 -2.273319e+00 2.862506e-01
2451884.803655 8.165824e+02 -7.371902e-01 -3.221276e+00 2.857106e-01 -4.734648e-01 -2.271991e+00 2.857270e-01
2451893.773639 7.585776e+02 -6.610165e-01 -3.250202e+00 2.808935e-01 -5.511534e-01 -2.272157e+00 2.809106e-01
2451894.770310 6.982324e+02 -6.525265e-01 -3.253286e+00 2.803470e-01 -5.599991e-01 -2.273542e+00 2.803641e-01
2451895.767329 6.982324e+02 -6.440286e-01 -3.256346e+00 2.797980e-01 -5.688715e-01 -2.275204e+00 2.798152e-01
2451896.763306 7.046931e+02 -6.355346e-01 -3.259377e+00 2.792473e-01 -5.777529e-01 -2.277141e+00 2.792645e-01
2451897.760211 6.486344e+02 -6.270280e-01 -3.262385e+00 2.786939e-01 -5.866556e-01 -2.279357e+00 2.787112e-01
2451902.743563 7.311391e+02 -5.844350e-01 -3.277032e+00 2.758944e-01 -6.311678e-01 -2.294601e+00 2.759117e-01
2451905.733944 6.792036e+02 -5.588229e-01 -3.285513e+00 2.741883e-01 -6.576948e-01 -2.307082e+00 2.742055e-01
2451907.727423 6.309573e+02 -5.417281e-01 -3.291037e+00 2.730400e-01 -6.752136e-01 -2.316785e+00 2.730572e-01
2451913.708674 6.025596e+02 -4.903428e-01 -3.306994e+00 2.695435e-01 -7.265217e-01 -2.352485e+00 2.695604e-01
2451927.665242 5.248075e+02 -3.698744e-01 -3.340628e+00 2.610912e-01 -8.335486e-01 -2.472875e+00 2.611067e-01
2451930.655702 5.395106e+02 -3.439876e-01 -3.347181e+00 2.592283e-01 -8.532126e-01 -2.505060e+00 2.592433e-01
2451931.652969 4.965923e+02 -3.353499e-01 -3.349315e+00 2.586031e-01 -8.594571e-01 -2.516265e+00 2.586179e-01
2451935.640931 4.742420e+02 -3.007867e-01 -3.357593e+00 2.560830e-01 -8.827440e-01 -2.563359e+00 2.560973e-01
2451940.626869 4.570882e+02 -2.575292e-01 -3.367369e+00 2.528886e-01 -9.077471e-01 -2.627144e+00 2.529019e-01
2451941.623938 4.613176e+02 -2.488734e-01 -3.369247e+00 2.522439e-01 -9.121579e-01 -2.640520e+00 2.522571e-01
2451942.621027 5.649370e+02 -2.402158e-01 -3.371101e+00 2.515974e-01 -9.163632e-01 -2.654095e+00 2.516103e-01
2451947.607350 5.445027e+02 -1.968984e-01 -3.379987e+00 2.483358e-01 -9.341786e-01 -2.724831e+00 2.483477e-01
2451950.599254 5.105050e+02 -1.708920e-01 -3.385014e+00 2.463563e-01 -9.421683e-01 -2.769412e+00 2.463674e-01
2451951.596577 6.194411e+02 -1.622203e-01 -3.386639e+00 2.456927e-01 -9.443609e-01 -2.784604e+00 2.457036e-01
2451952.593680 5.248075e+02 -1.535414e-01 -3.388239e+00 2.450272e-01 -9.463053e-01 -2.799953e+00 2.450379e-01
2451953.591853 4.405549e+02 -1.448524e-01 -3.389814e+00 2.443591e-01 -9.480080e-01 -2.815473e+00 2.443695e-01
2451961.570681 4.365158e+02 -7.537423e-02 -3.401499e+00 2.389538e-01 -9.525153e-01 -2.944565e+00 2.389622e-01
2452178.924078 6.792036e+02 1.728073e+00 -3.133272e+00 5.933978e-02 2.728840e+00 -3.074235e+00 5.934059e-02
2452201.944556 5.915616e+02 1.896868e+00 -3.044094e+00 3.813396e-02 2.791272e+00 -2.605977e+00 3.814037e-02
2452246.994639 5.701643e+02 2.208038e+00 -2.840042e+00 -3.674030e-03 2.523010e+00 -1.906014e+00 -3.660480e-03
2452252.979612 5.915616e+02 2.247321e+00 -2.810107e+00 -9.237660e-03 2.461489e+00 -1.848790e+00 -9.223740e-03
2452253.976090 6.426877e+02 2.253812e+00 -2.805061e+00 -1.016376e-02 2.450935e+00 -1.840228e+00 -1.014979e-02
2452261.955283 6.606934e+02 2.305263e+00 -2.764024e+00 -1.757608e-02 2.364160e+00 -1.781825e+00 -1.756187e-02
2452266.940873 6.309573e+02 2.336935e+00 -2.737819e+00 -2.220355e-02 2.308700e+00 -1.754604e+00 -2.218934e-02
2452268.935466 5.649370e+02 2.349502e+00 -2.727215e+00 -2.405383e-02 2.286431e+00 -1.745721e+00 -2.403965e-02
2452279.904148 6.251727e+02 2.417532e+00 -2.667689e+00 -3.421568e-02 2.165436e+00 -1.717235e+00 -3.420198e-02
2452281.991764 5.011872e+02 2.430278e+00 -2.656123e+00 -3.614772e-02 2.143060e+00 -1.715653e+00 -3.613416e-02
2452282.894429 6.137620e+02 2.435769e+00 -2.651099e+00 -3.698286e-02 2.133483e+00 -1.715342e+00 -3.696937e-02
2452286.882560 6.546362e+02 2.459876e+00 -2.628738e+00 -4.067020e-02 2.091984e+00 -1.716627e+00 -4.065706e-02
2452291.867011 6.982324e+02 2.489654e+00 -2.600422e+00 -4.527258e-02 2.042361e+00 -1.724188e+00 -4.525997e-02
2452292.824964 7.046931e+02 2.495332e+00 -2.594933e+00 -4.615627e-02 2.033156e+00 -1.726379e+00 -4.614377e-02
2452292.872005 7.726806e+02 2.495610e+00 -2.594664e+00 -4.619966e-02 2.032707e+00 -1.726492e+00 -4.618716e-02
2452294.857327 6.854882e+02 2.507329e+00 -2.583239e+00 -4.803013e-02 2.014020e+00 -1.731794e+00 -4.801788e-02
2452295.854386 8.241381e+02 2.513191e+00 -2.577477e+00 -4.894896e-02 2.004837e+00 -1.734827e+00 -4.893683e-02
2452299.841143 8.090959e+02 2.536469e+00 -2.554278e+00 -5.261960e-02 1.969571e+00 -1.749362e+00 -5.260802e-02
2452308.813039 1.037528e+03 2.587908e+00 -2.501139e+00 -6.085931e-02 1.899888e+00 -1.795321e+00 -6.084917e-02
2452310.805925 1.137627e+03 2.599155e+00 -2.489163e+00 -6.268533e-02 1.886452e+00 -1.807832e+00 -6.267554e-02
2452312.798804 1.137627e+03 2.610335e+00 -2.477124e+00 -6.450972e-02 1.873824e+00 -1.821117e+00 -6.450029e-02
2452314.009830 1.066596e+03 2.617096e+00 -2.469778e+00 -6.561753e-02 1.866556e+00 -1.829554e+00 -6.560833e-02
2452314.792956 8.629785e+02 2.621456e+00 -2.465016e+00 -6.633358e-02 1.862024e+00 -1.835152e+00 -6.632453e-02
2452316.786290 7.943282e+02 2.632506e+00 -2.452851e+00 -6.815496e-02 1.851092e+00 -1.849891e+00 -6.814630e-02
2452317.783490 7.943282e+02 2.638012e+00 -2.446738e+00 -6.906596e-02 1.845959e+00 -1.857517e+00 -6.905750e-02
2452320.773788 7.311391e+02 2.654423e+00 -2.428317e+00 -7.179505e-02 1.831928e+00 -1.881356e+00 -7.178721e-02
2452320.805208 7.311391e+02 2.654595e+00 -2.428122e+00 -7.182370e-02 1.831792e+00 -1.881613e+00 -7.181587e-02
2452322.728862 6.918310e+02 2.665071e+00 -2.416199e+00 -7.357709e-02 1.823889e+00 -1.897687e+00 -7.356966e-02
2452322.771351 6.309573e+02 2.665302e+00 -2.415935e+00 -7.361579e-02 1.823724e+00 -1.898048e+00 -7.360838e-02
2452322.785811 5.754399e+02 2.665380e+00 -2.415845e+00 -7.362897e-02 1.823668e+00 -1.898171e+00 -7.362156e-02
2452326.753668 7.447320e+02 2.686785e+00 -2.391069e+00 -7.723983e-02 1.810259e+00 -1.932999e+00 -7.723329e-02
2452328.747191 6.854882e+02 2.697438e+00 -2.378531e+00 -7.905102e-02 1.805004e+00 -1.951258e+00 -7.904492e-02
2452329.744440 6.918310e+02 2.702741e+00 -2.372236e+00 -7.995629e-02 1.802755e+00 -1.960567e+00 -7.995042e-02
2452332.734328 7.726806e+02 2.718537e+00 -2.353276e+00 -8.266728e-02 1.797554e+00 -1.989116e+00 -8.266210e-02
2452334.727942 7.112135e+02 2.728983e+00 -2.340560e+00 -8.447227e-02 1.795390e+00 -2.008637e+00 -8.446755e-02
2452337.693838 5.495409e+02 2.744396e+00 -2.321533e+00 -8.715347e-02 1.794135e+00 -2.038301e+00 -8.714946e-02
2452337.718417 6.025596e+02 2.744523e+00 -2.321375e+00 -8.717567e-02 1.794134e+00 -2.038550e+00 -8.717166e-02
2452352.642615 5.105050e+02 2.819707e+00 -2.223693e+00 -1.005882e-01 1.824591e+00 -2.194630e+00 -1.005878e-01
2452352.672003 6.081350e+02 2.819851e+00 -2.223497e+00 -1.006145e-01 1.824712e+00 -2.194942e+00 -1.006141e-01
2452359.651163 5.861382e+02 2.853648e+00 -2.176708e+00 -1.068404e-01 1.860371e+00 -2.268537e+00 -1.068417e-01
2452360.648274 5.915616e+02 2.858404e+00 -2.169968e+00 -1.077272e-01 1.866575e+00 -2.278927e+00 -1.077288e-01
2452361.645274 5.970353e+02 2.863142e+00 -2.163215e+00 -1.086132e-01 1.873053e+00 -2.289271e+00 -1.086150e-01
2452362.643003 6.025596e+02 2.867864e+00 -2.156443e+00 -1.094992e-01 1.879811e+00 -2.299571e+00 -1.095012e-01
2452366.631082 5.701643e+02 2.886558e+00 -2.129239e+00 -1.130334e-01 1.909551e+00 -2.340135e+00 -1.130364e-01
2452370.620561 5.345644e+02 2.904962e+00 -2.101811e+00 -1.165571e-01 1.943612e+00 -2.379503e+00 -1.165611e-01
2452647.051417 4.875285e+02 3.349686e+00 1.574409e-01 -3.108714e-01 3.065761e+00 1.098884e+00 -3.108602e-01
2452653.038380 4.570882e+02 3.339044e+00 2.099399e-01 -3.135077e-01 2.956595e+00 1.116064e+00 -3.134968e-01
2452655.034254 4.487454e+02 3.335289e+00 2.274289e-01 -3.143670e-01 2.920888e+00 1.119512e+00 -3.143564e-01
2452669.999353 4.528976e+02 3.303814e+00 3.582923e-01 -3.204951e-01 2.668789e+00 1.111355e+00 -3.204862e-01
2452670.996160 5.395106e+02 3.301509e+00 3.669887e-01 -3.208832e-01 2.653192e+00 1.108816e+00 -3.208744e-01
2452671.994068 4.446313e+02 3.299175e+00 3.756917e-01 -3.212692e-01 2.637752e+00 1.106043e+00 -3.212606e-01
2452673.988842 4.742420e+02 3.294431e+00 3.930795e-01 -3.220331e-01 2.607423e+00 1.099820e+00 -3.220248e-01
2452674.987048 4.285485e+02 3.292018e+00 4.017758e-01 -3.224115e-01 2.592522e+00 1.096373e+00 -3.224033e-01
2452676.981739 4.570882e+02 3.287117e+00 4.191437e-01 -3.231600e-01 2.563316e+00 1.088838e+00 -3.231521e-01
2452679.973960 5.345644e+02 3.279569e+00 4.451717e-01 -3.242635e-01 2.520983e+00 1.075979e+00 -3.242560e-01
2452680.971303 5.248075e+02 3.277001e+00 4.538400e-01 -3.246261e-01 2.507280e+00 1.071293e+00 -3.246188e-01
2452709.891199 6.081350e+02 3.191061e+00 7.033269e-01 -3.339855e-01 2.211776e+00 8.697923e-01 -3.339837e-01
2452711.885551 5.445027e+02 3.184315e+00 7.203711e-01 -3.345466e-01 2.199309e+00 8.527884e-01 -3.345452e-01
2452720.757190 5.649370e+02 3.153020e+00 7.958912e-01 -3.369066e-01 2.156913e+00 7.754994e-01 -3.369070e-01
2452720.837903 5.649370e+02 3.152726e+00 7.965760e-01 -3.369271e-01 2.156625e+00 7.747906e-01 -3.369275e-01
2452720.900965 5.649370e+02 3.152496e+00 7.971110e-01 -3.369430e-01 2.156402e+00 7.742368e-01 -3.369435e-01
2452723.848624 7.177943e+02 3.141621e+00 8.220872e-01 -3.376766e-01 2.147158e+00 7.483738e-01 -3.376776e-01
2452724.969698 8.165824e+02 3.137424e+00 8.315704e-01 -3.379490e-01 2.144259e+00 7.385646e-01 -3.379503e-01
2452724.980128 8.165824e+02 3.137385e+00 8.316585e-01 -3.379515e-01 2.144234e+00 7.384734e-01 -3.379528e-01
2452724.990618 7.447320e+02 3.137346e+00 8.317473e-01 -3.379540e-01 2.144208e+00 7.383818e-01 -3.379553e-01
2452729.815470 6.729767e+02 3.118898e+00 8.724566e-01 -3.390848e-01 2.135609e+00 6.965529e-01 -3.390871e-01
2452730.826780 6.918310e+02 3.114952e+00 8.809676e-01 -3.393132e-01 2.134593e+00 6.878988e-01 -3.393157e-01
2452737.803455 8.090959e+02 3.086988e+00 9.394657e-01 -3.408077e-01 2.134868e+00 6.298508e-01 -3.408116e-01
2452738.758661 7.447320e+02 3.083058e+00 9.474445e-01 -3.410012e-01 2.135880e+00 6.221821e-01 -3.410052e-01
2452738.826752 7.447320e+02 3.082776e+00 9.480130e-01 -3.410149e-01 2.135961e+00 6.216385e-01 -3.410189e-01
2452738.892962 7.447320e+02 3.082503e+00 9.485658e-01 -3.410282e-01 2.136041e+00 6.211102e-01 -3.410322e-01
2452739.796987 8.090959e+02 3.078758e+00 9.561092e-01 -3.412084e-01 2.137241e+00 6.139369e-01 -3.412127e-01
2452740.781110 7.311391e+02 3.074656e+00 9.643132e-01 -3.414019e-01 2.138781e+00 6.062140e-01 -3.414063e-01
2452740.810010 8.016781e+02 3.074535e+00 9.645540e-01 -3.414075e-01 2.138829e+00 6.059886e-01 -3.414120e-01
2452740.836400 7.311391e+02 3.074425e+00 9.647739e-01 -3.414127e-01 2.138874e+00 6.057829e-01 -3.414171e-01
2452742.787822 8.090959e+02 3.066212e+00 9.810166e-01 -3.417875e-01 2.142663e+00 5.907618e-01 -3.417923e-01
2452749.885436 7.046931e+02 3.035481e+00 1.039813e+00 -3.430545e-01 2.164167e+00 5.397750e-01 -3.430606e-01
2452749.896226 5.861382e+02 3.035433e+00 1.039902e+00 -3.430563e-01 2.164209e+00 5.397024e-01 -3.430624e-01
2452749.906646 7.046931e+02 3.035387e+00 1.039988e+00 -3.430581e-01 2.164249e+00 5.396322e-01 -3.430642e-01
2452750.820074 6.025596e+02 3.031334e+00 1.047522e+00 -3.432101e-01 2.167872e+00 5.335415e-01 -3.432163e-01
2452750.849984 6.606934e+02 3.031201e+00 1.047768e+00 -3.432150e-01 2.167994e+00 5.333440e-01 -3.432213e-01
2452750.880063 5.495409e+02 3.031067e+00 1.048016e+00 -3.432200e-01 2.168117e+00 5.331455e-01 -3.432262e-01
2452758.688299 7.046931e+02 2.995495e+00 1.112093e+00 -3.444144e-01 2.206633e+00 4.862590e-01 -3.444219e-01
2452758.700648 7.046931e+02 2.995438e+00 1.112194e+00 -3.444161e-01 2.206704e+00 4.861926e-01 -3.444237e-01
2452758.712848 7.046931e+02 2.995381e+00 1.112293e+00 -3.444179e-01 2.206774e+00 4.861271e-01 -3.444254e-01
2452758.736157 5.248075e+02 2.995272e+00 1.112484e+00 -3.444211e-01 2.206908e+00 4.860020e-01 -3.444287e-01
2452759.685962 5.915616e+02 2.990833e+00 1.120237e+00 -3.445536e-01 2.212472e+00 4.809837e-01 -3.445613e-01
2452759.697482 5.915616e+02 2.990779e+00 1.120331e+00 -3.445552e-01 2.212540e+00 4.809238e-01 -3.445629e-01
2452759.710522 6.486344e+02 2.990718e+00 1.120438e+00 -3.445570e-01 2.212618e+00 4.808560e-01 -3.445647e-01
2452760.694324 6.486344e+02 2.986093e+00 1.128459e+00 -3.446912e-01 2.218574e+00 4.758289e-01 -3.446990e-01
2452760.708154 7.112135e+02 2.986028e+00 1.128572e+00 -3.446930e-01 2.218659e+00 4.757594e-01 -3.447009e-01
2452761.631537 5.597576e+02 2.981664e+00 1.136092e+00 -3.448162e-01 2.224424e+00 4.712007e-01 -3.448242e-01
2452761.691145 5.915616e+02 2.981381e+00 1.136577e+00 -3.448241e-01 2.224802e+00 4.709117e-01 -3.448321e-01
2452761.693235 5.597576e+02 2.981372e+00 1.136594e+00 -3.448244e-01 2.224815e+00 4.709016e-01 -3.448324e-01
2452761.705805 6.486344e+02 2.981312e+00 1.136696e+00 -3.448260e-01 2.224895e+00 4.708407e-01 -3.448340e-01
2452764.717419 5.395106e+02 2.966914e+00 1.161160e+00 -3.452088e-01 2.244864e+00 4.571074e-01 -3.452173e-01
2452765.667266 5.011872e+02 2.962323e+00 1.168855e+00 -3.453237e-01 2.251509e+00 4.531341e-01 -3.453323e-01
2452765.678556 7.943282e+02 2.962268e+00 1.168947e+00 -3.453250e-01 2.251589e+00 4.530879e-01 -3.453336e-01
2452765.691815 6.606934e+02 2.962204e+00 1.169054e+00 -3.453266e-01 2.251683e+00 4.530337e-01 -3.453352e-01
2452765.710015 5.345644e+02 2.962116e+00 1.169202e+00 -3.453288e-01 2.251812e+00 4.529594e-01 -3.453374e-01
2452765.720994 4.875285e+02 2.962062e+00 1.169291e+00 -3.453301e-01 2.251889e+00 4.529146e-01 -3.453387e-01
2452765.731944 5.345644e+02 2.962009e+00 1.169379e+00 -3.453314e-01 2.251967e+00 4.528699e-01 -3.453400e-01
2452765.742953 5.345644e+02 2.961956e+00 1.169468e+00 -3.453327e-01 2.252045e+00 4.528250e-01 -3.453413e-01
2452766.817935 6.668068e+02 2.956729e+00 1.178166e+00 -3.454591e-01 2.259773e+00 4.485576e-01 -3.454679e-01
2452766.828034 6.668068e+02 2.956679e+00 1.178247e+00 -3.454603e-01 2.259847e+00 4.485185e-01 -3.454690e-01
2452767.662393 6.668068e+02 2.952601e+00 1.184989e+00 -3.455559e-01 2.265985e+00 4.453667e-01 -3.455647e-01
2452767.672343 6.081350e+02 2.952552e+00 1.185070e+00 -3.455570e-01 2.266059e+00 4.453300e-01 -3.455659e-01
2452767.686962 7.311391e+02 2.952480e+00 1.185188e+00 -3.455587e-01 2.266168e+00 4.452760e-01 -3.455675e-01
2452774.685909 6.854882e+02 2.917532e+00 1.241442e+00 -3.462741e-01 2.322163e+00 4.245876e-01 -3.462838e-01
2452787.647995 4.742420e+02 2.849368e+00 1.344134e+00 -3.471889e-01 2.443411e+00 4.156784e-01 -3.471998e-01
2452794.628566 4.965923e+02 2.810814e+00 1.398580e+00 -3.474577e-01 2.515496e+00 4.280930e-01 -3.474691e-01
2452808.699624 3.341950e+02 2.729195e+00 1.506354e+00 -3.475147e-01 2.667647e+00 4.922095e-01 -3.475265e-01
2452808.710073 3.341950e+02 2.729133e+00 1.506433e+00 -3.475145e-01 2.667761e+00 4.922769e-01 -3.475263e-01
2452808.720472 3.341950e+02 2.729071e+00 1.506511e+00 -3.475143e-01 2.667875e+00 4.923441e-01 -3.475261e-01
2452810.661370 4.092607e+02 2.717404e+00 1.521158e+00 -3.474705e-01 2.689022e+00 5.053936e-01 -3.474823e-01
2453127.987883 3.162278e+02 -2.360926e-01 2.649857e+00 -1.600366e-01 -9.810496e-01 1.970806e+00 -1.600430e-01
2453127.998774 3.467369e+02 -2.362126e-01 2.649836e+00 -1.600244e-01 -9.810464e-01 1.970646e+00 -1.600308e-01
2453128.009414 3.801894e+02 -2.363298e-01 2.649815e+00 -1.600125e-01 -9.810432e-01 1.970489e+00 -1.600189e-01
2453147.964533 4.446313e+02 -4.552203e-01 2.602968e+00 -1.371987e-01 -9.362014e-01 1.712066e+00 -1.372074e-01
2453149.959475 3.597493e+02 -4.769689e-01 2.597375e+00 -1.348678e-01 -9.280413e-01 1.690547e+00 -1.348766e-01
2453168.907886 5.445027e+02 -6.818119e-01 2.536008e+00 -1.123200e-01 -8.283614e-01 1.531082e+00 -1.123296e-01
2453173.893222 4.698941e+02 -7.350943e-01 2.517393e+00 -1.062735e-01 -7.977535e-01 1.503309e+00 -1.062832e-01
2453177.881182 4.965923e+02 -7.775035e-01 2.501764e+00 -1.014055e-01 -7.727109e-01 1.485470e+00 -1.014152e-01
2453228.717601 5.807644e+02 -1.296336e+00 2.246266e+00 -3.745428e-02 -5.336267e-01 1.578949e+00 -3.746119e-02
2453240.681630 4.875285e+02 -1.411049e+00 2.171480e+00 -2.206379e-02 -5.325536e-01 1.670827e+00 -2.206921e-02
2453246.664584 4.742420e+02 -1.467143e+00 2.132085e+00 -1.434477e-02 -5.439452e-01 1.722895e+00 -1.434936e-02
2453274.593522 4.570882e+02 -1.716580e+00 1.931333e+00 2.172816e-02 -7.157135e-01 1.988635e+00 2.172782e-02
2453293.552288 4.325138e+02 -1.873032e+00 1.780183e+00 4.607911e-02 -9.483458e-01 2.153181e+00 4.608170e-02
2453294.550243 4.830588e+02 -1.880956e+00 1.771915e+00 4.735437e-02 -9.631093e-01 2.160715e+00 4.735710e-02
2453306.745761 4.655861e+02 -1.975158e+00 1.668470e+00 6.286668e-02 -1.162320e+00 2.239626e+00 6.287113e-02
2453321.921241 4.092607e+02 -2.085337e+00 1.533858e+00 8.194131e-02 -1.453260e+00 2.295388e+00 8.194765e-02
2453321.929760 4.092607e+02 -2.085396e+00 1.533781e+00 8.195193e-02 -1.453435e+00 2.295404e+00 8.195828e-02
2453321.938290 4.092607e+02 -2.085456e+00 1.533703e+00 8.196257e-02 -1.453610e+00 2.295419e+00 8.196891e-02
2453321.946829 4.092607e+02 -2.085516e+00 1.533626e+00 8.197322e-02 -1.453785e+00 2.295435e+00 8.197956e-02
2453341.547876 4.875285e+02 -2.215664e+00 1.350924e+00 1.061249e-01 -1.880660e+00 2.278133e+00 1.061329e-01
2453341.556576 4.875285e+02 -2.215719e+00 1.350841e+00 1.061354e-01 -1.880858e+00 2.278100e+00 1.061435e-01
2453341.565305 4.875285e+02 -2.215774e+00 1.350757e+00 1.061461e-01 -1.881056e+00 2.278067e+00 1.061541e-01
2453341.574035 4.875285e+02 -2.215829e+00 1.350674e+00 1.061567e-01 -1.881255e+00 2.278034e+00 1.061647e-01
2453614.990955 3.767038e+02 -2.463014e+00 -1.522937e+00 3.247631e-01 -1.520543e+00 -1.883526e+00 3.247599e-01
2453619.978900 4.365158e+02 -2.442487e+00 -1.570299e+00 3.261619e-01 -1.474163e+00 -1.849859e+00 3.261592e-01
2453630.950239 5.248075e+02 -2.394819e+00 -1.672831e+00 3.289004e-01 -1.394342e+00 -1.767926e+00 3.288990e-01
2453638.928377 4.920395e+02 -2.358040e+00 -1.745921e+00 3.306018e-01 -1.356133e+00 -1.704420e+00 3.306015e-01
2453644.898682 6.546362e+02 -2.329386e+00 -1.799783e+00 3.317168e-01 -1.338637e+00 -1.656431e+00 3.317172e-01
2453644.906832 6.546362e+02 -2.329346e+00 -1.799856e+00 3.317182e-01 -1.338620e+00 -1.656366e+00 3.317186e-01
2453644.915073 6.546362e+02 -2.329306e+00 -1.799930e+00 3.317196e-01 -1.338602e+00 -1.656300e+00 3.317200e-01
2453644.923293 6.546362e+02 -2.329266e+00 -1.800003e+00 3.317211e-01 -1.338585e+00 -1.656234e+00 3.317215e-01
2453645.934846 5.105050e+02 -2.324316e+00 -1.809057e+00 3.318965e-01 -1.336567e+00 -1.648152e+00 3.318971e-01
2453650.894129 5.011872e+02 -2.299660e+00 -1.853137e+00 3.327009e-01 -1.330590e+00 -1.609023e+00 3.327021e-01
2453653.884832 4.920395e+02 -2.284483e+00 -1.879473e+00 3.331414e-01 -1.330099e+00 -1.586000e+00 3.331429e-01
2453665.903859 7.046931e+02 -2.221203e+00 -1.983391e+00 3.345758e-01 -1.350992e+00 -1.500748e+00 3.345787e-01
2453665.911059 7.046931e+02 -2.221164e+00 -1.983452e+00 3.345765e-01 -1.351015e+00 -1.500701e+00 3.345794e-01
2453665.918269 7.046931e+02 -2.221125e+00 -1.983514e+00 3.345772e-01 -1.351038e+00 -1.500655e+00 3.345801e-01
2453665.925529 7.046931e+02 -2.221085e+00 -1.983575e+00 3.345779e-01 -1.351061e+00 -1.500608e+00 3.345808e-01
2453671.733810 7.112135e+02 -2.189226e+00 -2.032669e+00 3.350796e-01 -1.373656e+00 -1.465297e+00 3.350832e-01
2453671.739110 7.112135e+02 -2.189197e+00 -2.032714e+00 3.350800e-01 -1.373681e+00 -1.465267e+00 3.350836e-01
2453671.744480 7.112135e+02 -2.189167e+00 -2.032759e+00 3.350804e-01 -1.373705e+00 -1.465237e+00 3.350840e-01
2453671.749830 7.112135e+02 -2.189137e+00 -2.032804e+00 3.350808e-01 -1.373729e+00 -1.465206e+00 3.350844e-01
2453674.817590 6.792036e+02 -2.171983e+00 -2.058432e+00 3.352959e-01 -1.388732e+00 -1.448538e+00 3.352998e-01
2453677.797734 7.943282e+02 -2.155107e+00 -2.083127e+00 3.354720e-01 -1.405229e+00 -1.433807e+00 3.354763e-01
2453677.802014 7.943282e+02 -2.155082e+00 -2.083162e+00 3.354723e-01 -1.405254e+00 -1.433786e+00 3.354765e-01
2453677.806274 7.943282e+02 -2.155058e+00 -2.083197e+00 3.354725e-01 -1.405279e+00 -1.433766e+00 3.354767e-01
2453677.810574 7.943282e+02 -2.155033e+00 -2.083233e+00 3.354727e-01 -1.405304e+00 -1.433746e+00 3.354770e-01
2453679.801112 6.194411e+02 -2.143645e+00 -2.099616e+00 3.355724e-01 -1.417343e+00 -1.424767e+00 3.355768e-01
2453684.779453 7.379042e+02 -2.114766e+00 -2.140197e+00 3.357591e-01 -1.450818e+00 -1.405540e+00 3.357641e-01
2453684.785883 7.379042e+02 -2.114728e+00 -2.140249e+00 3.357593e-01 -1.450864e+00 -1.405518e+00 3.357642e-01
2453684.792333 7.379042e+02 -2.114691e+00 -2.140302e+00 3.357595e-01 -1.450911e+00 -1.405496e+00 3.357644e-01
2453684.798773 7.379042e+02 -2.114653e+00 -2.140354e+00 3.357597e-01 -1.450957e+00 -1.405474e+00 3.357646e-01
2453694.762080 8.550667e+02 -2.055185e+00 -2.219861e+00 3.358669e-01 -1.530873e+00 -1.382418e+00 3.358726e-01
2453694.783419 7.798301e+02 -2.055056e+00 -2.220029e+00 3.358668e-01 -1.531060e+00 -1.382392e+00 3.358725e-01
2453694.805068 7.798301e+02 -2.054924e+00 -2.220199e+00 3.358666e-01 -1.531250e+00 -1.382366e+00 3.358723e-01
2453699.682670 6.367955e+02 -2.025020e+00 -2.258278e+00 3.357904e-01 -1.575696e+00 -1.379391e+00 3.357965e-01
2453699.690180 6.367955e+02 -2.024974e+00 -2.258336e+00 3.357903e-01 -1.575767e+00 -1.379390e+00 3.357963e-01
2453699.697649 6.367955e+02 -2.024928e+00 -2.258394e+00 3.357901e-01 -1.575837e+00 -1.379390e+00 3.357961e-01
2453699.705159 6.367955e+02 -2.024881e+00 -2.258452e+00 3.357899e-01 -1.575908e+00 -1.379390e+00 3.357959e-01
2453709.671494 5.701643e+02 -1.962227e+00 -2.334508e+00 3.353756e-01 -1.674811e+00 -1.391905e+00 3.353821e-01
2453737.620790 4.698941e+02 -1.776180e+00 -2.535005e+00 3.324128e-01 -1.971971e+00 -1.571380e+00 3.324196e-01
2453739.615314 4.405549e+02 -1.762359e+00 -2.548578e+00 3.321023e-01 -1.992206e+00 -1.592508e+00 3.321091e-01
2453745.599223 4.365158e+02 -1.720483e+00 -2.588706e+00 3.310935e-01 -2.050634e+00 -1.662359e+00 3.311001e-01
2453748.585722 4.528976e+02 -1.699358e+00 -2.608398e+00 3.305470e-01 -2.078263e+00 -1.700768e+00 3.305535e-01
2453749.588803 4.168694e+02 -1.692230e+00 -2.614962e+00 3.303570e-01 -2.087281e+00 -1.714186e+00 3.303635e-01
2453752.581056 3.597493e+02 -1.670870e+00 -2.634391e+00 3.297713e-01 -2.113332e+00 -1.755727e+00 3.297777e-01
2453758.630810 4.965923e+02 -1.627248e+00 -2.672981e+00 3.285010e-01 -2.161673e+00 -1.846417e+00 3.285071e-01
2453758.636809 4.965923e+02 -1.627205e+00 -2.673019e+00 3.284997e-01 -2.161718e+00 -1.846512e+00 3.285057e-01
2453758.642779 4.965923e+02 -1.627162e+00 -2.673057e+00 3.284984e-01 -2.161763e+00 -1.846605e+00 3.285044e-01
2453758.648808 4.965923e+02 -1.627118e+00 -2.673095e+00 3.284970e-01 -2.161808e+00 -1.846700e+00 3.285031e-01
2453759.624670 4.786301e+02 -1.620028e+00 -2.679232e+00 3.282813e-01 -2.169007e+00 -1.862142e+00 3.282874e-01
2453760.561024 4.365158e+02 -1.613211e+00 -2.685098e+00 3.280716e-01 -2.175749e+00 -1.877163e+00 3.280776e-01
2453762.556142 4.920395e+02 -1.598642e+00 -2.697523e+00 3.276156e-01 -2.189554e+00 -1.909824e+00 3.276215e-01
2453764.551299 4.570882e+02 -1.584012e+00 -2.709847e+00 3.271472e-01 -2.202571e+00 -1.943356e+00 3.271530e-01
2453765.548887 4.655861e+02 -1.576675e+00 -2.715971e+00 3.269085e-01 -2.208773e+00 -1.960440e+00 3.269142e-01
2453766.546496 4.285485e+02 -1.569323e+00 -2.722069e+00 3.266666e-01 -2.214766e+00 -1.977732e+00 3.266723e-01
2453769.600285 5.649370e+02 -1.546728e+00 -2.740579e+00 3.259074e-01 -2.231768e+00 -2.031915e+00 3.259129e-01
2453769.606675 5.649370e+02 -1.546680e+00 -2.740618e+00 3.259058e-01 -2.231802e+00 -2.032030e+00 3.259113e-01
2453769.613054 5.649370e+02 -1.546633e+00 -2.740656e+00 3.259042e-01 -2.231835e+00 -2.032145e+00 3.259097e-01
2453769.619384 5.649370e+02 -1.546586e+00 -2.740694e+00 3.259026e-01 -2.231868e+00 -2.032259e+00 3.259081e-01
2453792.612571 4.405549e+02 -1.372296e+00 -2.872353e+00 3.192868e-01 -2.285524e+00 -2.489876e+00 3.192908e-01
2454016.905921 5.649370e+02 5.239416e-01 -3.436804e+00 1.879584e-01 1.489577e+00 -3.180132e+00 1.879584e-01
2454037.021585 4.742420e+02 6.956862e-01 -3.425513e+00 1.717961e-01 1.510972e+00 -2.857695e+00 1.717977e-01
2454038.019316 6.194411e+02 7.041583e-01 -3.424702e+00 1.709815e-01 1.509232e+00 -2.842949e+00 1.709832e-01
2454040.014555 5.546257e+02 7.210858e-01 -3.423010e+00 1.693489e-01 1.505016e+00 -2.813918e+00 1.693508e-01
2454040.865493 4.325138e+02 7.282992e-01 -3.422260e+00 1.686513e-01 1.502923e+00 -2.801730e+00 1.686532e-01
2454040.876754 4.325138e+02 7.283946e-01 -3.422250e+00 1.686420e-01 1.502894e+00 -2.801569e+00 1.686440e-01
2454040.888275 4.325138e+02 7.284922e-01 -3.422240e+00 1.686326e-01 1.502864e+00 -2.801405e+00 1.686345e-01
2454040.899836 4.325138e+02 7.285902e-01 -3.422230e+00 1.686231e-01 1.502835e+00 -2.801240e+00 1.686250e-01
2454064.950250 5.915616e+02 9.308250e-01 -3.394014e+00 1.485714e-01 1.380016e+00 -2.515050e+00 1.485750e-01
2454073.923993 6.081350e+02 1.005388e+00 -3.380064e+00 1.409359e-01 1.309605e+00 -2.442594e+00 1.409399e-01
2454074.953503 3.944573e+02 1.013909e+00 -3.378346e+00 1.400550e-01 1.300940e+00 -2.435629e+00 1.400589e-01
2454074.974034 3.944573e+02 1.014078e+00 -3.378312e+00 1.400374e-01 1.300766e+00 -2.435493e+00 1.400414e-01
2454074.995535 3.944573e+02 1.014256e+00 -3.378276e+00 1.400190e-01 1.300584e+00 -2.435350e+00 1.400230e-01
2454081.884058 5.152286e+02 1.071075e+00 -3.366155e+00 1.340988e-01 1.240254e+00 -2.396239e+00 1.341030e-01
2454081.890658 5.152286e+02 1.071130e+00 -3.366143e+00 1.340931e-01 1.240195e+00 -2.396207e+00 1.340973e-01
2454081.897339 5.649370e+02 1.071184e+00 -3.366131e+00 1.340873e-01 1.240135e+00 -2.396176e+00 1.340915e-01
2454081.903989 5.152286e+02 1.071239e+00 -3.366119e+00 1.340816e-01 1.240075e+00 -2.396144e+00 1.340858e-01
2454082.841464 6.918310e+02 1.078946e+00 -3.364386e+00 1.332725e-01 1.231606e+00 -2.391839e+00 1.332768e-01
2454082.947259 4.698941e+02 1.079815e+00 -3.364189e+00 1.331812e-01 1.230648e+00 -2.391368e+00 1.331854e-01
2454091.963393 7.798301e+02 1.153593e+00 -3.346496e+00 1.253601e-01 1.147369e+00 -2.362836e+00 1.253646e-01
2454093.803752 5.970353e+02 1.168577e+00 -3.342662e+00 1.237552e-01 1.130184e+00 -2.359839e+00 1.237597e-01
2454093.810312 5.970353e+02 1.168631e+00 -3.342648e+00 1.237495e-01 1.130123e+00 -2.359830e+00 1.237540e-01
2454093.816842 5.970353e+02 1.168684e+00 -3.342634e+00 1.237438e-01 1.130062e+00 -2.359821e+00 1.237483e-01
2454093.823362 5.970353e+02 1.168737e+00 -3.342621e+00 1.237381e-01 1.130001e+00 -2.359812e+00 1.237426e-01
2454110.775245 7.585776e+02 1.305474e+00 -3.303773e+00 1.088287e-01 9.766806e-01 -2.376969e+00 1.088333e-01
2454110.780485 7.585776e+02 1.305516e+00 -3.303760e+00 1.088240e-01 9.766360e-01 -2.376987e+00 1.088286e-01
2454110.786225 7.585776e+02 1.305562e+00 -3.303746e+00 1.088189e-01 9.765873e-01 -2.377006e+00 1.088235e-01
2454110.792275 7.585776e+02 1.305610e+00 -3.303731e+00 1.088136e-01 9.765358e-01 -2.377026e+00 1.088182e-01
2454125.757927 7.726806e+02 1.424279e+00 -3.264224e+00 9.547816e-02 8.626229e-01 -2.455715e+00 9.548248e-02
2454127.790951 6.486344e+02 1.440242e+00 -3.258486e+00 9.365536e-02 8.496565e-01 -2.470577e+00 9.365962e-02
2454127.797011 6.486344e+02 1.440290e+00 -3.258469e+00 9.364992e-02 8.496189e-01 -2.470623e+00 9.365418e-02
2454127.803060 6.486344e+02 1.440337e+00 -3.258451e+00 9.364449e-02 8.495814e-01 -2.470669e+00 9.364875e-02
2454127.809190 6.486344e+02 1.440385e+00 -3.258434e+00 9.363899e-02 8.495433e-01 -2.470715e+00 9.364325e-02
2454141.713036 6.309573e+02 1.548488e+00 -3.216841e+00 8.110770e-02 7.819090e-01 -2.595555e+00 8.111144e-02
2454141.719716 6.309573e+02 1.548540e+00 -3.216820e+00 8.110165e-02 7.818862e-01 -2.595624e+00 8.110539e-02
2454141.726455 6.309573e+02 1.548592e+00 -3.216799e+00 8.109555e-02 7.818633e-01 -2.595693e+00 8.109929e-02
2454141.733085 6.309573e+02 1.548643e+00 -3.216778e+00 8.108955e-02 7.818407e-01 -2.595762e+00 8.109329e-02
2454162.642670 4.875285e+02 1.707514e+00 -3.146635e+00 6.205689e-02 7.644401e-01 -2.841477e+00 6.205943e-02
2454166.631387 5.058247e+02 1.737286e+00 -3.132240e+00 5.840473e-02 7.742622e-01 -2.893313e+00 5.840699e-02
2454170.620832 5.248075e+02 1.766885e+00 -3.117521e+00 5.474595e-02 7.885485e-01 -2.945990e+00 5.474793e-02
2454231.610548 4.965923e+02 2.195266e+00 -2.853968e+00 -1.662370e-03 1.545517e+00 -3.627046e+00 -1.664930e-03
2454231.615877 4.965923e+02 2.195301e+00 -2.853942e+00 -1.667310e-03 1.545621e+00 -3.627079e+00 -1.669880e-03
2454231.621217 4.965923e+02 2.195337e+00 -2.853916e+00 -1.672270e-03 1.545725e+00 -3.627112e+00 -1.674830e-03
2454231.626576 4.965923e+02 2.195372e+00 -2.853890e+00 -1.677240e-03 1.545830e+00 -3.627146e+00 -1.679810e-03
2454422.960314 5.011872e+02 3.164084e+00 -1.628605e+00 -1.722651e-01 3.722398e+00 -8.128613e-01 -1.722648e-01
2454422.966825 5.011872e+02 3.164105e+00 -1.628555e+00 -1.722705e-01 3.722325e+00 -8.127484e-01 -1.722701e-01
2454422.973505 5.011872e+02 3.164127e+00 -1.628504e+00 -1.722759e-01 3.722250e+00 -8.126327e-01 -1.722756e-01
2454422.980256 5.011872e+02 3.164150e+00 -1.628452e+00 -1.722815e-01 3.722174e+00 -8.125157e-01 -1.722811e-01
2454439.882533 4.325138e+02 3.216690e+00 -1.497187e+00 -1.859645e-01 3.509184e+00 -5.561296e-01 -1.859634e-01
2454439.906306 4.742420e+02 3.216759e+00 -1.497001e+00 -1.859835e-01 3.508857e+00 -5.558231e-01 -1.859824e-01
2454439.930008 4.742420e+02 3.216829e+00 -1.496814e+00 -1.860025e-01 3.508530e+00 -5.555177e-01 -1.860013e-01
2454439.953720 4.742420e+02 3.216898e+00 -1.496628e+00 -1.860214e-01 3.508203e+00 -5.552124e-01 -1.860203e-01
2454440.932288 4.698941e+02 3.219754e+00 -1.488939e+00 -1.868031e-01 3.494659e+00 -5.427492e-01 -1.868019e-01
2454440.940659 4.698941e+02 3.219779e+00 -1.488873e+00 -1.868098e-01 3.494543e+00 -5.426438e-01 -1.868086e-01
2454440.949039 4.698941e+02 3.219803e+00 -1.488807e+00 -1.868165e-01 3.494426e+00 -5.425382e-01 -1.868153e-01
2454440.957420 4.698941e+02 3.219828e+00 -1.488741e+00 -1.868232e-01 3.494310e+00 -5.424327e-01 -1.868220e-01
2454480.967435 3.908409e+02 3.318832e+00 -1.166813e+00 -2.177061e-01 2.909935e+00 -2.722395e-01 -2.177036e-01
2454505.870580 5.105050e+02 3.362444e+00 -9.598749e-01 -2.357631e-01 2.608184e+00 -3.240103e-01 -2.357603e-01
2454505.886121 4.965923e+02 3.362466e+00 -9.597444e-01 -2.357740e-01 2.608030e+00 -3.240853e-01 -2.357713e-01
2454505.896132 5.597576e+02 3.362481e+00 -9.596603e-01 -2.357811e-01 2.607931e+00 -3.241336e-01 -2.357783e-01
2454505.903742 4.965923e+02 3.362492e+00 -9.595964e-01 -2.357865e-01 2.607856e+00 -3.241703e-01 -2.357837e-01
2454505.921363 4.965923e+02 3.362518e+00 -9.594485e-01 -2.357989e-01 2.607682e+00 -3.242554e-01 -2.357962e-01
2454505.921693 5.597576e+02 3.362518e+00 -9.594457e-01 -2.357991e-01 2.607678e+00 -3.242570e-01 -2.357964e-01
2454505.947244 5.597576e+02 3.362556e+00 -9.592311e-01 -2.358171e-01 2.607426e+00 -3.243805e-01 -2.358144e-01
2454509.869920 5.345644e+02 3.368122e+00 -9.262394e-01 -2.385717e-01 2.570285e+00 -3.447609e-01 -2.385690e-01
2454509.885201 5.861382e+02 3.368143e+00 -9.261107e-01 -2.385823e-01 2.570147e+00 -3.448456e-01 -2.385796e-01
2454509.900481 5.861382e+02 3.368164e+00 -9.259820e-01 -2.385930e-01 2.570009e+00 -3.449304e-01 -2.385903e-01
2454513.873045 6.081350e+02 3.373435e+00 -8.924672e-01 -2.413568e-01 2.535906e+00 -3.682908e-01 -2.413541e-01
2454523.700577 7.244360e+02 3.384888e+00 -8.091487e-01 -2.480796e-01 2.467705e+00 -4.359512e-01 -2.480771e-01
2454523.726167 7.244360e+02 3.384915e+00 -8.089310e-01 -2.480969e-01 2.467559e+00 -4.361430e-01 -2.480943e-01
2454523.742898 6.729767e+02 3.384933e+00 -8.087887e-01 -2.481082e-01 2.467464e+00 -4.362684e-01 -2.481057e-01
2454523.751788 7.244360e+02 3.384942e+00 -8.087130e-01 -2.481142e-01 2.467413e+00 -4.363351e-01 -2.481117e-01
2454523.777389 7.244360e+02 3.384969e+00 -8.084952e-01 -2.481315e-01 2.467267e+00 -4.365271e-01 -2.481289e-01
2454523.794279 6.729767e+02 3.384987e+00 -8.083516e-01 -2.481429e-01 2.467171e+00 -4.366538e-01 -2.481404e-01
2454523.801279 7.379042e+02 3.384994e+00 -8.082920e-01 -2.481477e-01 2.467131e+00 -4.367064e-01 -2.481451e-01
2454523.808319 6.729767e+02 3.385001e+00 -8.082321e-01 -2.481524e-01 2.467091e+00 -4.367592e-01 -2.481499e-01
2454523.815359 6.729767e+02 3.385009e+00 -8.081722e-01 -2.481572e-01 2.467051e+00 -4.368120e-01 -2.481546e-01
2454524.820673 6.309573e+02 3.386050e+00 -7.996172e-01 -2.488354e-01 2.461465e+00 -4.444116e-01 -2.488328e-01
2454524.829373 6.918310e+02 3.386058e+00 -7.995431e-01 -2.488412e-01 2.461418e+00 -4.444778e-01 -2.488387e-01
2454524.838113 6.918310e+02 3.386067e+00 -7.994687e-01 -2.488471e-01 2.461370e+00 -4.445444e-01 -2.488445e-01
2454527.706941 7.311391e+02 3.388905e+00 -7.750247e-01 -2.507727e-01 2.446882e+00 -4.667890e-01 -2.507702e-01
2454527.745841 6.668068e+02 3.388942e+00 -7.746929e-01 -2.507987e-01 2.446700e+00 -4.670959e-01 -2.507962e-01
2454528.765768 6.729767e+02 3.389903e+00 -7.659917e-01 -2.514797e-01 2.442078e+00 -4.751888e-01 -2.514772e-01
2454528.776238 6.729767e+02 3.389913e+00 -7.659023e-01 -2.514867e-01 2.442032e+00 -4.752724e-01 -2.514842e-01
2454528.786759 7.379042e+02 3.389923e+00 -7.658125e-01 -2.514937e-01 2.441986e+00 -4.753563e-01 -2.514912e-01
2454528.797279 7.379042e+02 3.389932e+00 -7.657227e-01 -2.515007e-01 2.441940e+00 -4.754403e-01 -2.514982e-01
2454536.645687 7.870458e+02 3.396494e+00 -6.985843e-01 -2.566790e-01 2.415727e+00 -5.402185e-01 -2.566767e-01
2454536.663387 7.870458e+02 3.396507e+00 -6.984326e-01 -2.566906e-01 2.415687e+00 -5.403685e-01 -2.566883e-01
2454536.681097 7.870458e+02 3.396520e+00 -6.982807e-01 -2.567021e-01 2.415646e+00 -5.405186e-01 -2.566998e-01
2454536.765907 6.729767e+02 3.396583e+00 -6.975535e-01 -2.567575e-01 2.415455e+00 -5.412376e-01 -2.567552e-01
2454536.771827 6.729767e+02 3.396587e+00 -6.975028e-01 -2.567613e-01 2.415441e+00 -5.412878e-01 -2.567590e-01
2454536.777707 6.729767e+02 3.396592e+00 -6.974523e-01 -2.567652e-01 2.415428e+00 -5.413377e-01 -2.567629e-01
2454536.783587 6.729767e+02 3.396596e+00 -6.974019e-01 -2.567690e-01 2.415415e+00 -5.413875e-01 -2.567667e-01
2454539.864253 8.016781e+02 3.398760e+00 -6.709632e-01 -2.587705e-01 2.409798e+00 -5.676878e-01 -2.587683e-01
2454539.871413 8.016781e+02 3.398764e+00 -6.709017e-01 -2.587752e-01 2.409788e+00 -5.677493e-01 -2.587729e-01
2454539.878573 8.016781e+02 3.398769e+00 -6.708402e-01 -2.587798e-01 2.409778e+00 -5.678108e-01 -2.587776e-01
2454539.885713 8.016781e+02 3.398774e+00 -6.707789e-01 -2.587844e-01 2.409768e+00 -5.678721e-01 -2.587822e-01
2454540.639740 7.870458e+02 3.399268e+00 -6.643008e-01 -2.592716e-01 2.408793e+00 -5.743537e-01 -2.592694e-01
2454540.657480 7.870458e+02 3.399280e+00 -6.641484e-01 -2.592831e-01 2.408772e+00 -5.745063e-01 -2.592809e-01
2454540.675210 7.870458e+02 3.399291e+00 -6.639960e-01 -2.592945e-01 2.408751e+00 -5.746589e-01 -2.592923e-01
2454549.770221 5.915616e+02 3.404170e+00 -5.856478e-01 -2.650884e-01 2.409357e+00 -6.531969e-01 -2.650865e-01
2454549.776021 5.915616e+02 3.404173e+00 -5.855977e-01 -2.650921e-01 2.409364e+00 -6.532468e-01 -2.650902e-01
2454549.781821 5.915616e+02 3.404175e+00 -5.855476e-01 -2.650957e-01 2.409372e+00 -6.532966e-01 -2.650938e-01
2454549.787601 5.915616e+02 3.404177e+00 -5.854977e-01 -2.650994e-01 2.409379e+00 -6.533463e-01 -2.650974e-01
2454554.742119 4.786301e+02 3.405991e+00 -5.426672e-01 -2.681902e-01 2.419235e+00 -6.955244e-01 -2.681885e-01
2454556.735759 5.248075e+02 3.406553e+00 -5.254058e-01 -2.694206e-01 2.425069e+00 -7.121893e-01 -2.694190e-01
2454560.729812 5.345644e+02 3.407385e+00 -4.907803e-01 -2.718626e-01 2.439937e+00 -7.448297e-01 -2.718611e-01
2454560.736462 5.345644e+02 3.407386e+00 -4.907226e-01 -2.718666e-01 2.439965e+00 -7.448831e-01 -2.718651e-01
2454560.743102 5.345644e+02 3.407387e+00 -4.906650e-01 -2.718707e-01 2.439993e+00 -7.449364e-01 -2.718692e-01
2454560.749761 5.861382e+02 3.407388e+00 -4.906073e-01 -2.718747e-01 2.440022e+00 -7.449898e-01 -2.718732e-01
2454571.689116 4.786301e+02 3.407660e+00 -3.954979e-01 -2.784016e-01 2.501835e+00 -8.270559e-01 -2.784005e-01
2454574.680179 4.875285e+02 3.407220e+00 -3.694308e-01 -2.801444e-01 2.523866e+00 -8.470519e-01 -2.801434e-01
2454575.677934 5.395106e+02 3.407024e+00 -3.607300e-01 -2.807217e-01 2.531682e+00 -8.534449e-01 -2.807208e-01
2454595.619746 3.944573e+02 3.397895e+00 -1.863541e-01 -2.918258e-01 2.732204e+00 -9.454117e-01 -2.918257e-01
2454596.617006 3.981072e+02 3.397176e+00 -1.776153e-01 -2.923589e-01 2.744199e+00 -9.479405e-01 -2.923589e-01
2454597.614285 4.830588e+02 3.396432e+00 -1.688750e-01 -2.928898e-01 2.756357e+00 -9.502479e-01 -2.928898e-01
2454646.851628 4.207266e+02 3.328084e+00 2.628825e-01 -3.162835e-01 3.466940e+00 -7.442476e-01 -3.162854e-01
2454646.852958 4.207266e+02 3.328082e+00 2.628941e-01 -3.162840e-01 3.466959e+00 -7.442330e-01 -3.162859e-01
2454646.855677 4.207266e+02 3.328076e+00 2.629179e-01 -3.162852e-01 3.466999e+00 -7.442030e-01 -3.162870e-01
2454646.857027 4.207266e+02 3.328073e+00 2.629297e-01 -3.162857e-01 3.467019e+00 -7.441881e-01 -3.162876e-01
2454646.859717 4.207266e+02 3.328068e+00 2.629532e-01 -3.162869e-01 3.467059e+00 -7.441584e-01 -3.162887e-01
2454646.861067 4.207266e+02 3.328065e+00 2.629650e-01 -3.162874e-01 3.467079e+00 -7.441435e-01 -3.162893e-01
2454646.863767 4.207266e+02 3.328060e+00 2.629886e-01 -3.162885e-01 3.467118e+00 -7.441137e-01 -3.162904e-01
2454646.865207 4.207266e+02 3.328057e+00 2.630012e-01 -3.162891e-01 3.467140e+00 -7.440978e-01 -3.162910e-01
2454830.028947 5.754399e+02 2.512408e+00 1.750131e+00 -3.448603e-01 2.374613e+00 2.723757e+00 -3.448586e-01
2454830.031227 5.248075e+02 2.512392e+00 1.750146e+00 -3.448600e-01 2.374558e+00 2.723768e+00 -3.448583e-01
2454830.033537 5.248075e+02 2.512377e+00 1.750163e+00 -3.448597e-01 2.374502e+00 2.723778e+00 -3.448580e-01
2454830.035827 5.248075e+02 2.512361e+00 1.750179e+00 -3.448594e-01 2.374447e+00 2.723788e+00 -3.448576e-01
2454890.037602 2.937650e+02 2.056029e+00 2.135562e+00 -3.303066e-01 1.131724e+00 2.491460e+00 -3.303037e-01
2454891.035511 2.910717e+02 2.047713e+00 2.141308e+00 -3.299541e-01 1.117100e+00 2.481067e+00 -3.299512e-01
2454909.993882 5.152286e+02 1.885461e+00 2.245832e+00 -3.225575e-01 8.899720e-01 2.265196e+00 -3.225545e-01
2454910.991035 3.221069e+02 1.876707e+00 2.251078e+00 -3.221316e-01 8.807531e-01 2.253224e+00 -3.221286e-01
2454952.877664 5.701643e+02 1.490397e+00 2.446839e+00 -3.008901e-01 7.299163e-01 1.785769e+00 -3.008871e-01
2454952.885574 8.090959e+02 1.490321e+00 2.446872e+00 -3.008855e-01 7.299272e-01 1.785698e+00 -3.008824e-01
2454952.893724 8.090959e+02 1.490243e+00 2.446905e+00 -3.008807e-01 7.299384e-01 1.785624e+00 -3.008777e-01
2454952.901975 8.090959e+02 1.490163e+00 2.446938e+00 -3.008759e-01 7.299498e-01 1.785550e+00 -3.008728e-01
2454952.910155 8.090959e+02 1.490084e+00 2.446972e+00 -3.008711e-01 7.299611e-01 1.785477e+00 -3.008680e-01
2454977.769651 8.871560e+02 1.245124e+00 2.538481e+00 -2.851714e-01 8.173353e-01 1.620161e+00 -2.851688e-01
2454977.777381 8.871560e+02 1.245046e+00 2.538507e+00 -2.851662e-01 8.173759e-01 1.620129e+00 -2.851635e-01
2454977.785191 8.871560e+02 1.244968e+00 2.538532e+00 -2.851609e-01 8.174169e-01 1.620098e+00 -2.851583e-01
2454977.793021 8.871560e+02 1.244889e+00 2.538558e+00 -2.851556e-01 8.174581e-01 1.620066e+00 -2.851530e-01
2454981.835479 7.798301e+02 1.204075e+00 2.551562e+00 -2.823864e-01 8.395124e-01 1.605624e+00 -2.823839e-01
2454981.844489 7.798301e+02 1.203983e+00 2.551590e+00 -2.823802e-01 8.395633e-01 1.605596e+00 -2.823776e-01
2454981.853399 7.798301e+02 1.203893e+00 2.551618e+00 -2.823740e-01 8.396136e-01 1.605569e+00 -2.823715e-01
2454981.862439 7.798301e+02 1.203802e+00 2.551647e+00 -2.823678e-01 8.396647e-01 1.605541e+00 -2.823652e-01
2454983.797399 6.606934e+02 1.184174e+00 2.557679e+00 -2.810209e-01 8.507518e-01 1.599996e+00 -2.810184e-01
2454983.804969 7.244360e+02 1.184097e+00 2.557702e+00 -2.810156e-01 8.507958e-01 1.599976e+00 -2.810131e-01
2454983.812479 7.244360e+02 1.184021e+00 2.557725e+00 -2.810104e-01 8.508394e-01 1.599956e+00 -2.810079e-01
2454983.819889 7.244360e+02 1.183946e+00 2.557748e+00 -2.810052e-01 8.508824e-01 1.599936e+00 -2.810027e-01
2454990.754380 5.296634e+02 1.113135e+00 2.578330e+00 -2.760655e-01 8.928306e-01 1.587501e+00 -2.760632e-01
2454993.754637 6.426877e+02 1.082277e+00 2.586731e+00 -2.738740e-01 9.117794e-01 1.585772e+00 -2.738719e-01
2454993.759767 5.861382e+02 1.082224e+00 2.586745e+00 -2.738702e-01 9.118121e-01 1.585771e+00 -2.738681e-01
2454993.765167 5.861382e+02 1.082169e+00 2.586760e+00 -2.738663e-01 9.118466e-01 1.585770e+00 -2.738641e-01
2454993.770337 6.426877e+02 1.082115e+00 2.586774e+00 -2.738624e-01 9.118795e-01 1.585769e+00 -2.738603e-01
2455017.669785 4.207266e+02 8.319590e-01 2.642472e+00 -2.552486e-01 1.063315e+00 1.652451e+00 -2.552475e-01
2455018.666840 3.872576e+02 8.213690e-01 2.644353e+00 -2.544280e-01 1.069117e+00 1.658310e+00 -2.544270e-01
2455019.663913 4.655861e+02 8.107674e-01 2.646198e+00 -2.536039e-01 1.074838e+00 1.664409e+00 -2.536029e-01
2455036.981031 5.105050e+02 6.249899e-01 2.672384e+00 -2.387426e-01 1.156875e+00 1.806983e+00 -2.387426e-01
2455036.982611 5.105050e+02 6.249728e-01 2.672386e+00 -2.387412e-01 1.156881e+00 1.806999e+00 -2.387412e-01
2455036.990700 5.105050e+02 6.248853e-01 2.672395e+00 -2.387340e-01 1.156910e+00 1.807081e+00 -2.387340e-01
2455036.992300 5.105050e+02 6.248680e-01 2.672397e+00 -2.387326e-01 1.156916e+00 1.807097e+00 -2.387326e-01
2455037.000390 5.105050e+02 6.247806e-01 2.672407e+00 -2.387254e-01 1.156944e+00 1.807179e+00 -2.387254e-01
2455037.002000 5.105050e+02 6.247632e-01 2.672409e+00 -2.387240e-01 1.156950e+00 1.807195e+00 -2.387240e-01
2455037.010079 5.105050e+02 6.246758e-01 2.672418e+00 -2.387168e-01 1.156979e+00 1.807277e+00 -2.387168e-01
2455037.011669 5.105050e+02 6.246586e-01 2.672420e+00 -2.387154e-01 1.156985e+00 1.807293e+00 -2.387154e-01
2455063.625535 5.546257e+02 3.342296e-01 2.690399e+00 -2.139127e-01 1.183890e+00 2.140955e+00 -2.139141e-01
2455063.630835 5.058247e+02 3.341714e-01 2.690399e+00 -2.139075e-01 1.183880e+00 2.141032e+00 -2.139090e-01
2455063.636245 5.058247e+02 3.341119e-01 2.690400e+00 -2.139023e-01 1.183870e+00 2.141111e+00 -2.139037e-01
2455063.641354 5.058247e+02 3.340557e-01 2.690401e+00 -2.138973e-01 1.183860e+00 2.141185e+00 -2.138987e-01
2455338.269211 4.055085e+02 -2.273840e+00 1.247315e+00 1.185057e-01 -2.773011e+00 3.667970e-01 1.185102e-01
2455338.279022 3.698282e+02 -2.273898e+00 1.247219e+00 1.185174e-01 -2.772925e+00 3.666169e-01 1.185220e-01
2455338.289123 4.055085e+02 -2.273958e+00 1.247120e+00 1.185295e-01 -2.772836e+00 3.664316e-01 1.185341e-01
2455338.299043 4.055085e+02 -2.274017e+00 1.247023e+00 1.185414e-01 -2.772749e+00 3.662496e-01 1.185460e-01
2455359.243106 3.767038e+02 -2.389042e+00 1.037379e+00 1.431788e-01 -2.555651e+00 3.575223e-02 1.431828e-01
2455359.255507 3.767038e+02 -2.389105e+00 1.037253e+00 1.431931e-01 -2.555507e+00 3.558991e-02 1.431971e-01
2455359.268008 3.767038e+02 -2.389168e+00 1.037125e+00 1.432075e-01 -2.555362e+00 3.542633e-02 1.432115e-01
2455359.280489 4.130475e+02 -2.389231e+00 1.036998e+00 1.432219e-01 -2.555217e+00 3.526305e-02 1.432258e-01
2455395.295514 3.499452e+02 -2.545965e+00 6.596847e-01 1.830527e-01 -2.117264e+00 -2.617924e-01 1.830544e-01
2455395.302935 3.499452e+02 -2.545992e+00 6.596052e-01 1.830606e-01 -2.117177e+00 -2.618185e-01 1.830623e-01
2455395.310495 3.837072e+02 -2.546019e+00 6.595243e-01 1.830686e-01 -2.117088e+00 -2.618450e-01 1.830702e-01
2455395.318066 3.837072e+02 -2.546046e+00 6.594432e-01 1.830766e-01 -2.117000e+00 -2.618716e-01 1.830782e-01
2455400.269617 3.630781e+02 -2.563450e+00 6.062962e-01 1.882678e-01 -2.060134e+00 -2.762331e-01 1.882691e-01
2455400.282448 3.630781e+02 -2.563494e+00 6.061582e-01 1.882812e-01 -2.059989e+00 -2.762625e-01 1.882825e-01
2455400.295308 3.630781e+02 -2.563537e+00 6.060198e-01 1.882946e-01 -2.059844e+00 -2.762921e-01 1.882958e-01
2455400.308349 3.630781e+02 -2.563582e+00 6.058795e-01 1.883081e-01 -2.059698e+00 -2.763219e-01 1.883094e-01
2455476.739207 5.649370e+02 -2.704619e+00 -2.316455e-01 2.581568e-01 -1.733583e+00 5.267920e-03 2.581521e-01
2455476.745467 5.649370e+02 -2.704621e+00 -2.317143e-01 2.581617e-01 -1.733612e+00 5.303360e-03 2.581570e-01
2455476.751847 5.649370e+02 -2.704623e+00 -2.317844e-01 2.581666e-01 -1.733642e+00 5.339480e-03 2.581619e-01
2455476.758126 5.649370e+02 -2.704625e+00 -2.318534e-01 2.581715e-01 -1.733671e+00 5.375030e-03 2.581668e-01
2455536.652040 3.597493e+02 -2.654072e+00 -8.786289e-01 2.977945e-01 -2.378296e+00 6.737821e-02 2.977873e-01
2455536.657750 3.597493e+02 -2.654061e+00 -8.786890e-01 2.977976e-01 -2.378381e+00 6.734522e-02 2.977904e-01
2455536.663479 3.597493e+02 -2.654050e+00 -8.787493e-01 2.978007e-01 -2.378466e+00 6.731210e-02 2.977935e-01
2455536.669239 3.597493e+02 -2.654038e+00 -8.788100e-01 2.978038e-01 -2.378551e+00 6.727880e-02 2.977967e-01
2455577.599196 4.613176e+02 -2.545741e+00 -1.298500e+00 3.167365e-01 -2.968245e+00 -4.101748e-01 3.167315e-01
2455577.606955 4.613176e+02 -2.545715e+00 -1.298577e+00 3.167394e-01 -2.968342e+00 -4.103098e-01 3.167345e-01
2455577.614665 4.207266e+02 -2.545689e+00 -1.298654e+00 3.167424e-01 -2.968438e+00 -4.104441e-01 3.167374e-01
2455577.622404 4.207266e+02 -2.545663e+00 -1.298731e+00 3.167453e-01 -2.968535e+00 -4.105788e-01 3.167404e-01
2455588.569281 4.285485e+02 -2.507441e+00 -1.406678e+00 3.206840e-01 -3.094502e+00 -6.161741e-01 3.206802e-01
2455588.575681 4.285485e+02 -2.507418e+00 -1.406740e+00 3.206862e-01 -3.094569e+00 -6.163027e-01 3.206823e-01
2455588.582060 4.285485e+02 -2.507394e+00 -1.406802e+00 3.206883e-01 -3.094636e+00 -6.164309e-01 3.206845e-01
2455588.588420 4.285485e+02 -2.507371e+00 -1.406865e+00 3.206905e-01 -3.094702e+00 -6.165587e-01 3.206867e-01
1 1
