89.99905543  0.108304  5.864857  0.1  176    6
90.01508268  0.106414  5.661978  0.1  313  -28
90.03544969  0.105946  5.612315  0.4  169    5
90.05683480  0.106920  5.715975  0.4  174   -1
90.06989157  0.105755  5.592038  0.3  172   11
90.09071422  0.108014  5.833478  0.4  174    5
90.12196945  0.106071  5.625566  0.8  260  -13
90.12791984  0.104403  5.450028  0.6   85  -19
90.14292097  0.105233  5.537034  0.5  172    8
90.15176046  0.104817  5.493260  0.1  171   14
90.17757234  0.106249  5.644429  0.4  349   -4
90.19402726  0.105351  5.549376  1.1  314  -23
90.21453709  0.107224  5.748534  0.5  355    4
90.23384312  0.107065  5.731482  1.0  172    5
90.25377615  0.106277  5.647357  0.6  354   -2
90.26640165  0.107080  5.733038  0.8  352   -4
90.29135894  0.107378  5.765045  0.6   86    3
90.30749192  0.106160  5.634980  0.3  352  -13
90.32084312  0.104222  5.431163  0.2  353  -10
90.34053175  0.104359  5.445430  0.3  175   -0
90.35057054  0.105109  5.523999  0.3  314  -22
90.37852692  0.106871  5.710745  0.4   86  -12
90.39739403  0.106794  5.702434  0.5  352   -4
90.41308169  0.108358  5.870776  0.5  263    2
90.43199130  0.106735  5.696154  0.6  264  -13
90.45037175  0.105252  5.538976  0.8  352   -6
90.45983774  0.105527  5.567976  0.9  352   -6
90.48791255  0.105545  5.569893  0.6  174    3
90.50750839  0.105882  5.605518  0.1  266   15
90.51729575  0.106467  5.667641  0.5   86   -2
90.54044710  0.106141  5.632970  0.7  354    6
90.55249815  0.108034  5.835641  0.4  172   32
90.57845235  0.107596  5.788399  0.6  354   -2
90.59944886  0.104550  5.465399  0.6  353    7
90.60996400  0.104570  5.467400  0.0  174    2
90.62712559  0.104252  5.434284  0.6  173   -5
90.64824500  0.106665  5.688704  0.5  314  -16
90.65461598  0.107083  5.733387  0.5  267   39
90.68533713  0.105777  5.594413  0.8  172    2
90.70916057  0.105560  5.571503  0.7  172    2
90.72299295  0.105312  5.545273  0.1  173    2
90.74066750  0.105024  5.515014  0.4  174   -2
90.74964857  0.106797  5.702809  0.0  315  -26
90.77861344  0.107738  5.803783  0.4  354   -4
90.79090468  0.107417  5.769231  0.6  356    5
90.81341598  0.107928  5.824253  0.4  175   12
90.83023095  0.107724  5.802209  0.2  175   10
90.84914500  0.106801  5.703261  0.5   81   24
90.86959296  0.106415  5.662078  0.5  353  -15
90.88178292  0.107033  5.728082  0.8  316   -4
90.90700091  0.109002  5.940710  1.1  173    7
90.91789871  0.109159  5.957812  0.9  357    4
90.93979503  0.107809  5.811416  0.8  355  -10
90.95735276  0.108317  5.866252  1.0  355   -0
90.98389614  0.106667  5.688977  0.8  355    0
90.99707370  0.104804  5.491973  1.2  173    2
91.00731299  0.105822  5.599151  1.1  173    5
91.02507625  0.106659  5.688059  0.7  353   -6
91.04658694  0.107743  5.804330  0.6  316  -17
91.06674405  0.109045  5.945372  1.1  173    3
91.08493732  0.107866  5.817588  0.2  265   17
91.10977293  0.106976  5.721914  1.0  352   -8
91.12081901  0.106857  5.709240  1.4  353   -9
91.14241997  0.106678  5.690092  1.6  354   -7
91.15698994  0.107339  5.760794  1.1  176   -4
91.18404941  0.106553  5.676797  1.5  358    1
91.19404063  0.108073  5.839861  1.4  175   13
91.21604829  0.107043  5.729101  1.2  175   12
91.23628283  0.107163  5.741958  0.2  264  -11
91.25199898  0.107479  5.775874  0.5  264  -11
91.27290257  0.108678  5.905407  0.5   86    8
91.29502230  0.107886  5.819692  0.5  354  -13
91.30853802  0.106232  5.642621  0.0  356   -5
91.32897524  0.106981  5.722493  0.5  176    9
91.34001724  0.105297  5.543778  0.6  355   -4
91.36050742  0.106676  5.689936  0.3   84   -6
91.38282239  0.105830  5.600023  0.0  178    0
91.39812474  0.105340  5.548281  0.1  264    0
91.41588535  0.105605  5.576205  0.1  166    9
91.43472651  0.106207  5.639918  0.4  266  -14
91.44493513  0.107477  5.775702  0.7  269   26
91.47020472  0.106211  5.640390  0.1  314  -30
91.49576461  0.106435  5.664230  0.5  174   -6
91.50844078  0.103482  5.354237  0.2  354   -4
91.53163028  0.103396  5.345329  0.0  175    7
91.54804101  0.105467  5.561676  0.2  357   -2
91.56548655  0.104804  5.491954  0.1  357   -3
91.57573023  0.105050  5.517754  0.1  356   -1
91.59505856  0.104075  5.415770  0.3  352  -14
91.61424664  0.106302  5.650038  0.6  354    1
91.63486457  0.104776  5.489012  0.2  273   32
91.65569029  0.107431  5.770689  0.1  176   42
91.68117262  0.106760  5.698836  0.5  268  -16
91.69960844  0.103756  5.382627  0.1  353   -4
91.70571454  0.103837  5.391077  0.3  354   -1
91.73118564  0.102895  5.293701  0.6  174    7
91.74777185  0.105695  5.585667  0.8  355   -2
91.76935629  0.103941  5.401883  0.7  173   21
91.78976580  0.103106  5.315411  0.1  174   -2
91.80953397  0.106959  5.720095  0.7  171    5
91.82882798  0.105862  5.603428  0.8  353   -3
91.84105693  0.106509  5.672034  0.3  354    4
91.85923259  0.105419  5.556624  0.1  172    8
91.87866820  0.106838  5.707145  0.1  350    1
91.89995046  0.106566  5.678166  0.7  175    2
91.91816506  0.101927  5.194522  0.6  316   -9
91.93861966  0.103959  5.403771  1.5  355   -4
91.95452947  0.106296  5.649410  1.5  175    1
91.97966271  0.105906  5.608049  0.5  175   -8
91.98961125  0.105131  5.526272  0.3  176   -1
92.01312888  0.104803  5.491783  1.0   89  -29
92.02723452  0.105763  5.592898  0.2  313  -27
92.04679076  0.105881  5.605374  0.2  355    6
92.07174563  0.107394  5.766708  0.4  172   12
92.08622070  0.108565  5.893126  0.6  265  -11
92.10915296  0.106905  5.714358  0.8  173    4
92.12721829  0.103830  5.390336  0.0  173    4
92.13933433  0.104232  5.432172  0.1  356   -3
92.15986701  0.106489  5.669902  0.3   86   -6
92.18288740  0.106335  5.653527  0.3  174    4
92.21220671  0.107390  5.766318  1.3   42  -44
92.21893471  0.105049  5.517678  1.2  265   -3
92.24275667  0.105436  5.558372  1.0  353    3
92.25399603  0.106365  5.656750  1.1  354   -2
92.27406554  0.106100  5.628654  2.0  351    1
92.29386462  0.107553  5.783844  0.3  263   20
92.31814575  0.106836  5.706948  0.8  175    6
92.33329467  0.103132  5.318111  0.1  176    7
92.34767792  0.104424  5.452154  0.4  173   -2
92.35985749  0.108165  5.849880  0.0  316  -24
92.38754414  0.107654  5.794671  0.3  355    1
92.40352661  0.108254  5.859446  0.7  268   17
92.43388307  0.107394  5.766767  0.4  353  -11
92.44675212  0.106437  5.664422  0.5  260  -18
