4.605618 0.5 5.295524 1 period_start period_step period_end fixed/free
0.0				initial epoch
0.0				initial rotation angle      
0.1				convexity weight      
6 6				degree and order of spherical harmonics      
6				number of rows        
0.5	1			scattering parameters
0.1	1
-0.5	1     
0.1	0			LS coeff                 
50				iteration stop condidion
10				minimum number of iterations (only if the above value < 1)
5				Alamda multiplicative factor
0.1				Alamda initial value
2
151  0    0.118    2015-11-16.5--2018-10-13.5    c    ATLAS
2457343.124060  3.019670e+00  1.539100e+00 -2.657302e+00  2.573206e-01  2.124264e+00 -1.860208e+00  2.572696e-01
2457343.124060  3.019670e+00  1.539100e+00 -2.657302e+00  2.573206e-01  2.124264e+00 -1.860208e+00  2.572696e-01
2457392.072020  3.413622e+00  1.932417e+00 -2.450711e+00  3.045944e-01  1.704342e+00 -1.494257e+00  3.045471e-01
2457392.089490  4.234198e+00  1.932550e+00 -2.450627e+00  3.046101e-01  1.704178e+00 -1.494243e+00  3.045628e-01
2457392.089490  4.234198e+00  1.932550e+00 -2.450627e+00  3.046101e-01  1.704178e+00 -1.494243e+00  3.045628e-01
2457401.004820  4.401502e+00  1.999605e+00 -2.406689e+00  3.124867e-01  1.622937e+00 -1.498159e+00  3.124437e-01
2457401.014020  4.176235e+00  1.999674e+00 -2.406643e+00  3.124947e-01  1.622857e+00 -1.498174e+00  3.124517e-01
2457401.061370  4.050446e+00  2.000026e+00 -2.406405e+00  3.125359e-01  1.622443e+00 -1.498251e+00  3.124929e-01
2457401.061370  4.050446e+00  2.000026e+00 -2.406405e+00  3.125359e-01  1.622443e+00 -1.498251e+00  3.124929e-01
2457401.970240  3.787665e+00  2.006776e+00 -2.401821e+00  3.133255e-01  1.614548e+00 -1.499850e+00  3.132835e-01
2457401.970240  3.787665e+00  2.006776e+00 -2.401821e+00  3.133255e-01  1.614548e+00 -1.499850e+00  3.132835e-01
2457401.995610  4.073146e+00  2.006965e+00 -2.401693e+00  3.133475e-01  1.614329e+00 -1.499898e+00  3.133055e-01
2457402.028800  3.752111e+00  2.007211e+00 -2.401525e+00  3.133763e-01  1.614042e+00 -1.499961e+00  3.133343e-01
2457422.017530  4.497802e+00  2.151603e+00 -2.296015e+00  3.301083e-01  1.468355e+00 -1.585649e+00  3.300728e-01
2457422.041210  4.986726e+00  2.151769e+00 -2.295885e+00  3.301274e-01  1.468221e+00 -1.585803e+00  3.300920e-01
2457422.041210  4.986726e+00  2.151769e+00 -2.295885e+00  3.301274e-01  1.468221e+00 -1.585803e+00  3.300920e-01
2457423.014160  4.717430e+00  2.158596e+00 -2.290526e+00  3.309107e-01  1.462808e+00 -1.592216e+00  3.308757e-01
2457423.014160  4.717430e+00  2.158596e+00 -2.290526e+00  3.309107e-01  1.462808e+00 -1.592216e+00  3.308757e-01
2457423.014160  4.717430e+00  2.158596e+00 -2.290526e+00  3.309107e-01  1.462808e+00 -1.592216e+00  3.308757e-01
2457423.061530  4.644532e+00  2.158927e+00 -2.290264e+00  3.309487e-01  1.462549e+00 -1.592533e+00  3.309137e-01
2457428.987770  3.746356e+00  2.200087e+00 -2.257178e+00  3.356550e-01  1.433749e+00 -1.635523e+00  3.356258e-01
2457428.987770  3.746356e+00  2.200087e+00 -2.257178e+00  3.356550e-01  1.433749e+00 -1.635523e+00  3.356258e-01
2457429.011690  5.770911e+00  2.200251e+00 -2.257043e+00  3.356737e-01  1.433648e+00 -1.635709e+00  3.356446e-01
2457452.895330  3.121704e+00  2.358747e+00 -2.116370e+00  3.535175e-01  1.400391e+00 -1.860057e+00  3.535007e-01
2457452.895330  3.121704e+00  2.358747e+00 -2.116370e+00  3.535175e-01  1.400391e+00 -1.860057e+00  3.535007e-01
2457452.925460  3.733383e+00  2.358940e+00 -2.116185e+00  3.535388e-01  1.400440e+00 -1.860376e+00  3.535221e-01
2457452.935110  4.008096e+00  2.359001e+00 -2.116126e+00  3.535456e-01  1.400456e+00 -1.860477e+00  3.535289e-01
2457452.939320  3.888245e+00  2.359028e+00 -2.116100e+00  3.535486e-01  1.400463e+00 -1.860522e+00  3.535319e-01
2457452.939320  3.888245e+00  2.359028e+00 -2.116100e+00  3.535486e-01  1.400463e+00 -1.860522e+00  3.535319e-01
2457452.939320  3.888245e+00  2.359028e+00 -2.116100e+00  3.535486e-01  1.400463e+00 -1.860522e+00  3.535319e-01
2457452.947540  3.303573e+00  2.359081e+00 -2.116050e+00  3.535545e-01  1.400477e+00 -1.860609e+00  3.535377e-01
2457452.947540  3.303573e+00  2.359081e+00 -2.116050e+00  3.535545e-01  1.400477e+00 -1.860609e+00  3.535377e-01
2457460.886750  2.780041e+00  2.409070e+00 -2.066793e+00  3.590794e-01  1.422298e+00 -1.945913e+00  3.590725e-01
2457460.906410  3.370793e+00  2.409192e+00 -2.066669e+00  3.590929e-01  1.422374e+00 -1.946127e+00  3.590859e-01
2457460.906410  3.370793e+00  2.409192e+00 -2.066669e+00  3.590929e-01  1.422374e+00 -1.946127e+00  3.590859e-01
2457460.930320  3.846189e+00  2.409341e+00 -2.066519e+00  3.591092e-01  1.422466e+00 -1.946387e+00  3.591023e-01
2457460.930320  3.846189e+00  2.409341e+00 -2.066519e+00  3.591092e-01  1.422466e+00 -1.946387e+00  3.591023e-01
2457480.821160  3.770997e+00  2.528471e+00 -1.937975e+00  3.720407e-01  1.553449e+00 -2.159168e+00  3.720418e-01
2457480.843980  3.237135e+00  2.528603e+00 -1.937824e+00  3.720548e-01  1.553661e+00 -2.159401e+00  3.720559e-01
2457480.843980  3.237135e+00  2.528603e+00 -1.937824e+00  3.720548e-01  1.553661e+00 -2.159401e+00  3.720559e-01
2457480.843980  3.237135e+00  2.528603e+00 -1.937824e+00  3.720548e-01  1.553661e+00 -2.159401e+00  3.720559e-01
2457480.889260  3.798117e+00  2.528864e+00 -1.937523e+00  3.720828e-01  1.554082e+00 -2.159863e+00  3.720839e-01
2457490.817550  3.626417e+00  2.584977e+00 -1.870742e+00  3.780424e-01  1.659386e+00 -2.256285e+00  3.780541e-01
2457490.817550  3.626417e+00  2.584977e+00 -1.870742e+00  3.780424e-01  1.659386e+00 -2.256285e+00  3.780541e-01
2457491.759910  3.516992e+00  2.590186e+00 -1.864317e+00  3.785908e-01  1.670690e+00 -2.264837e+00  3.786029e-01
2457491.759910  3.516992e+00  2.590186e+00 -1.864317e+00  3.785908e-01  1.670690e+00 -2.264837e+00  3.786029e-01
2457491.759910  3.516992e+00  2.590186e+00 -1.864317e+00  3.785908e-01  1.670690e+00 -2.264837e+00  3.786029e-01
2457507.741030  2.909201e+00  2.675372e+00 -1.753151e+00  3.874319e-01  1.893932e+00 -2.388766e+00  3.874474e-01
2457509.763430  4.126442e+00  2.685725e+00 -1.738795e+00  3.884885e-01  1.926121e+00 -2.401163e+00  3.885060e-01
2457510.733850  2.672200e+00  2.690658e+00 -1.731884e+00  3.889905e-01  1.941855e+00 -2.406815e+00  3.890091e-01
2457510.733850  2.672200e+00  2.690658e+00 -1.731884e+00  3.889905e-01  1.941855e+00 -2.406815e+00  3.890091e-01
2457510.733850  2.672200e+00  2.690658e+00 -1.731884e+00  3.889905e-01  1.941855e+00 -2.406815e+00  3.890091e-01
2457510.733850  2.672200e+00  2.690658e+00 -1.731884e+00  3.889905e-01  1.941855e+00 -2.406815e+00  3.890091e-01
2457510.733850  2.672200e+00  2.690658e+00 -1.731884e+00  3.889905e-01  1.941855e+00 -2.406815e+00  3.890091e-01
2457510.781260  3.786765e+00  2.690899e+00 -1.731546e+00  3.890149e-01  1.942628e+00 -2.407086e+00  3.890336e-01
2457510.795830  3.704500e+00  2.690972e+00 -1.731442e+00  3.890225e-01  1.942866e+00 -2.407169e+00  3.890411e-01
2457511.746840  3.518172e+00  2.695784e+00 -1.724654e+00  3.895111e-01  1.958473e+00 -2.412504e+00  3.895307e-01
2457511.746840  3.518172e+00  2.695784e+00 -1.724654e+00  3.895111e-01  1.958473e+00 -2.412504e+00  3.895307e-01
2457511.758870  2.792334e+00  2.695845e+00 -1.724568e+00  3.895172e-01  1.958672e+00 -2.412570e+00  3.895369e-01
2457511.758870  2.792334e+00  2.695845e+00 -1.724568e+00  3.895172e-01  1.958672e+00 -2.412570e+00  3.895369e-01
2457511.780020  3.816417e+00  2.695951e+00 -1.724417e+00  3.895281e-01  1.959021e+00 -2.412686e+00  3.895478e-01
2457511.780020  3.816417e+00  2.695951e+00 -1.724417e+00  3.895281e-01  1.959021e+00 -2.412686e+00  3.895478e-01
2457511.790090  3.263608e+00  2.696002e+00 -1.724345e+00  3.895332e-01  1.959187e+00 -2.412742e+00  3.895530e-01
2457780.120210  2.537193e+00  3.110017e+00  5.123352e-01  3.965820e-01  2.522749e+00  1.302570e+00  3.965608e-01
2457780.136070  3.158473e+00  3.109983e+00  5.124722e-01  3.965745e-01  2.522491e+00  1.302543e+00  3.965533e-01
2457780.151920  3.279449e+00  3.109948e+00  5.126091e-01  3.965671e-01  2.522233e+00  1.302517e+00  3.965459e-01
2457784.132620  3.744057e+00  3.101040e+00  5.469574e-01  3.946675e-01  2.458733e+00  1.293809e+00  3.946507e-01
2457784.134220  3.494095e+00  3.101036e+00  5.469712e-01  3.946667e-01  2.458708e+00  1.293804e+00  3.946499e-01
2457784.148700  4.007415e+00  3.101003e+00  5.470960e-01  3.946597e-01  2.458482e+00  1.293766e+00  3.946429e-01
2457784.150230  2.967952e+00  3.100999e+00  5.471092e-01  3.946589e-01  2.458458e+00  1.293762e+00  3.946422e-01
2457788.098080  2.823537e+00  3.091714e+00  5.810947e-01  3.927174e-01  2.398178e+00  1.281407e+00  3.927047e-01
2457788.135890  2.830144e+00  3.091623e+00  5.814198e-01  3.926985e-01  2.397614e+00  1.281271e+00  3.926859e-01
2457788.135890  2.830144e+00  3.091623e+00  5.814198e-01  3.926985e-01  2.397614e+00  1.281271e+00  3.926859e-01
2457788.135890  2.830144e+00  3.091623e+00  5.814198e-01  3.926985e-01  2.397614e+00  1.281271e+00  3.926859e-01
2457788.150470  2.906278e+00  3.091588e+00  5.815452e-01  3.926913e-01  2.397397e+00  1.281219e+00  3.926786e-01
2457788.150470  2.906278e+00  3.091588e+00  5.815452e-01  3.926913e-01  2.397397e+00  1.281219e+00  3.926786e-01
2457804.111700  3.100891e+00  3.049466e+00  7.180350e-01  3.842586e-01  2.185549e+00  1.198598e+00  3.842498e-01
2457804.111700  3.100891e+00  3.049466e+00  7.180350e-01  3.842586e-01  2.185549e+00  1.198598e+00  3.842498e-01
2457804.123380  3.297847e+00  3.049433e+00  7.181343e-01  3.842521e-01  2.185415e+00  1.198521e+00  3.842433e-01
2457808.099420  2.906335e+00  3.037802e+00  7.518807e-01  3.820073e-01  2.141518e+00  1.171115e+00  3.820023e-01
2457808.099420  2.906335e+00  3.037802e+00  7.518807e-01  3.820073e-01  2.141518e+00  1.171115e+00  3.820023e-01
2457808.099420  2.906335e+00  3.037802e+00  7.518807e-01  3.820073e-01  2.141518e+00  1.171115e+00  3.820023e-01
2457836.024110  5.073514e+00  2.943374e+00  9.854224e-01  3.646384e-01  1.947816e+00  9.360548e-01  3.646527e-01
2457836.038880  4.040775e+00  2.943318e+00  9.855442e-01  3.646285e-01  1.947769e+00  9.359217e-01  3.646428e-01
2457840.007520  4.644772e+00  2.928089e+00  1.018175e+00  3.619341e-01  1.937149e+00  9.002500e-01  3.619537e-01
2457840.022990  4.063723e+00  2.928029e+00  1.018302e+00  3.619234e-01  1.937116e+00  9.001115e-01  3.619431e-01
2457840.022990  4.063723e+00  2.928029e+00  1.018302e+00  3.619234e-01  1.937116e+00  9.001115e-01  3.619431e-01
2457840.038890  4.227492e+00  2.927967e+00  1.018433e+00  3.619125e-01  1.937082e+00  8.999692e-01  3.619322e-01
2457840.070320  4.803979e+00  2.927845e+00  1.018690e+00  3.618910e-01  1.937015e+00  8.996878e-01  3.619107e-01
2457840.070320  4.803979e+00  2.927845e+00  1.018690e+00  3.618910e-01  1.937015e+00  8.996878e-01  3.619107e-01
2457843.985110  4.833426e+00  2.912376e+00  1.050724e+00  3.591778e-01  1.930742e+00  8.648953e-01  3.592017e-01
2457844.000820  4.585864e+00  2.912313e+00  1.050852e+00  3.591668e-01  1.930725e+00  8.647569e-01  3.591907e-01
2457847.973930  5.346235e+00  2.896167e+00  1.083201e+00  3.563578e-01  1.928506e+00  8.301750e-01  3.563835e-01
2457847.973930  5.346235e+00  2.896167e+00  1.083201e+00  3.563578e-01  1.928506e+00  8.301750e-01  3.563835e-01
2457847.989660  4.277804e+00  2.896103e+00  1.083328e+00  3.563465e-01  1.928506e+00  8.300400e-01  3.563723e-01
2457847.989660  4.277804e+00  2.896103e+00  1.083328e+00  3.563465e-01  1.928506e+00  8.300400e-01  3.563723e-01
2457847.989660  4.277804e+00  2.896103e+00  1.083328e+00  3.563465e-01  1.928506e+00  8.300400e-01  3.563723e-01
2457847.989660  4.277804e+00  2.896103e+00  1.083328e+00  3.563465e-01  1.928506e+00  8.300400e-01  3.563723e-01
2457848.005380  4.512256e+00  2.896038e+00  1.083456e+00  3.563353e-01  1.928505e+00  8.299050e-01  3.563610e-01
2457848.005380  4.512256e+00  2.896038e+00  1.083456e+00  3.563353e-01  1.928505e+00  8.299050e-01  3.563610e-01
2457848.021050  4.608573e+00  2.895973e+00  1.083583e+00  3.563241e-01  1.928505e+00  8.297705e-01  3.563499e-01
2457863.975010  5.320816e+00  2.826613e+00  1.211725e+00  3.444869e-01  1.959478e+00  7.041878e-01  3.445205e-01
2457863.987110  5.053353e+00  2.826558e+00  1.211821e+00  3.444776e-01  1.959524e+00  7.041034e-01  3.445112e-01
2457864.013370  4.612997e+00  2.826438e+00  1.212030e+00  3.444574e-01  1.959625e+00  7.039202e-01  3.444910e-01
2457871.934660  4.367070e+00  2.789322e+00  1.274529e+00  3.382520e-01  1.996917e+00  6.532756e-01  3.382938e-01
2457871.950510  4.640942e+00  2.789246e+00  1.274653e+00  3.382394e-01  1.997005e+00  6.531842e-01  3.382812e-01
2457871.950510  4.640942e+00  2.789246e+00  1.274653e+00  3.382394e-01  1.997005e+00  6.531842e-01  3.382812e-01
2457871.966330  3.950230e+00  2.789170e+00  1.274777e+00  3.382268e-01  1.997092e+00  6.530930e-01  3.382686e-01
2457895.852620  3.622618e+00  2.666602e+00  1.458164e+00  3.182231e-01  2.179070e+00  5.708742e-01  3.182755e-01
2457895.885760  2.891476e+00  2.666421e+00  1.458413e+00  3.181940e-01  2.179380e+00  5.708461e-01  3.182465e-01
2457895.902040  3.070203e+00  2.666332e+00  1.458535e+00  3.181798e-01  2.179532e+00  5.708324e-01  3.182322e-01
2457895.918920  3.999600e+00  2.666240e+00  1.458661e+00  3.181649e-01  2.179690e+00  5.708183e-01  3.182174e-01
2457899.843750  3.779949e+00  2.644578e+00  1.488000e+00  3.146950e-01  2.217191e+00  5.693989e-01  3.147493e-01
2457899.860560  3.030668e+00  2.644484e+00  1.488125e+00  3.146800e-01  2.217355e+00  5.694010e-01  3.147344e-01
2457899.893700  2.940638e+00  2.644300e+00  1.488372e+00  3.146505e-01  2.217678e+00  5.694052e-01  3.147049e-01
2457903.834280  3.243684e+00  2.622119e+00  1.517585e+00  3.111150e-01  2.256812e+00  5.718643e-01  3.111689e-01
2457903.867470  2.833656e+00  2.621931e+00  1.517830e+00  3.110850e-01  2.257147e+00  5.719016e-01  3.111389e-01
2458194.131890  2.671210e+00  2.999911e-02  2.566699e+00 -5.151460e-02 -9.619027e-01  2.640806e+00 -5.148951e-02
2458194.131890  2.671210e+00  2.999911e-02  2.566699e+00 -5.151460e-02 -9.619027e-01  2.640806e+00 -5.148951e-02
2458194.131890  2.671210e+00  2.999911e-02  2.566699e+00 -5.151460e-02 -9.619027e-01  2.640806e+00 -5.148951e-02
2458194.131890  2.671210e+00  2.999911e-02  2.566699e+00 -5.151460e-02 -9.619027e-01  2.640806e+00 -5.148951e-02
2458287.115310  3.623851e+00 -9.595594e-01  2.217440e+00 -1.738140e-01 -1.028253e+00  1.203855e+00 -1.737600e-01
2458311.067530  3.411274e+00 -1.193990e+00  2.062476e+00 -2.012273e-01 -8.636026e-01  1.101057e+00 -2.011768e-01
2458311.067530  3.411274e+00 -1.193990e+00  2.062476e+00 -2.012273e-01 -8.636026e-01  1.101057e+00 -2.011768e-01
2458311.067530  3.411274e+00 -1.193990e+00  2.062476e+00 -2.012273e-01 -8.636026e-01  1.101057e+00 -2.011768e-01
2458333.973060  4.877495e+00 -1.404360e+00  1.890364e+00 -2.251132e-01 -7.408315e-01  1.122680e+00 -2.250723e-01
2458333.981440  4.311190e+00 -1.404435e+00  1.890297e+00 -2.251215e-01 -7.407989e-01  1.122707e+00 -2.250806e-01
2458333.981440  4.311190e+00 -1.404435e+00  1.890297e+00 -2.251215e-01 -7.407989e-01  1.122707e+00 -2.250806e-01
2458333.981440  4.311190e+00 -1.404435e+00  1.890297e+00 -2.251215e-01 -7.407989e-01  1.122707e+00 -2.250806e-01
2458333.989990  4.086932e+00 -1.404510e+00  1.890228e+00 -2.251299e-01 -7.407656e-01  1.122734e+00 -2.250890e-01
2458333.989990  4.086932e+00 -1.404510e+00  1.890228e+00 -2.251299e-01 -7.407656e-01  1.122734e+00 -2.250890e-01
2458333.989990  4.086932e+00 -1.404510e+00  1.890228e+00 -2.251299e-01 -7.407656e-01  1.122734e+00 -2.250890e-01
2458333.989990  4.086932e+00 -1.404510e+00  1.890228e+00 -2.251299e-01 -7.407656e-01  1.122734e+00 -2.250890e-01
2458338.966630  3.534525e+00 -1.448136e+00  1.849852e+00 -2.299821e-01 -7.233923e-01  1.140653e+00 -2.299456e-01
2458338.966630  3.534525e+00 -1.448136e+00  1.849852e+00 -2.299821e-01 -7.233923e-01  1.140653e+00 -2.299456e-01
2458338.966630  3.534525e+00 -1.448136e+00  1.849852e+00 -2.299821e-01 -7.233923e-01  1.140653e+00 -2.299456e-01
2458338.977340  4.156615e+00 -1.448229e+00  1.849764e+00 -2.299925e-01 -7.233594e-01  1.140696e+00 -2.299559e-01
2458342.956390  3.388466e+00 -1.482530e+00  1.816737e+00 -2.337798e-01 -7.125402e-01  1.157921e+00 -2.337484e-01
2458342.956390  3.388466e+00 -1.482530e+00  1.816737e+00 -2.337798e-01 -7.125402e-01  1.157921e+00 -2.337484e-01
2458342.977830  4.165179e+00 -1.482713e+00  1.816558e+00 -2.338000e-01 -7.124897e-01  1.158020e+00 -2.337686e-01
2458342.988560  5.380825e+00 -1.482805e+00  1.816468e+00 -2.338101e-01 -7.124645e-01  1.158070e+00 -2.337787e-01
2458398.840620  2.882489e+00 -1.901648e+00  1.288842e+00 -2.773712e-01 -9.307354e-01  1.526656e+00 -2.773810e-01
2458398.850530  2.763232e+00 -1.901711e+00  1.288739e+00 -2.773772e-01 -9.308415e-01  1.526718e+00 -2.773870e-01
2458398.850530  2.763232e+00 -1.901711e+00  1.288739e+00 -2.773772e-01 -9.308415e-01  1.526718e+00 -2.773870e-01
2458402.815130  2.754902e+00 -1.926463e+00  1.247210e+00 -2.797279e-01 -9.751946e-01  1.550607e+00 -2.797414e-01
2458402.815130  2.754902e+00 -1.926463e+00  1.247210e+00 -2.797279e-01 -9.751946e-01  1.550607e+00 -2.797414e-01
2458402.825400  3.370990e+00 -1.926526e+00  1.247102e+00 -2.797339e-01 -9.753144e-01  1.550667e+00 -2.797474e-01
2458402.825400  3.370990e+00 -1.926526e+00  1.247102e+00 -2.797339e-01 -9.753144e-01  1.550667e+00 -2.797474e-01
2458402.835240  2.697782e+00 -1.926587e+00  1.246998e+00 -2.797396e-01 -9.754292e-01  1.550724e+00 -2.797531e-01
2458405.787900  2.287557e+00 -1.944547e+00  1.215762e+00 -2.814216e-01 -1.010910e+00  1.567288e+00 -2.814363e-01
2458405.797690  2.595500e+00 -1.944606e+00  1.215658e+00 -2.814270e-01 -1.011031e+00  1.567341e+00 -2.814418e-01
391  0    0.112    2015-10-24.5--2018-10-14.5    o    ATLAS
2457320.098730  3.788470e+00  1.340748e+00 -2.732700e+00  2.328764e-01  2.196380e+00 -2.225845e+00  2.328339e-01
2457320.098730  3.788470e+00  1.340748e+00 -2.732700e+00  2.328764e-01  2.196380e+00 -2.225845e+00  2.328339e-01
2457389.088600  5.795763e+00  1.909646e+00 -2.464998e+00  3.019063e-01  1.732634e+00 -1.497798e+00  3.018597e-01
2457389.103520  5.859617e+00  1.909760e+00 -2.464927e+00  3.019198e-01  1.732492e+00 -1.497774e+00  3.018732e-01
2457389.103520  5.859617e+00  1.909760e+00 -2.464927e+00  3.019198e-01  1.732492e+00 -1.497774e+00  3.018732e-01
2457389.103520  5.859617e+00  1.909760e+00 -2.464927e+00  3.019198e-01  1.732492e+00 -1.497774e+00  3.018732e-01
2457389.138780  4.877220e+00  1.910031e+00 -2.464759e+00  3.019517e-01  1.732155e+00 -1.497718e+00  3.019051e-01
2457389.138780  4.877220e+00  1.910031e+00 -2.464759e+00  3.019517e-01  1.732155e+00 -1.497718e+00  3.019051e-01
2457408.951340  6.496800e+00  2.058101e+00 -2.365990e+00  3.193080e-01  1.557048e+00 -1.519090e+00  3.192718e-01
2457408.963110  7.032168e+00  2.058186e+00 -2.365929e+00  3.193180e-01  1.556956e+00 -1.519132e+00  3.192817e-01
2457408.998080  5.373508e+00  2.058441e+00 -2.365746e+00  3.193476e-01  1.556684e+00 -1.519259e+00  3.193113e-01
2457444.924070  4.770386e+00  2.307183e+00 -2.164592e+00  3.477640e-01  1.395661e+00 -1.778195e+00  3.477432e-01
2457444.988030  5.029801e+00  2.307602e+00 -2.164210e+00  3.478109e-01  1.395633e+00 -1.778830e+00  3.477902e-01
2457444.988030  5.029801e+00  2.307602e+00 -2.164210e+00  3.478109e-01  1.395633e+00 -1.778830e+00  3.477902e-01
2457445.895610  6.631105e+00  2.313540e+00 -2.158782e+00  3.484761e-01  1.395350e+00 -1.787885e+00  3.484554e-01
2457445.903940  5.465280e+00  2.313595e+00 -2.158732e+00  3.484822e-01  1.395348e+00 -1.787969e+00  3.484615e-01
2457445.925440  5.153240e+00  2.313735e+00 -2.158603e+00  3.484979e-01  1.395344e+00 -1.788184e+00  3.484773e-01
2457464.866130  4.689907e+00  2.433609e+00 -2.041656e+00  3.617714e-01  1.439774e+00 -1.989230e+00  3.617672e-01
2457464.887940  4.858000e+00  2.433743e+00 -2.041517e+00  3.617861e-01  1.439881e+00 -1.989468e+00  3.617819e-01
2457464.887940  4.858000e+00  2.433743e+00 -2.041517e+00  3.617861e-01  1.439881e+00 -1.989468e+00  3.617819e-01
2457464.909400  5.182619e+00  2.433874e+00 -2.041381e+00  3.618004e-01  1.439988e+00 -1.989702e+00  3.617962e-01
2457472.852250  5.668199e+00  2.481802e+00 -1.990331e+00  3.670170e-01  1.488001e+00 -2.075651e+00  3.670136e-01
2457472.852250  5.668199e+00  2.481802e+00 -1.990331e+00  3.670170e-01  1.488001e+00 -2.075651e+00  3.670136e-01
2457472.873220  5.020410e+00  2.481927e+00 -1.990194e+00  3.670305e-01  1.488151e+00 -2.075875e+00  3.670271e-01
2457472.873220  5.020410e+00  2.481927e+00 -1.990194e+00  3.670305e-01  1.488151e+00 -2.075875e+00  3.670271e-01
2457472.915420  4.700333e+00  2.482178e+00 -1.989920e+00  3.670577e-01  1.488453e+00 -2.076327e+00  3.670542e-01
2457476.882100  4.643692e+00  2.505581e+00 -1.963995e+00  3.695839e-01  1.518954e+00 -2.118377e+00  3.695817e-01
2457476.882100  4.643692e+00  2.505581e+00 -1.963995e+00  3.695839e-01  1.518954e+00 -2.118377e+00  3.695817e-01
2457476.882100  4.643692e+00  2.505581e+00 -1.963995e+00  3.695839e-01  1.518954e+00 -2.118377e+00  3.695817e-01
2457500.762980  5.778463e+00  2.638910e+00 -1.802195e+00  3.836785e-01  1.789404e+00 -2.339965e+00  3.836909e-01
2457505.729600  4.561697e+00  2.664980e+00 -1.767367e+00  3.863671e-01  1.862743e+00 -2.375633e+00  3.863811e-01
2457505.730970  4.515775e+00  2.664987e+00 -1.767357e+00  3.863678e-01  1.862764e+00 -2.375642e+00  3.863818e-01
2457505.730970  4.515775e+00  2.664987e+00 -1.767357e+00  3.863678e-01  1.862764e+00 -2.375642e+00  3.863818e-01
2457505.730970  4.515775e+00  2.664987e+00 -1.767357e+00  3.863678e-01  1.862764e+00 -2.375642e+00  3.863818e-01
2457505.730970  4.515775e+00  2.664987e+00 -1.767357e+00  3.863678e-01  1.862764e+00 -2.375642e+00  3.863818e-01
2457505.740700  5.039348e+00  2.665037e+00 -1.767288e+00  3.863730e-01  1.862913e+00 -2.375707e+00  3.863870e-01
2457505.740700  5.039348e+00  2.665037e+00 -1.767288e+00  3.863730e-01  1.862913e+00 -2.375707e+00  3.863870e-01
2457505.740700  5.039348e+00  2.665037e+00 -1.767288e+00  3.863730e-01  1.862913e+00 -2.375707e+00  3.863870e-01
2457505.742350  4.261687e+00  2.665046e+00 -1.767277e+00  3.863739e-01  1.862938e+00 -2.375718e+00  3.863879e-01
2457505.754590  3.905120e+00  2.665109e+00 -1.767191e+00  3.863804e-01  1.863125e+00 -2.375801e+00  3.863944e-01
2457505.754590  3.905120e+00  2.665109e+00 -1.767191e+00  3.863804e-01  1.863125e+00 -2.375801e+00  3.863944e-01
2457506.727640  5.704641e+00  2.670148e+00 -1.760321e+00  3.868972e-01  1.878114e+00 -2.382248e+00  3.869119e-01
2457506.727640  5.704641e+00  2.670148e+00 -1.760321e+00  3.868972e-01  1.878114e+00 -2.382248e+00  3.869119e-01
2457506.740230  5.580620e+00  2.670213e+00 -1.760232e+00  3.869038e-01  1.878310e+00 -2.382330e+00  3.869185e-01
2457506.740230  5.580620e+00  2.670213e+00 -1.760232e+00  3.869038e-01  1.878310e+00 -2.382330e+00  3.869185e-01
2457506.757170  3.865051e+00  2.670301e+00 -1.760112e+00  3.869128e-01  1.878572e+00 -2.382440e+00  3.869275e-01
2457772.143280  5.288795e+00  3.126494e+00  4.432837e-01  4.002124e-01  2.657074e+00  1.307798e+00  4.001878e-01
2457772.143280  5.288795e+00  3.126494e+00  4.432837e-01  4.002124e-01  2.657074e+00  1.307798e+00  4.001878e-01
2457800.118180  5.365038e+00  3.060690e+00  6.840327e-01  3.864555e-01  2.233394e+00  1.223648e+00  3.864450e-01
2457800.118180  5.365038e+00  3.060690e+00  6.840327e-01  3.864555e-01  2.233394e+00  1.223648e+00  3.864450e-01
2457817.133750  4.380681e+00  3.009693e+00  8.281337e-01  3.766941e-01  2.056423e+00  1.101333e+00  3.766995e-01
2457819.107600  4.611710e+00  3.003240e+00  8.447104e-01  3.754942e-01  2.040637e+00  1.084982e+00  3.755006e-01
2457819.125620  4.619400e+00  3.003181e+00  8.448616e-01  3.754831e-01  2.040498e+00  1.084831e+00  3.754896e-01
2457819.125620  4.619400e+00  3.003181e+00  8.448616e-01  3.754831e-01  2.040498e+00  1.084831e+00  3.754896e-01
2457819.136070  5.841728e+00  3.003146e+00  8.449492e-01  3.754768e-01  2.040417e+00  1.084744e+00  3.754832e-01
2457819.136070  5.841728e+00  3.003146e+00  8.449492e-01  3.754768e-01  2.040417e+00  1.084744e+00  3.754832e-01
2457819.140080  4.985677e+00  3.003133e+00  8.449829e-01  3.754743e-01  2.040386e+00  1.084710e+00  3.754808e-01
2457820.054020  3.864292e+00  3.000107e+00  8.526475e-01  3.749138e-01  2.033431e+00  1.077030e+00  3.749206e-01
2457820.069190  5.559123e+00  3.000056e+00  8.527747e-01  3.749045e-01  2.033318e+00  1.076902e+00  3.749113e-01
2457820.069190  5.559123e+00  3.000056e+00  8.527747e-01  3.749045e-01  2.033318e+00  1.076902e+00  3.749113e-01
2457820.069190  5.559123e+00  3.000056e+00  8.527747e-01  3.749045e-01  2.033318e+00  1.076902e+00  3.749113e-01
2457820.069190  5.559123e+00  3.000056e+00  8.527747e-01  3.749045e-01  2.033318e+00  1.076902e+00  3.749113e-01
2457820.069190  5.559123e+00  3.000056e+00  8.527747e-01  3.749045e-01  2.033318e+00  1.076902e+00  3.749113e-01
2457820.099580  4.695470e+00  2.999955e+00  8.530294e-01  3.748858e-01  2.033090e+00  1.076646e+00  3.748926e-01
2457820.099580  4.695470e+00  2.999955e+00  8.530294e-01  3.748858e-01  2.033090e+00  1.076646e+00  3.748926e-01
2457821.087550  5.257367e+00  2.996656e+00  8.613068e-01  3.742764e-01  2.025832e+00  1.068271e+00  3.742834e-01
2457821.115130  4.198115e+00  2.996563e+00  8.615378e-01  3.742594e-01  2.025633e+00  1.068036e+00  3.742663e-01
2457821.129170  5.328394e+00  2.996516e+00  8.616554e-01  3.742507e-01  2.025532e+00  1.067916e+00  3.742576e-01
2457824.026680  5.666130e+00  2.986675e+00  8.858837e-01  3.724429e-01  2.005766e+00  1.042973e+00  3.724500e-01
2457824.026680  5.666130e+00  2.986675e+00  8.858837e-01  3.724429e-01  2.005766e+00  1.042973e+00  3.724500e-01
2457829.075610  4.485718e+00  2.968953e+00  9.279306e-01  3.692210e-01  1.976666e+00  9.984680e-01  3.692290e-01
2457829.075610  4.485718e+00  2.968953e+00  9.279306e-01  3.692210e-01  1.976666e+00  9.984680e-01  3.692290e-01
2457829.075610  4.485718e+00  2.968953e+00  9.279306e-01  3.692210e-01  1.976666e+00  9.984680e-01  3.692290e-01
2457831.071530  5.460445e+00  2.961746e+00  9.444902e-01  3.679222e-01  1.967047e+00  9.806210e-01  3.679314e-01
2457831.071530  5.460445e+00  2.961746e+00  9.444902e-01  3.679222e-01  1.967047e+00  9.806210e-01  3.679314e-01
2457831.071530  5.460445e+00  2.961746e+00  9.444902e-01  3.679222e-01  1.967047e+00  9.806210e-01  3.679314e-01
2457831.085520  5.727700e+00  2.961696e+00  9.446062e-01  3.679131e-01  1.966984e+00  9.804956e-01  3.679223e-01
2457831.113000  6.520579e+00  2.961595e+00  9.448339e-01  3.678951e-01  1.966859e+00  9.802492e-01  3.679043e-01
2457831.113000  6.520579e+00  2.961595e+00  9.448339e-01  3.678951e-01  1.966859e+00  9.802492e-01  3.679043e-01
2457831.113000  6.520579e+00  2.961595e+00  9.448339e-01  3.678951e-01  1.966859e+00  9.802492e-01  3.679043e-01
2457832.028900  6.171406e+00  2.958249e+00  9.524204e-01  3.672942e-01  1.962814e+00  9.720279e-01  3.673042e-01
2457832.042960  6.443728e+00  2.958198e+00  9.525368e-01  3.672850e-01  1.962754e+00  9.719016e-01  3.672950e-01
2457832.057550  5.403661e+00  2.958144e+00  9.526576e-01  3.672754e-01  1.962691e+00  9.717705e-01  3.672854e-01
2457833.059690  5.318368e+00  2.954455e+00  9.609494e-01  3.666144e-01  1.958532e+00  9.627590e-01  3.666254e-01
2457833.059690  5.318368e+00  2.954455e+00  9.609494e-01  3.666144e-01  1.958532e+00  9.627590e-01  3.666254e-01
2457833.074170  6.530268e+00  2.954401e+00  9.610692e-01  3.666048e-01  1.958474e+00  9.626286e-01  3.666158e-01
2457833.074170  6.530268e+00  2.954401e+00  9.610692e-01  3.666048e-01  1.958474e+00  9.626286e-01  3.666158e-01
2457833.074170  6.530268e+00  2.954401e+00  9.610692e-01  3.666048e-01  1.958474e+00  9.626286e-01  3.666158e-01
2457833.088680  6.363321e+00  2.954348e+00  9.611892e-01  3.665952e-01  1.958416e+00  9.624981e-01  3.666062e-01
2457833.088680  6.363321e+00  2.954348e+00  9.611892e-01  3.665952e-01  1.958416e+00  9.624981e-01  3.666062e-01
2457833.088680  6.363321e+00  2.954348e+00  9.611892e-01  3.665952e-01  1.958416e+00  9.624981e-01  3.666062e-01
2457834.063940  4.827801e+00  2.950729e+00  9.692494e-01  3.659485e-01  1.954636e+00  9.537170e-01  3.659605e-01
2457834.063940  4.827801e+00  2.950729e+00  9.692494e-01  3.659485e-01  1.954636e+00  9.537170e-01  3.659605e-01
2457834.063940  4.827801e+00  2.950729e+00  9.692494e-01  3.659485e-01  1.954636e+00  9.537170e-01  3.659605e-01
2457835.054500  5.747150e+00  2.947026e+00  9.774269e-01  3.652881e-01  1.951060e+00  9.447921e-01  3.653013e-01
2457838.043690  5.699848e+00  2.935681e+00  1.002047e+00  3.632743e-01  1.941874e+00  9.178732e-01  3.632913e-01
2457838.058430  7.070046e+00  2.935624e+00  1.002169e+00  3.632643e-01  1.941834e+00  9.177407e-01  3.632814e-01
2457838.073220  7.187550e+00  2.935568e+00  1.002290e+00  3.632543e-01  1.941795e+00  9.176077e-01  3.632713e-01
2457838.073220  7.187550e+00  2.935568e+00  1.002290e+00  3.632543e-01  1.941795e+00  9.176077e-01  3.632713e-01
2457839.053760  5.539741e+00  2.931790e+00  1.010347e+00  3.625867e-01  1.939314e+00  9.087994e-01  3.626051e-01
2457839.082640  7.335193e+00  2.931678e+00  1.010584e+00  3.625670e-01  1.939245e+00  9.085402e-01  3.625854e-01
2457843.043600  4.897269e+00  2.916136e+00  1.043034e+00  3.598352e-01  1.931878e+00  8.732100e-01  3.598583e-01
2457846.063860  6.854337e+00  2.903985e+00  1.067670e+00  3.577151e-01  1.929060e+00  8.466890e-01  3.577403e-01
2457846.063860  6.854337e+00  2.903985e+00  1.067670e+00  3.577151e-01  1.929060e+00  8.466890e-01  3.577403e-01
2457846.997940  6.146022e+00  2.900175e+00  1.075270e+00  3.570529e-01  1.928671e+00  8.385852e-01  3.570784e-01
2457846.997940  6.146022e+00  2.900175e+00  1.075270e+00  3.570529e-01  1.928671e+00  8.385852e-01  3.570784e-01
2457846.997940  6.146022e+00  2.900175e+00  1.075270e+00  3.570529e-01  1.928671e+00  8.385852e-01  3.570784e-01
2457847.029020  6.719497e+00  2.900048e+00  1.075522e+00  3.570309e-01  1.928662e+00  8.383165e-01  3.570563e-01
2457847.044340  7.622697e+00  2.899985e+00  1.075647e+00  3.570200e-01  1.928658e+00  8.381841e-01  3.570455e-01
2457847.044340  7.622697e+00  2.899985e+00  1.075647e+00  3.570200e-01  1.928658e+00  8.381841e-01  3.570455e-01
2457849.981540  6.570484e+00  2.887838e+00  1.099483e+00  3.549173e-01  1.928936e+00  8.130767e-01  3.549433e-01
2457849.996680  6.822988e+00  2.887775e+00  1.099606e+00  3.549064e-01  1.928943e+00  8.129489e-01  3.549324e-01
2457850.958960  7.873758e+00  2.883742e+00  1.107395e+00  3.542109e-01  1.929515e+00  8.048591e-01  3.542369e-01
2457851.004350  5.884629e+00  2.883551e+00  1.107762e+00  3.541780e-01  1.929548e+00  8.044793e-01  3.542040e-01
2457851.004350  5.884629e+00  2.883551e+00  1.107762e+00  3.541780e-01  1.929548e+00  8.044793e-01  3.542040e-01
2457851.992960  7.385930e+00  2.879379e+00  1.115753e+00  3.534600e-01  1.930390e+00  7.962481e-01  3.534860e-01
2457852.009150  7.705210e+00  2.879310e+00  1.115884e+00  3.534482e-01  1.930406e+00  7.961139e-01  3.534742e-01
2457852.009150  7.705210e+00  2.879310e+00  1.115884e+00  3.534482e-01  1.930406e+00  7.961139e-01  3.534742e-01
2457852.024900  5.716951e+00  2.879244e+00  1.116011e+00  3.534367e-01  1.930422e+00  7.959835e-01  3.534628e-01
2457858.958230  6.456350e+00  2.849199e+00  1.171744e+00  3.483045e-01  1.943143e+00  7.408033e-01  3.483329e-01
2457858.987400  7.277361e+00  2.849070e+00  1.171978e+00  3.482825e-01  1.943221e+00  7.405816e-01  3.483110e-01
2457858.987400  7.277361e+00  2.849070e+00  1.171978e+00  3.482825e-01  1.943221e+00  7.405816e-01  3.483110e-01
2457858.987400  7.277361e+00  2.849070e+00  1.171978e+00  3.482825e-01  1.943221e+00  7.405816e-01  3.483110e-01
2457859.962250  7.164560e+00  2.844736e+00  1.179770e+00  3.475474e-01  1.945943e+00  7.332300e-01  3.475767e-01
2457859.976280  7.014308e+00  2.844673e+00  1.179882e+00  3.475368e-01  1.945984e+00  7.331250e-01  3.475661e-01
2457859.976280  7.014308e+00  2.844673e+00  1.179882e+00  3.475368e-01  1.945984e+00  7.331250e-01  3.475661e-01
2457862.015490  6.326225e+00  2.835520e+00  1.196144e+00  3.459884e-01  1.952405e+00  7.181159e-01  3.460197e-01
2457862.015490  6.326225e+00  2.835520e+00  1.196144e+00  3.459884e-01  1.952405e+00  7.181159e-01  3.460197e-01
2457862.039920  6.587829e+00  2.835409e+00  1.196339e+00  3.459697e-01  1.952488e+00  7.179392e-01  3.460011e-01
2457863.023320  6.136297e+00  2.830952e+00  1.204164e+00  3.452178e-01  1.955933e+00  7.108897e-01  3.452502e-01
2457865.998130  5.797986e+00  2.817304e+00  1.227763e+00  3.429228e-01  1.967690e+00  6.903508e-01  3.429589e-01
2457866.010550  6.258666e+00  2.817246e+00  1.227861e+00  3.429131e-01  1.967743e+00  6.902677e-01  3.429493e-01
2457866.010550  6.258666e+00  2.817246e+00  1.227861e+00  3.429131e-01  1.967743e+00  6.902677e-01  3.429493e-01
2457867.010490  6.258959e+00  2.812602e+00  1.235769e+00  3.421348e-01  1.972140e+00  6.836453e-01  3.421722e-01
2457869.989400  5.195376e+00  2.798600e+00  1.259254e+00  3.397958e-01  1.986520e+00  6.648109e-01  3.398363e-01
2457869.989400  5.195376e+00  2.798600e+00  1.259254e+00  3.397958e-01  1.986520e+00  6.648109e-01  3.398363e-01
2457869.989400  5.195376e+00  2.798600e+00  1.259254e+00  3.397958e-01  1.986520e+00  6.648109e-01  3.398363e-01
2457870.001780  4.483599e+00  2.798542e+00  1.259351e+00  3.397860e-01  1.986583e+00  6.647355e-01  3.398265e-01
2457870.014680  6.115575e+00  2.798480e+00  1.259453e+00  3.397758e-01  1.986650e+00  6.646570e-01  3.398163e-01
2457879.893650  5.079764e+00  2.750256e+00  1.336515e+00  3.318012e-01  2.047143e+00  6.130152e-01  3.318435e-01
2457879.893650  5.079764e+00  2.750256e+00  1.336515e+00  3.318012e-01  2.047143e+00  6.130152e-01  3.318435e-01
2457886.870550  4.799250e+00  2.714555e+00  1.390146e+00  3.259701e-01  2.100259e+00  5.878199e-01  3.260143e-01
2457887.865220  5.591821e+00  2.709355e+00  1.397736e+00  3.251254e-01  2.108448e+00  5.850562e-01  3.251703e-01
2457887.865220  5.591821e+00  2.709355e+00  1.397736e+00  3.251254e-01  2.108448e+00  5.850562e-01  3.251703e-01
2457887.878280  5.389955e+00  2.709287e+00  1.397835e+00  3.251143e-01  2.108556e+00  5.850213e-01  3.251592e-01
2457887.892390  6.528590e+00  2.709213e+00  1.397943e+00  3.251023e-01  2.108673e+00  5.849837e-01  3.251472e-01
2457887.905500  4.600988e+00  2.709144e+00  1.398043e+00  3.250911e-01  2.108782e+00  5.849488e-01  3.251361e-01
2457891.922150  4.915460e+00  2.687861e+00  1.428546e+00  3.216462e-01  2.143287e+00  5.760366e-01  3.216948e-01
2457891.922150  4.915460e+00  2.687861e+00  1.428546e+00  3.216462e-01  2.143287e+00  5.760366e-01  3.216948e-01
2457891.922150  4.915460e+00  2.687861e+00  1.428546e+00  3.216462e-01  2.143287e+00  5.760366e-01  3.216948e-01
2457897.799390  4.533263e+00  2.655914e+00  1.472748e+00  3.165088e-01  2.197457e+00  5.696706e-01  3.165624e-01
2457897.799390  4.533263e+00  2.655914e+00  1.472748e+00  3.165088e-01  2.197457e+00  5.696706e-01  3.165624e-01
2457897.816220  4.398066e+00  2.655821e+00  1.472874e+00  3.164939e-01  2.197618e+00  5.696642e-01  3.165476e-01
2457897.850780  5.178053e+00  2.655631e+00  1.473132e+00  3.164633e-01  2.197948e+00  5.696513e-01  3.165170e-01
2457898.829780  4.681119e+00  2.650215e+00  1.480443e+00  3.155963e-01  2.207351e+00  5.694054e-01  3.156504e-01
2457898.829780  4.681119e+00  2.650215e+00  1.480443e+00  3.155963e-01  2.207351e+00  5.694054e-01  3.156504e-01
2457898.846830  5.400102e+00  2.650120e+00  1.480570e+00  3.155812e-01  2.207516e+00  5.694032e-01  3.156353e-01
2457898.846830  5.400102e+00  2.650120e+00  1.480570e+00  3.155812e-01  2.207516e+00  5.694032e-01  3.156353e-01
2457898.846830  5.400102e+00  2.650120e+00  1.480570e+00  3.155812e-01  2.207516e+00  5.694032e-01  3.156353e-01
2457898.846830  5.400102e+00  2.650120e+00  1.480570e+00  3.155812e-01  2.207516e+00  5.694032e-01  3.156353e-01
2457898.863850  4.643595e+00  2.650026e+00  1.480697e+00  3.155661e-01  2.207680e+00  5.694011e-01  3.156202e-01
2457901.833560  5.013811e+00  2.633434e+00  1.502783e+00  3.129164e-01  2.236779e+00  5.701283e-01  3.129708e-01
2457901.833560  5.013811e+00  2.633434e+00  1.502783e+00  3.129164e-01  2.236779e+00  5.701283e-01  3.129708e-01
2457901.838080  5.328226e+00  2.633409e+00  1.502817e+00  3.129124e-01  2.236823e+00  5.701310e-01  3.129667e-01
2457901.855050  4.548170e+00  2.633313e+00  1.502943e+00  3.128971e-01  2.236992e+00  5.701415e-01  3.129515e-01
2457902.814960  4.306493e+00  2.627898e+00  1.510052e+00  3.120344e-01  2.246566e+00  5.708534e-01  3.120886e-01
2457902.817470  4.752607e+00  2.627883e+00  1.510070e+00  3.120322e-01  2.246591e+00  5.708556e-01  3.120863e-01
2457907.815880  5.468951e+00  2.599275e+00  1.546851e+00  3.074912e-01  2.297540e+00  5.783527e-01  3.075437e-01
2457907.832160  4.249710e+00  2.599181e+00  1.546971e+00  3.074763e-01  2.297709e+00  5.783876e-01  3.075288e-01
2457907.832160  4.249710e+00  2.599181e+00  1.546971e+00  3.074763e-01  2.297709e+00  5.783876e-01  3.075288e-01
2457909.761000  3.938591e+00  2.587958e+00  1.561055e+00  3.057021e-01  2.317782e+00  5.830069e-01  3.057543e-01
2457909.777450  4.139972e+00  2.587862e+00  1.561175e+00  3.056870e-01  2.317954e+00  5.830504e-01  3.057391e-01
2457909.777450  4.139972e+00  2.587862e+00  1.561175e+00  3.056870e-01  2.317954e+00  5.830504e-01  3.057391e-01
2457909.777450  4.139972e+00  2.587862e+00  1.561175e+00  3.056870e-01  2.317954e+00  5.830504e-01  3.057391e-01
2457909.777450  4.139972e+00  2.587862e+00  1.561175e+00  3.056870e-01  2.317954e+00  5.830504e-01  3.057391e-01
2457909.815310  4.392658e+00  2.587640e+00  1.561451e+00  3.056520e-01  2.318350e+00  5.831509e-01  3.057042e-01
2457909.815310  4.392658e+00  2.587640e+00  1.561451e+00  3.056520e-01  2.318350e+00  5.831509e-01  3.057042e-01
2457910.801130  5.782622e+00  2.581863e+00  1.568625e+00  3.047404e-01  2.328682e+00  5.858987e-01  3.047925e-01
2457910.815970  5.032411e+00  2.581776e+00  1.568733e+00  3.047267e-01  2.328838e+00  5.859420e-01  3.047788e-01
2457910.829870  3.928476e+00  2.581695e+00  1.568834e+00  3.047138e-01  2.328984e+00  5.859826e-01  3.047659e-01
2457911.829890  3.956315e+00  2.575807e+00  1.576095e+00  3.037858e-01  2.339509e+00  5.890364e-01  3.038380e-01
2457913.771310  4.596973e+00  2.564298e+00  1.590143e+00  3.019750e-01  2.360050e+00  5.957124e-01  3.020277e-01
2457913.809040  3.592563e+00  2.564074e+00  1.590415e+00  3.019397e-01  2.360451e+00  5.958520e-01  3.019924e-01
2457917.788070  4.080086e+00  2.540163e+00  1.619005e+00  2.981901e-01  2.402874e+00  6.126779e-01  2.982451e-01
2457918.743990  4.029701e+00  2.534355e+00  1.625832e+00  2.972818e-01  2.413106e+00  6.173453e-01  2.973374e-01
2457918.743990  4.029701e+00  2.534355e+00  1.625832e+00  2.972818e-01  2.413106e+00  6.173453e-01  2.973374e-01
2457918.765470  5.372166e+00  2.534224e+00  1.625986e+00  2.972613e-01  2.413336e+00  6.174530e-01  2.973170e-01
2457918.765470  5.372166e+00  2.534224e+00  1.625986e+00  2.972613e-01  2.413336e+00  6.174530e-01  2.973170e-01
2457918.782510  5.112227e+00  2.534120e+00  1.626107e+00  2.972451e-01  2.413519e+00  6.175385e-01  2.973008e-01
2457919.812690  4.241174e+00  2.527832e+00  1.633447e+00  2.962629e-01  2.424554e+00  6.228516e-01  2.963193e-01
2457919.812690  4.241174e+00  2.527832e+00  1.633447e+00  2.962629e-01  2.424554e+00  6.228516e-01  2.963193e-01
2457920.804510  4.432321e+00  2.521751e+00  1.640496e+00  2.953140e-01  2.435182e+00  6.282346e-01  2.953711e-01
2457920.804510  4.432321e+00  2.521751e+00  1.640496e+00  2.953140e-01  2.435182e+00  6.282346e-01  2.953711e-01
2457920.804510  4.432321e+00  2.521751e+00  1.640496e+00  2.953140e-01  2.435182e+00  6.282346e-01  2.953711e-01
2457920.812980  5.155390e+00  2.521699e+00  1.640556e+00  2.953058e-01  2.435273e+00  6.282817e-01  2.953630e-01
2457920.812980  5.155390e+00  2.521699e+00  1.640556e+00  2.953058e-01  2.435273e+00  6.282817e-01  2.953630e-01
2457920.812980  5.155390e+00  2.521699e+00  1.640556e+00  2.953058e-01  2.435273e+00  6.282817e-01  2.953630e-01
2457920.812980  5.155390e+00  2.521699e+00  1.640556e+00  2.953058e-01  2.435273e+00  6.282817e-01  2.953630e-01
2457920.814510  4.552678e+00  2.521689e+00  1.640567e+00  2.953044e-01  2.435290e+00  6.282903e-01  2.953615e-01
2457920.821480  4.745608e+00  2.521646e+00  1.640617e+00  2.952977e-01  2.435364e+00  6.283290e-01  2.953549e-01
2457920.823010  4.928303e+00  2.521637e+00  1.640627e+00  2.952962e-01  2.435381e+00  6.283375e-01  2.953534e-01
2457920.823010  4.928303e+00  2.521637e+00  1.640627e+00  2.952962e-01  2.435381e+00  6.283375e-01  2.953534e-01
2457920.823010  4.928303e+00  2.521637e+00  1.640627e+00  2.952962e-01  2.435381e+00  6.283375e-01  2.953534e-01
2457920.823010  4.928303e+00  2.521637e+00  1.640627e+00  2.952962e-01  2.435381e+00  6.283375e-01  2.953534e-01
2457920.830000  5.066667e+00  2.521594e+00  1.640677e+00  2.952895e-01  2.435456e+00  6.283764e-01  2.953467e-01
2457923.811220  4.143823e+00  2.503154e+00  1.661759e+00  2.924184e-01  2.467377e+00  6.461641e-01  2.924772e-01
2457923.820060  4.335437e+00  2.503099e+00  1.661821e+00  2.924098e-01  2.467472e+00  6.462204e-01  2.924687e-01
2457924.813250  4.139937e+00  2.496902e+00  1.668810e+00  2.914470e-01  2.478083e+00  6.526793e-01  2.915062e-01
2457924.820670  4.287660e+00  2.496855e+00  1.668862e+00  2.914398e-01  2.478162e+00  6.527286e-01  2.914990e-01
2457924.822650  4.351384e+00  2.496843e+00  1.668876e+00  2.914379e-01  2.478183e+00  6.527417e-01  2.914971e-01
2457927.813570  4.282938e+00  2.478021e+00  1.689812e+00  2.885198e-01  2.509997e+00  6.738071e-01  2.885789e-01
2457927.813570  4.282938e+00  2.478021e+00  1.689812e+00  2.885198e-01  2.509997e+00  6.738071e-01  2.885789e-01
2457927.813570  4.282938e+00  2.478021e+00  1.689812e+00  2.885198e-01  2.509997e+00  6.738071e-01  2.885789e-01
2457927.822420  3.696353e+00  2.477965e+00  1.689874e+00  2.885111e-01  2.510090e+00  6.738730e-01  2.885702e-01
2457931.811850  3.509100e+00  2.452486e+00  1.717544e+00  2.845751e-01  2.552005e+00  7.057343e-01  2.846321e-01
2457931.811850  3.509100e+00  2.452486e+00  1.717544e+00  2.845751e-01  2.552005e+00  7.057343e-01  2.846321e-01
2457931.821240  4.123150e+00  2.452426e+00  1.717609e+00  2.845658e-01  2.552103e+00  7.058144e-01  2.846228e-01
2457931.830170  3.308726e+00  2.452368e+00  1.717670e+00  2.845569e-01  2.552196e+00  7.058905e-01  2.846140e-01
2457931.830170  3.308726e+00  2.452368e+00  1.717670e+00  2.845569e-01  2.552196e+00  7.058905e-01  2.846140e-01
2457939.798260  5.113980e+00  2.400208e+00  1.772037e+00  2.765477e-01  2.632941e+00  7.822305e-01  2.766011e-01
2457942.786580  4.232286e+00  2.380214e+00  1.792111e+00  2.734939e-01  2.661829e+00  8.151173e-01  2.735476e-01
2457942.786580  4.232286e+00  2.380214e+00  1.792111e+00  2.734939e-01  2.661829e+00  8.151173e-01  2.735476e-01
2457942.786580  4.232286e+00  2.380214e+00  1.792111e+00  2.734939e-01  2.661829e+00  8.151173e-01  2.735476e-01
2457942.795040  3.362047e+00  2.380157e+00  1.792167e+00  2.734853e-01  2.661910e+00  8.152137e-01  2.735389e-01
2457942.795040  3.362047e+00  2.380157e+00  1.792167e+00  2.734853e-01  2.661910e+00  8.152137e-01  2.735389e-01
2457942.802950  3.741369e+00  2.380103e+00  1.792220e+00  2.734771e-01  2.661985e+00  8.153038e-01  2.735308e-01
2457942.802950  3.741369e+00  2.380103e+00  1.792220e+00  2.734771e-01  2.661985e+00  8.153038e-01  2.735308e-01
2457943.769650  3.670295e+00  2.373585e+00  1.798676e+00  2.724834e-01  2.671132e+00  8.264334e-01  2.725374e-01
2457944.766360  4.104444e+00  2.366838e+00  1.805312e+00  2.714559e-01  2.680456e+00  8.381556e-01  2.715102e-01
2457944.791620  4.158522e+00  2.366666e+00  1.805480e+00  2.714298e-01  2.680691e+00  8.384559e-01  2.714842e-01
2457949.767470  4.407366e+00  2.332593e+00  1.838310e+00  2.662550e-01  2.725450e+00  9.007098e-01  2.663114e-01
2457949.784590  4.186343e+00  2.332474e+00  1.838422e+00  2.662371e-01  2.725599e+00  9.009346e-01  2.662935e-01
2457949.784590  4.186343e+00  2.332474e+00  1.838422e+00  2.662371e-01  2.725599e+00  9.009346e-01  2.662935e-01
2457951.778140  4.125455e+00  2.318641e+00  1.851432e+00  2.641430e-01  2.742619e+00  9.275881e-01  2.641997e-01
2457951.778140  4.125455e+00  2.318641e+00  1.851432e+00  2.641430e-01  2.742619e+00  9.275881e-01  2.641997e-01
2457951.787030  4.336110e+00  2.318579e+00  1.851490e+00  2.641337e-01  2.742693e+00  9.277092e-01  2.641904e-01
2457951.787030  4.336110e+00  2.318579e+00  1.851490e+00  2.641337e-01  2.742693e+00  9.277092e-01  2.641904e-01
2457951.803710  5.335238e+00  2.318463e+00  1.851598e+00  2.641161e-01  2.742833e+00  9.279363e-01  2.641728e-01
2457955.773500  3.974612e+00  2.290607e+00  1.877258e+00  2.599108e-01  2.774970e+00  9.838689e-01  2.599662e-01
2457955.782250  3.743880e+00  2.290546e+00  1.877314e+00  2.599015e-01  2.775038e+00  9.839963e-01  2.599568e-01
2457955.791650  4.623291e+00  2.290479e+00  1.877375e+00  2.598915e-01  2.775111e+00  9.841331e-01  2.599468e-01
2457955.800540  4.572765e+00  2.290416e+00  1.877432e+00  2.598820e-01  2.775180e+00  9.842626e-01  2.599373e-01
2457959.747830  5.089279e+00  2.262313e+00  1.902613e+00  2.556545e-01  2.804582e+00  1.043535e+00  2.557063e-01
2457959.774570  4.050761e+00  2.262122e+00  1.902783e+00  2.556257e-01  2.804771e+00  1.043948e+00  2.556774e-01
2457959.774570  4.050761e+00  2.262122e+00  1.902783e+00  2.556257e-01  2.804771e+00  1.043948e+00  2.556774e-01
2457961.753170  3.917719e+00  2.247883e+00  1.915278e+00  2.534894e-01  2.818460e+00  1.074983e+00  2.535392e-01
2457961.759520  4.287973e+00  2.247837e+00  1.915318e+00  2.534825e-01  2.818503e+00  1.075084e+00  2.535323e-01
2457961.777210  3.521310e+00  2.247710e+00  1.915429e+00  2.534634e-01  2.818622e+00  1.075365e+00  2.535132e-01
2457969.736080  4.580393e+00  2.189426e+00  1.964818e+00  2.447562e-01  2.865904e+00  1.208521e+00  2.448021e-01
2457970.743180  3.791675e+00  2.181937e+00  1.970967e+00  2.436416e-01  2.870944e+00  1.226263e+00  2.436876e-01
2457971.726490  4.102667e+00  2.174600e+00  1.976948e+00  2.425506e-01  2.875650e+00  1.243768e+00  2.425967e-01
2457971.729400  5.188885e+00  2.174578e+00  1.976966e+00  2.425473e-01  2.875664e+00  1.243821e+00  2.425934e-01
2457971.729400  5.188885e+00  2.174578e+00  1.976966e+00  2.425473e-01  2.875664e+00  1.243821e+00  2.425934e-01
2457971.729400  5.188885e+00  2.174578e+00  1.976966e+00  2.425473e-01  2.875664e+00  1.243821e+00  2.425934e-01
2457971.729400  5.188885e+00  2.174578e+00  1.976966e+00  2.425473e-01  2.875664e+00  1.243821e+00  2.425934e-01
2457971.729890  5.094192e+00  2.174574e+00  1.976969e+00  2.425468e-01  2.875666e+00  1.243829e+00  2.425929e-01
2457971.734740  5.373884e+00  2.174538e+00  1.976998e+00  2.425414e-01  2.875688e+00  1.243916e+00  2.425875e-01
2457971.742040  4.061699e+00  2.174484e+00  1.977043e+00  2.425333e-01  2.875723e+00  1.244047e+00  2.425794e-01
2457971.742040  4.061699e+00  2.174484e+00  1.977043e+00  2.425333e-01  2.875723e+00  1.244047e+00  2.425794e-01
2457971.742040  4.061699e+00  2.174484e+00  1.977043e+00  2.425333e-01  2.875723e+00  1.244047e+00  2.425794e-01
2457971.742530  3.961951e+00  2.174480e+00  1.977046e+00  2.425327e-01  2.875725e+00  1.244056e+00  2.425788e-01
2457976.725310  4.866499e+00  2.136928e+00  2.007011e+00  2.369624e-01  2.896172e+00  1.335444e+00  2.370093e-01
2457976.727880  4.070269e+00  2.136908e+00  2.007027e+00  2.369595e-01  2.896181e+00  1.335492e+00  2.370065e-01
2458184.116390  3.738203e+00  1.392692e-01  2.580601e+00 -3.747754e-02 -8.220611e-01  2.825206e+00 -3.746296e-02
2458184.116390  3.738203e+00  1.392692e-01  2.580601e+00 -3.747754e-02 -8.220611e-01  2.825206e+00 -3.746296e-02
2458184.127110  3.917562e+00  1.391523e-01  2.580589e+00 -3.749260e-02 -8.222264e-01  2.825015e+00 -3.747802e-02
2458184.127110  3.917562e+00  1.391523e-01  2.580589e+00 -3.749260e-02 -8.222264e-01  2.825015e+00 -3.747802e-02
2458230.115270  3.279590e+00 -3.615960e-01  2.479225e+00 -1.010073e-01 -1.221070e+00  1.958655e+00 -1.009624e-01
2458265.090490  4.252909e+00 -7.337936e-01  2.336609e+00 -1.467643e-01 -1.161234e+00  1.418276e+00 -1.467127e-01
2458265.090490  4.252909e+00 -7.337936e-01  2.336609e+00 -1.467643e-01 -1.161234e+00  1.418276e+00 -1.467127e-01
2458270.021180  3.427073e+00 -7.850455e-01  2.311895e+00 -1.529555e-01 -1.135603e+00  1.360672e+00 -1.529023e-01
2458270.030640  3.565031e+00 -7.851435e-01  2.311847e+00 -1.529673e-01 -1.135551e+00  1.360566e+00 -1.529141e-01
2458270.038690  3.904922e+00 -7.852268e-01  2.311806e+00 -1.529773e-01 -1.135507e+00  1.360477e+00 -1.529242e-01
2458270.047200  4.183678e+00 -7.853150e-01  2.311762e+00 -1.529880e-01 -1.135460e+00  1.360382e+00 -1.529348e-01
2458285.111400  3.858701e+00 -9.393803e-01  2.229214e+00 -1.714205e-01 -1.041876e+00  1.218660e+00 -1.713650e-01
2458291.068720  4.172942e+00 -9.991325e-01  2.193667e+00 -1.784930e-01 -1.000965e+00  1.177484e+00 -1.784416e-01
2458291.079620  4.180058e+00 -9.992412e-01  2.193600e+00 -1.785059e-01 -1.000889e+00  1.177417e+00 -1.784544e-01
2458291.079620  4.180058e+00 -9.992412e-01  2.193600e+00 -1.785059e-01 -1.000889e+00  1.177417e+00 -1.784544e-01
2458291.101110  4.820184e+00 -9.994554e-01  2.193469e+00 -1.785311e-01 -1.000739e+00  1.177284e+00 -1.784797e-01
2458293.062630  4.372993e+00 -1.018968e+00  2.181404e+00 -1.808309e-01 -9.870662e-01  1.165609e+00 -1.807800e-01
2458293.073910  4.336289e+00 -1.019080e+00  2.181334e+00 -1.808441e-01 -9.869874e-01  1.165545e+00 -1.807932e-01
2458293.089540  4.662666e+00 -1.019235e+00  2.181238e+00 -1.808623e-01 -9.868783e-01  1.165455e+00 -1.808115e-01
2458293.094350  4.972884e+00 -1.019283e+00  2.181208e+00 -1.808679e-01 -9.868447e-01  1.165428e+00 -1.808171e-01
2458293.094350  4.972884e+00 -1.019283e+00  2.181208e+00 -1.808679e-01 -9.868447e-01  1.165428e+00 -1.808171e-01
2458294.048560  4.820766e+00 -1.028745e+00  2.175273e+00 -1.819813e-01 -9.801752e-01  1.160089e+00 -1.819306e-01
2458294.066920  3.932047e+00 -1.028927e+00  2.175159e+00 -1.820027e-01 -9.800468e-01  1.159989e+00 -1.819520e-01
2458294.066920  3.932047e+00 -1.028927e+00  2.175159e+00 -1.820027e-01 -9.800468e-01  1.159989e+00 -1.819520e-01
2458295.035100  5.123018e+00 -1.038506e+00  2.169094e+00 -1.831287e-01 -9.732731e-01  1.154798e+00 -1.830779e-01
2458295.035100  5.123018e+00 -1.038506e+00  2.169094e+00 -1.831287e-01 -9.732731e-01  1.154798e+00 -1.830779e-01
2458295.057440  4.379347e+00 -1.038727e+00  2.168954e+00 -1.831546e-01 -9.731167e-01  1.154681e+00 -1.831039e-01
2458295.057440  4.379347e+00 -1.038727e+00  2.168954e+00 -1.831546e-01 -9.731167e-01  1.154681e+00 -1.831039e-01
2458295.067600  4.314755e+00 -1.038828e+00  2.168890e+00 -1.831664e-01 -9.730456e-01  1.154628e+00 -1.831157e-01
2458295.943360  4.893476e+00 -1.047475e+00  2.163366e+00 -1.841817e-01 -9.669160e-01  1.150133e+00 -1.841309e-01
2458295.943360  4.893476e+00 -1.047475e+00  2.163366e+00 -1.841817e-01 -9.669160e-01  1.150133e+00 -1.841309e-01
2458295.958090  5.330177e+00 -1.047620e+00  2.163273e+00 -1.841988e-01 -9.668129e-01  1.150059e+00 -1.841479e-01
2458295.958090  5.330177e+00 -1.047620e+00  2.163273e+00 -1.841988e-01 -9.668129e-01  1.150059e+00 -1.841479e-01
2458295.971150  4.864906e+00 -1.047749e+00  2.163190e+00 -1.842139e-01 -9.667215e-01  1.149993e+00 -1.841630e-01
2458297.007360  5.037210e+00 -1.057958e+00  2.156607e+00 -1.854112e-01 -9.594701e-01  1.144918e+00 -1.853602e-01
2458297.007360  5.037210e+00 -1.057958e+00  2.156607e+00 -1.854112e-01 -9.594701e-01  1.144918e+00 -1.853602e-01
2458297.016730  5.492154e+00 -1.058050e+00  2.156548e+00 -1.854221e-01 -9.594046e-01  1.144873e+00 -1.853710e-01
2458307.070150  5.024819e+00 -1.155805e+00  2.090145e+00 -1.968146e-01 -8.900589e-01  1.108831e+00 -1.967616e-01
2458307.080810  4.891901e+00 -1.155907e+00  2.090072e+00 -1.968264e-01 -8.899871e-01  1.108805e+00 -1.967734e-01
2458307.080810  4.891901e+00 -1.155907e+00  2.090072e+00 -1.968264e-01 -8.899871e-01  1.108805e+00 -1.967734e-01
2458313.051290  5.338942e+00 -1.212787e+00  2.048480e+00 -2.033915e-01 -8.508525e-01  1.098556e+00 -2.033430e-01
2458313.062120  5.121774e+00 -1.212889e+00  2.048403e+00 -2.034032e-01 -8.507837e-01  1.098545e+00 -2.033548e-01
2458313.062120  5.121774e+00 -1.212889e+00  2.048403e+00 -2.034032e-01 -8.507837e-01  1.098545e+00 -2.033548e-01
2458317.003580  6.665698e+00 -1.249927e+00  2.020074e+00 -2.076512e-01 -8.263818e-01  1.096195e+00 -2.076069e-01
2458317.003580  6.665698e+00 -1.249927e+00  2.020074e+00 -2.076512e-01 -8.263818e-01  1.096195e+00 -2.076069e-01
2458320.990520  7.212588e+00 -1.286961e+00  1.990722e+00 -2.118765e-01 -8.031793e-01  1.097238e+00 -2.118347e-01
2458321.001410  7.387014e+00 -1.287061e+00  1.990641e+00 -2.118880e-01 -8.031182e-01  1.097246e+00 -2.118461e-01
2458321.021920  6.183397e+00 -1.287251e+00  1.990488e+00 -2.119095e-01 -8.030032e-01  1.097260e+00 -2.118677e-01
2458322.995620  6.847220e+00 -1.305417e+00  1.975697e+00 -2.139737e-01 -7.921516e-01  1.099017e+00 -2.139323e-01
2458323.006330  6.085494e+00 -1.305515e+00  1.975616e+00 -2.139849e-01 -7.920939e-01  1.099028e+00 -2.139435e-01
2458323.006330  6.085494e+00 -1.305515e+00  1.975616e+00 -2.139849e-01 -7.920939e-01  1.099028e+00 -2.139435e-01
2458323.028150  5.403289e+00 -1.305716e+00  1.975452e+00 -2.140076e-01 -7.919764e-01  1.099052e+00 -2.139662e-01
2458323.888310  5.567192e+00 -1.313597e+00  1.968952e+00 -2.149013e-01 -7.873909e-01  1.100072e+00 -2.148600e-01
2458323.888310  5.567192e+00 -1.313597e+00  1.968952e+00 -2.149013e-01 -7.873909e-01  1.100072e+00 -2.148600e-01
2458323.888310  5.567192e+00 -1.313597e+00  1.968952e+00 -2.149013e-01 -7.873909e-01  1.100072e+00 -2.148600e-01
2458324.959850  6.217690e+00 -1.323385e+00  1.960809e+00 -2.160098e-01 -7.818026e-01  1.101549e+00 -2.159684e-01
2458324.970090  6.950475e+00 -1.323478e+00  1.960731e+00 -2.160203e-01 -7.817499e-01  1.101564e+00 -2.159790e-01
2458324.970090  6.950475e+00 -1.323478e+00  1.960731e+00 -2.160203e-01 -7.817499e-01  1.101564e+00 -2.159790e-01
2458324.980280  7.351909e+00 -1.323571e+00  1.960653e+00 -2.160308e-01 -7.816974e-01  1.101579e+00 -2.159895e-01
2458329.992060  6.224992e+00 -1.368899e+00  1.921907e+00 -2.211415e-01 -7.575268e-01  1.111477e+00 -2.210997e-01
2458329.999900  6.713269e+00 -1.368969e+00  1.921846e+00 -2.211494e-01 -7.574917e-01  1.111496e+00 -2.211076e-01
2458330.018000  6.787708e+00 -1.369131e+00  1.921704e+00 -2.211676e-01 -7.574106e-01  1.111540e+00 -2.211259e-01
2458331.001790  6.292281e+00 -1.377939e+00  1.913970e+00 -2.221563e-01 -7.530720e-01  1.114046e+00 -2.221146e-01
2458340.952400  5.290020e+00 -1.465320e+00  1.833453e+00 -2.318827e-01 -7.176322e-01  1.148940e+00 -2.318487e-01
2458340.962770  5.217578e+00 -1.465410e+00  1.833367e+00 -2.318926e-01 -7.176039e-01  1.148984e+00 -2.318585e-01
2458340.962770  5.217578e+00 -1.465410e+00  1.833367e+00 -2.318926e-01 -7.176039e-01  1.148984e+00 -2.318585e-01
2458350.941080  5.777597e+00 -1.549744e+00  1.748510e+00 -2.411254e-01 -6.999340e-01  1.199255e+00 -2.411000e-01
2458351.898440  4.657899e+00 -1.557654e+00  1.740157e+00 -2.419829e-01 -6.992875e-01  1.204744e+00 -2.419577e-01
2458351.908670  5.042163e+00 -1.557738e+00  1.740068e+00 -2.419920e-01 -6.992816e-01  1.204804e+00 -2.419668e-01
2458360.880470  4.089371e+00 -1.630247e+00  1.660033e+00 -2.497774e-01 -7.028230e-01  1.260778e+00 -2.497540e-01
2458360.880470  4.089371e+00 -1.630247e+00  1.660033e+00 -2.497774e-01 -7.028230e-01  1.260778e+00 -2.497540e-01
2458360.900660  4.743822e+00 -1.630406e+00  1.659849e+00 -2.497944e-01 -7.028511e-01  1.260912e+00 -2.497710e-01
2458360.900660  4.743822e+00 -1.630406e+00  1.659849e+00 -2.497944e-01 -7.028511e-01  1.260912e+00 -2.497710e-01
2458360.900660  4.743822e+00 -1.630406e+00  1.659849e+00 -2.497944e-01 -7.028511e-01  1.260912e+00 -2.497710e-01
2458360.900660  4.743822e+00 -1.630406e+00  1.659849e+00 -2.497944e-01 -7.028511e-01  1.260912e+00 -2.497710e-01
2458360.900660  4.743822e+00 -1.630406e+00  1.659849e+00 -2.497944e-01 -7.028511e-01  1.260912e+00 -2.497710e-01
2458360.910670  5.004538e+00 -1.630486e+00  1.659758e+00 -2.498028e-01 -7.028651e-01  1.260978e+00 -2.497794e-01
2458362.899010  4.882121e+00 -1.646148e+00  1.641596e+00 -2.514656e-01 -7.060929e-01  1.274325e+00 -2.514437e-01
2458362.899010  4.882121e+00 -1.646148e+00  1.641596e+00 -2.514656e-01 -7.060929e-01  1.274325e+00 -2.514437e-01
2458362.919420  4.159916e+00 -1.646308e+00  1.641409e+00 -2.514826e-01 -7.061308e-01  1.274464e+00 -2.514607e-01
2458362.930240  4.233748e+00 -1.646393e+00  1.641310e+00 -2.514916e-01 -7.061509e-01  1.274537e+00 -2.514697e-01
2458370.869240  4.711534e+00 -1.707402e+00  1.567302e+00 -2.578982e-01 -7.283647e-01  1.330225e+00 -2.578865e-01
2458370.879620  4.442291e+00 -1.707480e+00  1.567203e+00 -2.579063e-01 -7.284037e-01  1.330299e+00 -2.578946e-01
2458370.879620  4.442291e+00 -1.707480e+00  1.567203e+00 -2.579063e-01 -7.284037e-01  1.330299e+00 -2.578946e-01
2458370.879620  4.442291e+00 -1.707480e+00  1.567203e+00 -2.579063e-01 -7.284037e-01  1.330299e+00 -2.578946e-01
2458370.879620  4.442291e+00 -1.707480e+00  1.567203e+00 -2.579063e-01 -7.284037e-01  1.330299e+00 -2.578946e-01
2458372.871040  4.424844e+00 -1.722393e+00  1.548273e+00 -2.594542e-01 -7.363757e-01  1.344686e+00 -2.594449e-01
2458372.882550  4.152876e+00 -1.722479e+00  1.548163e+00 -2.594631e-01 -7.364247e-01  1.344770e+00 -2.594538e-01
2458372.891600  4.180121e+00 -1.722546e+00  1.548077e+00 -2.594701e-01 -7.364631e-01  1.344835e+00 -2.594608e-01
2458381.837460  4.623051e+00 -1.787536e+00  1.461283e+00 -2.661229e-01 -7.844787e-01  1.410008e+00 -2.661179e-01
2458381.837460  4.623051e+00 -1.787536e+00  1.461283e+00 -2.661229e-01 -7.844787e-01  1.410008e+00 -2.661179e-01
2458381.837460  4.623051e+00 -1.787536e+00  1.461283e+00 -2.661229e-01 -7.844787e-01  1.410008e+00 -2.661179e-01
2458381.846720  4.279302e+00 -1.787602e+00  1.461191e+00 -2.661295e-01 -7.845387e-01  1.410075e+00 -2.661246e-01
2458382.849020  3.779062e+00 -1.794675e+00  1.451292e+00 -2.668438e-01 -7.911659e-01  1.417336e+00 -2.668391e-01
2458382.849020  3.779062e+00 -1.794675e+00  1.451292e+00 -2.668438e-01 -7.911659e-01  1.417336e+00 -2.668391e-01
2458382.868700  3.765987e+00 -1.794814e+00  1.451098e+00 -2.668578e-01 -7.912986e-01  1.417478e+00 -2.668530e-01
2458382.868700  3.765987e+00 -1.794814e+00  1.451098e+00 -2.668578e-01 -7.912986e-01  1.417478e+00 -2.668530e-01
2458382.870130  3.643222e+00 -1.794824e+00  1.451083e+00 -2.668588e-01 -7.913082e-01  1.417489e+00 -2.668540e-01
2458382.880130  3.701126e+00 -1.794894e+00  1.450984e+00 -2.668659e-01 -7.913756e-01  1.417561e+00 -2.668611e-01
2458383.835080  4.451884e+00 -1.801593e+00  1.441520e+00 -2.675404e-01 -7.979308e-01  1.424455e+00 -2.675358e-01
2458383.843440  3.368095e+00 -1.801651e+00  1.441437e+00 -2.675463e-01 -7.979892e-01  1.424515e+00 -2.675417e-01
2458383.853060  2.996615e+00 -1.801719e+00  1.441341e+00 -2.675531e-01 -7.980564e-01  1.424584e+00 -2.675485e-01
2458383.865190  3.049928e+00 -1.801804e+00  1.441221e+00 -2.675616e-01 -7.981411e-01  1.424671e+00 -2.675570e-01
2458384.834210  3.321938e+00 -1.808560e+00  1.431584e+00 -2.682400e-01 -8.050331e-01  1.431638e+00 -2.682356e-01
2458384.845600  4.001722e+00 -1.808639e+00  1.431471e+00 -2.682480e-01 -8.051155e-01  1.431719e+00 -2.682436e-01
2458384.853710  4.099079e+00 -1.808696e+00  1.431390e+00 -2.682536e-01 -8.051742e-01  1.431778e+00 -2.682492e-01
2458384.858460  3.600057e+00 -1.808729e+00  1.431343e+00 -2.682569e-01 -8.052085e-01  1.431812e+00 -2.682526e-01
2458384.861820  3.991406e+00 -1.808752e+00  1.431309e+00 -2.682593e-01 -8.052329e-01  1.431836e+00 -2.682549e-01
2458384.861820  3.991406e+00 -1.808752e+00  1.431309e+00 -2.682593e-01 -8.052329e-01  1.431836e+00 -2.682549e-01
2458384.861820  3.991406e+00 -1.808752e+00  1.431309e+00 -2.682593e-01 -8.052329e-01  1.431836e+00 -2.682549e-01
2458384.861820  3.991406e+00 -1.808752e+00  1.431309e+00 -2.682593e-01 -8.052329e-01  1.431836e+00 -2.682549e-01
2458385.886450  3.942045e+00 -1.815851e+00  1.421084e+00 -2.689699e-01 -8.127824e-01  1.439166e+00 -2.689659e-01
2458385.886450  3.942045e+00 -1.815851e+00  1.421084e+00 -2.689699e-01 -8.127824e-01  1.439166e+00 -2.689659e-01
2458385.905770  3.632587e+00 -1.815985e+00  1.420891e+00 -2.689833e-01 -8.129272e-01  1.439303e+00 -2.689792e-01
2458385.905770  3.632587e+00 -1.815985e+00  1.420891e+00 -2.689833e-01 -8.129272e-01  1.439303e+00 -2.689792e-01
2458386.829310  3.593670e+00 -1.822344e+00  1.411644e+00 -2.696180e-01 -8.199608e-01  1.445874e+00 -2.696144e-01
2458387.847030  3.172052e+00 -1.829310e+00  1.401420e+00 -2.703111e-01 -8.279580e-01  1.453072e+00 -2.703080e-01
2458387.856110  3.669315e+00 -1.829372e+00  1.401329e+00 -2.703173e-01 -8.280305e-01  1.453136e+00 -2.703142e-01
2458387.856110  3.669315e+00 -1.829372e+00  1.401329e+00 -2.703173e-01 -8.280305e-01  1.453136e+00 -2.703142e-01
2458390.838080  3.364641e+00 -1.849521e+00  1.371176e+00 -2.723098e-01 -8.529542e-01  1.473923e+00 -2.723091e-01
2458390.838080  3.364641e+00 -1.849521e+00  1.371176e+00 -2.723098e-01 -8.529542e-01  1.473923e+00 -2.723091e-01
2458390.838080  3.364641e+00 -1.849521e+00  1.371176e+00 -2.723098e-01 -8.529542e-01  1.473923e+00 -2.723091e-01
2458390.847930  3.343395e+00 -1.849587e+00  1.371076e+00 -2.723163e-01 -8.530402e-01  1.473990e+00 -2.723156e-01
2458406.780590  3.214555e+00 -1.950494e+00  1.205203e+00 -2.819738e-01 -1.023295e+00  1.572598e+00 -2.819888e-01
2458406.790400  3.422706e+00 -1.950553e+00  1.205098e+00 -2.819793e-01 -1.023419e+00  1.572650e+00 -2.819942e-01
2458406.800340  4.297532e+00 -1.950612e+00  1.204993e+00 -2.819848e-01 -1.023544e+00  1.572702e+00 -2.819997e-01
2458406.800340  4.297532e+00 -1.950612e+00  1.204993e+00 -2.819848e-01 -1.023544e+00  1.572702e+00 -2.819997e-01
2458406.800340  4.297532e+00 -1.950612e+00  1.204993e+00 -2.819848e-01 -1.023544e+00  1.572702e+00 -2.819997e-01
1 1
2 1