2	0.5	1000	 1	period_start period_step period_end fixed/free
0.0				initial epoch
0.0				initial rotation angle      
0.1				convexity weight      
3 3				degree and order of spherical harmonics      
6				number of rows        
0.5	1			scattering parameters
0.1	1
-0.5	1     
0.1	0			LS coeff                 
50				iteration stop condidion
10				minimum number of iterations (only if the above value < 1)
5				Alamda multiplicative factor
0.1				Alamda initial value
1
100 0 0.12 2005.9-2008.6 V 703_CATALINA
2453628.918914 8.657458e+00 -2.708133e+00 -1.045022e+00 1.281297e+00 -1.710994e+00 -1.174714e+00 1.281296e+00
2453628.927034 7.895218e+00 -2.708100e+00 -1.045093e+00 1.281293e+00 -1.710946e+00 -1.174647e+00 1.281291e+00
2453628.935164 7.894740e+00 -2.708067e+00 -1.045164e+00 1.281288e+00 -1.710897e+00 -1.174580e+00 1.281287e+00
2453628.943265 7.894263e+00 -2.708034e+00 -1.045235e+00 1.281284e+00 -1.710849e+00 -1.174513e+00 1.281282e+00
2453673.783131 9.658764e+00 -2.501357e+00 -1.426357e+00 1.244215e+00 -1.707009e+00 -8.305385e-01 1.244219e+00
2453673.788711 8.808936e+00 -2.501328e+00 -1.426403e+00 1.244209e+00 -1.707039e+00 -8.305080e-01 1.244213e+00
2453673.794301 9.658850e+00 -2.501299e+00 -1.426449e+00 1.244203e+00 -1.707069e+00 -8.304774e-01 1.244206e+00
2453673.799911 8.809015e+00 -2.501270e+00 -1.426495e+00 1.244196e+00 -1.707100e+00 -8.304466e-01 1.244200e+00
2453680.733267 8.903065e+00 -2.464944e+00 -1.483173e+00 1.236322e+00 -1.749914e+00 -7.967247e-01 1.236327e+00
2453680.738127 8.903162e+00 -2.464918e+00 -1.483212e+00 1.236317e+00 -1.749947e+00 -7.967042e-01 1.236321e+00
2453680.743037 8.903260e+00 -2.464892e+00 -1.483252e+00 1.236311e+00 -1.749981e+00 -7.966834e-01 1.236315e+00
2453680.747897 8.903358e+00 -2.464866e+00 -1.483291e+00 1.236305e+00 -1.750014e+00 -7.966629e-01 1.236310e+00
2453705.689395 8.273232e+00 -2.324819e+00 -1.681278e+00 1.203244e+00 -1.971512e+00 -7.606974e-01 1.203251e+00
2453705.697424 8.273648e+00 -2.324771e+00 -1.681340e+00 1.203233e+00 -1.971596e+00 -7.607106e-01 1.203239e+00
2453705.705514 7.546040e+00 -2.324723e+00 -1.681403e+00 1.203221e+00 -1.971680e+00 -7.607239e-01 1.203227e+00
2453705.713584 7.546422e+00 -2.324676e+00 -1.681466e+00 1.203209e+00 -1.971764e+00 -7.607372e-01 1.203215e+00
2453711.666424 7.157692e+00 -2.289123e+00 -1.727251e+00 1.194226e+00 -2.035266e+00 -7.753466e-01 1.194233e+00
2453711.674453 7.848691e+00 -2.289075e+00 -1.727312e+00 1.194214e+00 -2.035353e+00 -7.753729e-01 1.194221e+00
2453711.682503 8.606395e+00 -2.289026e+00 -1.727374e+00 1.194202e+00 -2.035440e+00 -7.753993e-01 1.194208e+00
2453711.690552 7.849561e+00 -2.288977e+00 -1.727435e+00 1.194189e+00 -2.035528e+00 -7.754257e-01 1.194196e+00
2453733.590735 6.409801e+00 -2.151354e+00 -1.890520e+00 1.157553e+00 -2.277636e+00 -9.152778e-01 1.157560e+00
2453733.600124 7.028735e+00 -2.151293e+00 -1.890588e+00 1.157537e+00 -2.277737e+00 -9.153672e-01 1.157543e+00
2453733.609333 7.029251e+00 -2.151233e+00 -1.890655e+00 1.157520e+00 -2.277837e+00 -9.154549e-01 1.157527e+00
2453733.618523 7.707985e+00 -2.151173e+00 -1.890721e+00 1.157503e+00 -2.277936e+00 -9.155425e-01 1.157510e+00
2453767.585720 8.355415e+00 -1.917419e+00 -2.125314e+00 1.089690e+00 -2.576553e+00 -1.392881e+00 1.089695e+00
2453767.590529 7.620496e+00 -1.917384e+00 -2.125345e+00 1.089679e+00 -2.576581e+00 -1.392968e+00 1.089685e+00
2453767.595339 7.620762e+00 -1.917350e+00 -2.125377e+00 1.089669e+00 -2.576609e+00 -1.393055e+00 1.089674e+00
2453767.600169 8.356292e+00 -1.917315e+00 -2.125408e+00 1.089658e+00 -2.576637e+00 -1.393142e+00 1.089664e+00
2453798.586869 6.433491e+00 -1.684165e+00 -2.317474e+00 1.016494e+00 -2.633738e+00 -2.032091e+00 1.016497e+00
2453798.591739 7.054371e+00 -1.684127e+00 -2.317502e+00 1.016482e+00 -2.633725e+00 -2.032200e+00 1.016485e+00
2453798.596699 7.735175e+00 -1.684089e+00 -2.317531e+00 1.016469e+00 -2.633713e+00 -2.032311e+00 1.016473e+00
2453798.601588 7.054752e+00 -1.684050e+00 -2.317559e+00 1.016457e+00 -2.633700e+00 -2.032420e+00 1.016460e+00
2454041.968917 6.819957e+00 5.337142e-01 -2.863456e+00 1.516804e-01 1.296017e+00 -2.228295e+00 1.516824e-01
2454041.974288 6.819553e+00 5.337648e-01 -2.863446e+00 1.516578e-01 1.296007e+00 -2.228214e+00 1.516598e-01
2454041.979658 6.819148e+00 5.338154e-01 -2.863437e+00 1.516351e-01 1.295997e+00 -2.228134e+00 1.516372e-01
2454041.985069 6.218767e+00 5.338664e-01 -2.863427e+00 1.516124e-01 1.295987e+00 -2.228054e+00 1.516144e-01
2454066.796812 7.488125e+00 7.654232e-01 -2.809384e+00 4.669058e-02 1.185575e+00 -1.916545e+00 4.669419e-02
2454066.818984 7.486347e+00 7.656278e-01 -2.809327e+00 4.659656e-02 1.185428e+00 -1.916326e+00 4.660017e-02
2454066.830065 7.485460e+00 7.657301e-01 -2.809298e+00 4.654957e-02 1.185355e+00 -1.916217e+00 4.655318e-02
2454108.788561 1.380994e+01 1.143567e+00 -2.671001e+00 -1.312558e-01 8.477386e-01 -1.733213e+00 -1.312512e-01
2454108.795011 1.380975e+01 1.143624e+00 -2.670975e+00 -1.312830e-01 8.476873e-01 -1.733221e+00 -1.312784e-01
2454108.801461 1.259447e+01 1.143680e+00 -2.670950e+00 -1.313102e-01 8.476362e-01 -1.733229e+00 -1.313057e-01
2454108.807931 1.380937e+01 1.143737e+00 -2.670924e+00 -1.313376e-01 8.475848e-01 -1.733237e+00 -1.313330e-01
2454138.651223 9.395958e+00 1.398211e+00 -2.537984e+00 -2.563325e-01 6.667485e-01 -1.876492e+00 -2.563287e-01
2454138.655623 9.396237e+00 1.398247e+00 -2.537963e+00 -2.563508e-01 6.667330e-01 -1.876527e+00 -2.563469e-01
2454138.660013 9.396516e+00 1.398283e+00 -2.537941e+00 -2.563690e-01 6.667175e-01 -1.876562e+00 -2.563651e-01
2454138.664413 9.396796e+00 1.398320e+00 -2.537919e+00 -2.563873e-01 6.667020e-01 -1.876597e+00 -2.563834e-01
2454147.666965 8.378489e+00 1.472266e+00 -2.492409e+00 -2.936151e-01 6.438207e-01 -1.954324e+00 -2.936117e-01
2454147.672905 7.641661e+00 1.472314e+00 -2.492379e+00 -2.936396e-01 6.438117e-01 -1.954380e+00 -2.936361e-01
2454147.678844 8.379344e+00 1.472363e+00 -2.492348e+00 -2.936641e-01 6.438027e-01 -1.954435e+00 -2.936606e-01
2454147.684774 9.188232e+00 1.472411e+00 -2.492317e+00 -2.936885e-01 6.437938e-01 -1.954490e+00 -2.936850e-01
2454256.629794 8.487696e+00 2.234868e+00 -1.765436e+00 -7.114809e-01 1.955399e+00 -2.740732e+00 -7.114848e-01
2454256.631954 8.487814e+00 2.234880e+00 -1.765419e+00 -7.114884e-01 1.955446e+00 -2.740725e+00 -7.114923e-01
2454256.634134 9.306834e+00 2.234892e+00 -1.765401e+00 -7.114959e-01 1.955494e+00 -2.740719e+00 -7.114998e-01
2454256.636314 9.306965e+00 2.234905e+00 -1.765384e+00 -7.115035e-01 1.955542e+00 -2.740712e+00 -7.115074e-01
2454437.982473 7.587395e+00 2.803021e+00 -8.510218e-02 -1.172796e+00 3.127101e+00 8.458510e-01 -1.172795e+00
2454437.989084 7.587120e+00 2.803024e+00 -8.503644e-02 -1.172806e+00 3.126994e+00 8.459537e-01 -1.172805e+00
2454449.989325 7.755559e+00 2.806385e+00 3.434486e-02 -1.189950e+00 2.926275e+00 1.011248e+00 -1.189948e+00
2454449.997165 7.072810e+00 2.806386e+00 3.442286e-02 -1.189960e+00 2.926140e+00 1.011342e+00 -1.189959e+00
2454450.005006 7.754805e+00 2.806387e+00 3.450087e-02 -1.189971e+00 2.926005e+00 1.011436e+00 -1.189969e+00
2454450.012706 7.754435e+00 2.806388e+00 3.457747e-02 -1.189981e+00 2.925872e+00 1.011528e+00 -1.189980e+00
2454499.988802 7.786171e+00 2.775420e+00 5.291858e-01 -1.242047e+00 2.091938e+00 1.239268e+00 -1.242045e+00
2454499.994332 7.100765e+00 2.775413e+00 5.292400e-01 -1.242051e+00 2.091861e+00 1.239256e+00 -1.242049e+00
2454499.999903 7.100455e+00 2.775405e+00 5.292947e-01 -1.242055e+00 2.091783e+00 1.239244e+00 -1.242053e+00
2454500.005513 7.100143e+00 2.775398e+00 5.293497e-01 -1.242060e+00 2.091704e+00 1.239231e+00 -1.242057e+00
2454507.946803 6.674713e+00 2.763948e+00 6.070274e-01 -1.247454e+00 1.986589e+00 1.215033e+00 -1.247452e+00
2454507.953454 6.674372e+00 2.763937e+00 6.070923e-01 -1.247459e+00 1.986506e+00 1.215007e+00 -1.247456e+00
2454507.960094 7.317928e+00 2.763927e+00 6.071571e-01 -1.247463e+00 1.986423e+00 1.214981e+00 -1.247460e+00
2454507.966745 7.317554e+00 2.763917e+00 6.072220e-01 -1.247467e+00 1.986341e+00 1.214956e+00 -1.247464e+00
2454528.895916 7.577838e+00 2.725423e+00 8.099956e-01 -1.257916e+00 1.776908e+00 1.098649e+00 -1.257913e+00
2454528.902507 7.577522e+00 2.725409e+00 8.100590e-01 -1.257918e+00 1.776859e+00 1.098603e+00 -1.257916e+00
2454528.909077 7.577208e+00 2.725395e+00 8.101221e-01 -1.257920e+00 1.776810e+00 1.098558e+00 -1.257918e+00
2454528.915677 8.307896e+00 2.725381e+00 8.101855e-01 -1.257923e+00 1.776761e+00 1.098512e+00 -1.257920e+00
2454539.901477 7.806266e+00 2.700442e+00 9.152686e-01 -1.261230e+00 1.711404e+00 1.017905e+00 -1.261227e+00
2454539.909748 8.559048e+00 2.700422e+00 9.153473e-01 -1.261232e+00 1.711367e+00 1.017841e+00 -1.261229e+00
2454539.918008 8.558699e+00 2.700402e+00 9.154260e-01 -1.261234e+00 1.711330e+00 1.017778e+00 -1.261231e+00
2454539.926258 8.558350e+00 2.700382e+00 9.155045e-01 -1.261235e+00 1.711294e+00 1.017715e+00 -1.261233e+00
2454559.763190 8.019775e+00 2.647316e+00 1.102443e+00 -1.263443e+00 1.676049e+00 8.645748e-01 -1.263442e+00
2454559.771460 8.793407e+00 2.647292e+00 1.102520e+00 -1.263443e+00 1.676056e+00 8.645131e-01 -1.263441e+00
2454559.779660 7.313953e+00 2.647268e+00 1.102596e+00 -1.263443e+00 1.676063e+00 8.644521e-01 -1.263441e+00
2454559.787840 8.019495e+00 2.647244e+00 1.102673e+00 -1.263443e+00 1.676071e+00 8.643911e-01 -1.263441e+00
2454570.713807 9.611664e+00 2.613707e+00 1.203891e+00 -1.262609e+00 1.701066e+00 7.876031e-01 -1.262608e+00
2454570.721747 8.766001e+00 2.613682e+00 1.203964e+00 -1.262608e+00 1.701095e+00 7.875514e-01 -1.262607e+00
2454570.728847 1.053911e+01 2.613659e+00 1.204029e+00 -1.262607e+00 1.701121e+00 7.875052e-01 -1.262606e+00
2454570.739657 8.766137e+00 2.613624e+00 1.204129e+00 -1.262605e+00 1.701161e+00 7.874348e-01 -1.262604e+00
2454585.770967 9.969375e+00 2.562628e+00 1.341112e+00 -1.259107e+00 1.782173e+00 7.044693e-01 -1.259107e+00
2454585.777706 9.969640e+00 2.562604e+00 1.341173e+00 -1.259105e+00 1.782220e+00 7.044399e-01 -1.259105e+00
2454585.791126 9.970167e+00 2.562556e+00 1.341294e+00 -1.259101e+00 1.782315e+00 7.043812e-01 -1.259100e+00
2454592.763576 9.388517e+00 2.537034e+00 1.403881e+00 -1.256564e+00 1.835995e+00 6.782838e-01 -1.256563e+00
2454592.773296 9.388992e+00 2.536997e+00 1.403967e+00 -1.256560e+00 1.836076e+00 6.782538e-01 -1.256559e+00
2454592.783026 8.563295e+00 2.536961e+00 1.404054e+00 -1.256556e+00 1.836158e+00 6.782238e-01 -1.256556e+00
2454592.792755 8.563730e+00 2.536924e+00 1.404141e+00 -1.256552e+00 1.836239e+00 6.781938e-01 -1.256552e+00
2454599.651170 8.125960e+00 2.510686e+00 1.465077e+00 -1.253495e+00 1.897524e+00 6.618362e-01 -1.253495e+00
2454599.657630 8.126291e+00 2.510661e+00 1.465134e+00 -1.253492e+00 1.897585e+00 6.618255e-01 -1.253492e+00
2454599.664160 8.910666e+00 2.510635e+00 1.465192e+00 -1.253488e+00 1.897647e+00 6.618146e-01 -1.253489e+00
2454599.670599 8.126957e+00 2.510610e+00 1.465249e+00 -1.253485e+00 1.897708e+00 6.618039e-01 -1.253485e+00
2454625.742128 7.560764e+00 2.400952e+00 1.690819e+00 -1.236877e+00 2.184687e+00 6.990442e-01 -1.236878e+00
2454625.749257 8.290739e+00 2.400920e+00 1.690879e+00 -1.236871e+00 2.184772e+00 6.990779e-01 -1.236872e+00
2454625.756517 7.561735e+00 2.400888e+00 1.690940e+00 -1.236865e+00 2.184860e+00 6.991122e-01 -1.236866e+00
2454625.763717 7.562221e+00 2.400855e+00 1.691001e+00 -1.236860e+00 2.184946e+00 6.991463e-01 -1.236861e+00
1 0.5
