2	0.5	1000	 1	period_start period_step period_end fixed/free
0.0				initial epoch
0.0				initial rotation angle      
0.1				convexity weight      
3 3				degree and order of spherical harmonics      
6				number of rows        
0.5	1			scattering parameters
0.1	1
-0.5	1     
0.1	0			LS coeff                 
50				iteration stop condidion
10				minimum number of iterations (only if the above value < 1)
5				Alamda multiplicative factor
0.1				Alamda initial value
1
109 0 0.12 2006.1-2010.4 V 703_CATALINA
2453745.939907 9.517721e-01 1.934208e+00 -2.329729e+00 2.745709e-02 1.598447e+00 -1.405388e+00 2.746370e-02
2453745.948567 1.043533e+00 1.934266e+00 -2.329679e+00 2.743742e-02 1.598361e+00 -1.405390e+00 2.744403e-02
2453745.957198 1.144143e+00 1.934323e+00 -2.329629e+00 2.741782e-02 1.598276e+00 -1.405391e+00 2.742443e-02
2453745.965858 1.043407e+00 1.934380e+00 -2.329579e+00 2.739815e-02 1.598191e+00 -1.405393e+00 2.740476e-02
2453754.721607 1.430962e+00 1.991412e+00 -2.278074e+00 7.503250e-03 1.515781e+00 -1.416731e+00 7.509500e-03
2453754.728208 1.886314e+00 1.991455e+00 -2.278034e+00 7.488250e-03 1.515722e+00 -1.416747e+00 7.494500e-03
2453754.734778 2.068235e+00 1.991497e+00 -2.277995e+00 7.473320e-03 1.515664e+00 -1.416763e+00 7.479570e-03
2453754.741408 2.267701e+00 1.991539e+00 -2.277955e+00 7.458250e-03 1.515605e+00 -1.416779e+00 7.464500e-03
2453768.812343 1.985214e+00 2.079747e+00 -2.191285e+00 -2.451939e-02 1.404739e+00 -1.473217e+00 -2.451381e-02
2453768.819763 2.386738e+00 2.079793e+00 -2.191238e+00 -2.453624e-02 1.404689e+00 -1.473258e+00 -2.453066e-02
2453768.827203 2.386723e+00 2.079838e+00 -2.191191e+00 -2.455314e-02 1.404639e+00 -1.473299e+00 -2.454757e-02
2453768.834613 2.616974e+00 2.079884e+00 -2.191144e+00 -2.456997e-02 1.404589e+00 -1.473340e+00 -2.456440e-02
2453788.708473 1.305604e+00 2.196883e+00 -2.060828e+00 -6.963044e-02 1.312796e+00 -1.617084e+00 -6.962614e-02
2453788.721353 1.431655e+00 2.196956e+00 -2.060741e+00 -6.965956e-02 1.312765e+00 -1.617195e+00 -6.965527e-02
2453788.729593 1.569840e+00 2.197002e+00 -2.060685e+00 -6.967820e-02 1.312746e+00 -1.617267e+00 -6.967390e-02
2453788.737902 1.721364e+00 2.197049e+00 -2.060629e+00 -6.969699e-02 1.312727e+00 -1.617339e+00 -6.969270e-02
2453794.732461 1.023729e+00 2.230518e+00 -2.019566e+00 -8.323890e-02 1.303237e+00 -1.671120e+00 -8.323509e-02
2453794.738920 1.122542e+00 2.230554e+00 -2.019522e+00 -8.325348e-02 1.303232e+00 -1.671180e+00 -8.324967e-02
2453794.745400 1.230892e+00 2.230590e+00 -2.019477e+00 -8.326810e-02 1.303226e+00 -1.671240e+00 -8.326429e-02
2453794.751860 9.337642e-01 2.230625e+00 -2.019432e+00 -8.328267e-02 1.303221e+00 -1.671300e+00 -8.327887e-02
2453881.629591 9.452388e-01 2.610360e+00 -1.343380e+00 -2.731318e-01 2.176930e+00 -2.258959e+00 -2.731358e-01
2453881.638801 4.126386e-01 2.610389e+00 -1.343302e+00 -2.731509e-01 2.177099e+00 -2.258948e+00 -2.731549e-01
2453881.648090 1.246231e+00 2.610419e+00 -1.343222e+00 -2.731703e-01 2.177270e+00 -2.258938e+00 -2.731743e-01
2453881.657349 4.525085e-01 2.610448e+00 -1.343143e+00 -2.731896e-01 2.177441e+00 -2.258927e+00 -2.731936e-01
2454127.985932 8.416016e-01 2.334400e+00 9.742840e-01 -6.189987e-01 1.741080e+00 1.760164e+00 -6.189945e-01
2454127.995493 9.226863e-01 2.334345e+00 9.743697e-01 -6.190028e-01 1.740891e+00 1.760150e+00 -6.189985e-01
2454128.005104 1.109178e+00 2.334290e+00 9.744559e-01 -6.190069e-01 1.740701e+00 1.760136e+00 -6.190026e-01
2454128.014695 1.462005e+00 2.334234e+00 9.745418e-01 -6.190110e-01 1.740511e+00 1.760122e+00 -6.190067e-01
2454156.933775 8.221207e-01 2.150750e+00 1.226182e+00 -6.268819e-01 1.244132e+00 1.623491e+00 -6.268790e-01
2454156.943546 8.220062e-01 2.150682e+00 1.226264e+00 -6.268830e-01 1.243994e+00 1.623419e+00 -6.268801e-01
2454156.953487 9.881287e-01 2.150613e+00 1.226348e+00 -6.268841e-01 1.243854e+00 1.623345e+00 -6.268812e-01
2454156.963378 1.083309e+00 2.150545e+00 1.226431e+00 -6.268852e-01 1.243715e+00 1.623272e+00 -6.268823e-01
2454175.945231 8.246143e-01 2.012666e+00 1.381982e+00 -6.270204e-01 1.021223e+00 1.462339e+00 -6.270188e-01
2454175.952382 1.191808e+00 2.012612e+00 1.382039e+00 -6.270197e-01 1.021157e+00 1.462273e+00 -6.270181e-01
2454175.959452 9.912027e-01 2.012558e+00 1.382096e+00 -6.270190e-01 1.021091e+00 1.462208e+00 -6.270174e-01
2454175.966563 9.911020e-01 2.012504e+00 1.382152e+00 -6.270182e-01 1.021025e+00 1.462142e+00 -6.270166e-01
2454213.833920 1.422002e+00 1.697933e+00 1.663581e+00 -6.146720e-01 8.519074e-01 1.120405e+00 -6.146733e-01
2454213.843330 1.296772e+00 1.697849e+00 1.663645e+00 -6.146667e-01 8.519078e-01 1.120333e+00 -6.146681e-01
2454213.852721 1.182571e+00 1.697764e+00 1.663709e+00 -6.146615e-01 8.519082e-01 1.120261e+00 -6.146629e-01
2454213.862091 1.296554e+00 1.697680e+00 1.663774e+00 -6.146563e-01 8.519086e-01 1.120189e+00 -6.146577e-01
2454230.891609 1.529998e+00 1.540037e+00 1.775438e+00 -6.034101e-01 8.810699e-01 1.010421e+00 -6.034126e-01
2454230.899249 1.395333e+00 1.539964e+00 1.775485e+00 -6.034042e-01 8.810945e-01 1.010383e+00 -6.034067e-01
2454230.906849 1.160554e+00 1.539892e+00 1.775533e+00 -6.033984e-01 8.811190e-01 1.010344e+00 -6.034009e-01
2454230.914439 1.529862e+00 1.539819e+00 1.775580e+00 -6.033926e-01 8.811435e-01 1.010306e+00 -6.033951e-01
2454230.945030 1.529681e+00 1.539528e+00 1.775772e+00 -6.033691e-01 8.812422e-01 1.010152e+00 -6.033717e-01
2454240.803478 1.364028e+00 1.443978e+00 1.835593e+00 -5.951981e-01 9.201128e-01 9.699198e-01 -5.952012e-01
2454240.811568 1.244002e+00 1.443898e+00 1.835641e+00 -5.951909e-01 9.201500e-01 9.698948e-01 -5.951940e-01
2454240.819648 1.243994e+00 1.443819e+00 1.835689e+00 -5.951837e-01 9.201871e-01 9.698698e-01 -5.951868e-01
2454240.827748 1.243987e+00 1.443739e+00 1.835736e+00 -5.951765e-01 9.202244e-01 9.698448e-01 -5.951796e-01
2454263.788349 9.129871e-01 1.209941e+00 1.960095e+00 -5.713897e-01 1.048608e+00 9.575577e-01 -5.713939e-01
2454263.793679 9.130134e-01 1.209885e+00 1.960122e+00 -5.713834e-01 1.048641e+00 9.575691e-01 -5.713876e-01
2454263.799069 9.130400e-01 1.209829e+00 1.960148e+00 -5.713771e-01 1.048674e+00 9.575807e-01 -5.713812e-01
2454263.804409 1.001157e+00 1.209773e+00 1.960175e+00 -5.713708e-01 1.048707e+00 9.575921e-01 -5.713749e-01
2454269.723836 1.037153e+00 1.147125e+00 1.988618e+00 -5.641564e-01 1.085588e+00 9.744822e-01 -5.641607e-01
2454269.732376 9.459472e-01 1.147034e+00 1.988658e+00 -5.641457e-01 1.085641e+00 9.745127e-01 -5.641500e-01
2454269.740876 9.459994e-01 1.146944e+00 1.988698e+00 -5.641350e-01 1.085694e+00 9.745430e-01 -5.641393e-01
2454269.749405 1.037325e+00 1.146853e+00 1.988738e+00 -5.641243e-01 1.085747e+00 9.745735e-01 -5.641286e-01
2454730.965780 9.081947e-01 -2.260149e+00 -8.039583e-01 5.756577e-01 -1.256541e+00 -8.264328e-01 5.756552e-01
2454730.972310 9.081689e-01 -2.260133e+00 -8.040295e-01 5.756670e-01 -1.256525e+00 -8.263921e-01 5.756645e-01
2454730.978850 9.081430e-01 -2.260118e+00 -8.041009e-01 5.756762e-01 -1.256508e+00 -8.263513e-01 5.756738e-01
2454730.985350 9.957308e-01 -2.260102e+00 -8.041717e-01 5.756854e-01 -1.256492e+00 -8.263108e-01 5.756830e-01
2454743.923284 1.155598e+00 -2.225675e+00 -9.438698e-01 5.930787e-01 -1.245353e+00 -7.455829e-01 5.930766e-01
2454743.929424 1.155591e+00 -2.225657e+00 -9.439354e-01 5.930865e-01 -1.245357e+00 -7.455453e-01 5.930844e-01
2454743.935604 7.994690e-01 -2.225639e+00 -9.440015e-01 5.930943e-01 -1.245362e+00 -7.455076e-01 5.930922e-01
2454743.943684 1.389307e+00 -2.225615e+00 -9.440878e-01 5.931046e-01 -1.245368e+00 -7.454582e-01 5.931025e-01
2454748.812179 1.829617e+00 -2.210788e+00 -9.958899e-01 5.991555e-01 -1.251958e+00 -7.162762e-01 5.991536e-01
2454748.821669 1.829627e+00 -2.210758e+00 -9.959904e-01 5.991670e-01 -1.251976e+00 -7.162207e-01 5.991651e-01
2454748.831360 1.829636e+00 -2.210728e+00 -9.960931e-01 5.991788e-01 -1.251995e+00 -7.161639e-01 5.991769e-01
2454748.840960 1.387929e+00 -2.210698e+00 -9.961948e-01 5.991905e-01 -1.252014e+00 -7.161077e-01 5.991885e-01
2454748.853170 1.265815e+00 -2.210659e+00 -9.963241e-01 5.992053e-01 -1.252038e+00 -7.160362e-01 5.992034e-01
2454748.862230 1.387945e+00 -2.210631e+00 -9.964201e-01 5.992163e-01 -1.252056e+00 -7.159832e-01 5.992144e-01
2454748.871490 1.387952e+00 -2.210601e+00 -9.965182e-01 5.992276e-01 -1.252074e+00 -7.159290e-01 5.992256e-01
2454748.880580 1.387959e+00 -2.210573e+00 -9.966145e-01 5.992386e-01 -1.252092e+00 -7.158758e-01 5.992367e-01
2454766.757704 1.119192e+00 -2.147670e+00 -1.182826e+00 6.191315e-01 -1.324567e+00 -6.260301e-01 6.191303e-01
2454766.765954 1.119250e+00 -2.147638e+00 -1.182910e+00 6.191399e-01 -1.324617e+00 -6.259974e-01 6.191387e-01
2454766.774363 1.119308e+00 -2.147606e+00 -1.182996e+00 6.191484e-01 -1.324668e+00 -6.259642e-01 6.191472e-01
2454766.782893 1.227363e+00 -2.147572e+00 -1.183084e+00 6.191570e-01 -1.324720e+00 -6.259305e-01 6.191558e-01
2454776.779568 1.325453e+00 -2.106859e+00 -1.284242e+00 6.286983e-01 -1.395137e+00 -5.944333e-01 6.286975e-01
2454776.786788 1.208907e+00 -2.106828e+00 -1.284314e+00 6.287047e-01 -1.395195e+00 -5.944168e-01 6.287040e-01
2454776.793948 1.102608e+00 -2.106798e+00 -1.284386e+00 6.287112e-01 -1.395252e+00 -5.944005e-01 6.287104e-01
2454776.801117 1.005655e+00 -2.106767e+00 -1.284458e+00 6.287176e-01 -1.395310e+00 -5.943841e-01 6.287168e-01
2454791.712143 9.812881e-01 -2.039058e+00 -1.431029e+00 6.408556e-01 -1.532319e+00 -5.831075e-01 6.408555e-01
2454791.719392 1.076056e+00 -2.039023e+00 -1.431099e+00 6.408609e-01 -1.532394e+00 -5.831140e-01 6.408608e-01
2454791.726732 1.179976e+00 -2.038988e+00 -1.431170e+00 6.408662e-01 -1.532469e+00 -5.831205e-01 6.408662e-01
2454791.733812 1.180077e+00 -2.038954e+00 -1.431239e+00 6.408714e-01 -1.532541e+00 -5.831268e-01 6.408714e-01
2454802.696051 1.632954e+00 -1.984109e+00 -1.535485e+00 6.482103e-01 -1.651021e+00 -6.076137e-01 6.482108e-01
2454802.702150 1.358343e+00 -1.984077e+00 -1.535542e+00 6.482140e-01 -1.651089e+00 -6.076358e-01 6.482145e-01
2454802.708230 1.489515e+00 -1.984046e+00 -1.535599e+00 6.482177e-01 -1.651158e+00 -6.076578e-01 6.482182e-01
2454802.714250 1.489635e+00 -1.984015e+00 -1.535655e+00 6.482214e-01 -1.651226e+00 -6.076796e-01 6.482219e-01
2454831.637453 1.066459e+00 -1.820367e+00 -1.795279e+00 6.612647e-01 -1.985955e+00 -8.260256e-01 6.612666e-01
2454831.647152 8.871612e-01 -1.820308e+00 -1.795362e+00 6.612676e-01 -1.986063e+00 -8.261375e-01 6.612694e-01
2454831.656721 1.406243e+00 -1.820250e+00 -1.795444e+00 6.612704e-01 -1.986170e+00 -8.262479e-01 6.612722e-01
2454831.666270 1.066885e+00 -1.820191e+00 -1.795526e+00 6.612733e-01 -1.986276e+00 -8.263581e-01 6.612751e-01
2454881.595777 1.035288e+00 -1.482155e+00 -2.185988e+00 6.631084e-01 -2.342067e+00 -1.698363e+00 6.631113e-01
2454881.600646 7.162806e-01 -1.482119e+00 -2.186022e+00 6.631073e-01 -2.342074e+00 -1.698470e+00 6.631103e-01
2454881.605456 7.854251e-01 -1.482084e+00 -2.186056e+00 6.631063e-01 -2.342080e+00 -1.698576e+00 6.631092e-01
2454881.610145 5.958351e-01 -1.482049e+00 -2.186089e+00 6.631053e-01 -2.342087e+00 -1.698680e+00 6.631082e-01
2455122.919355 5.898204e-01 6.210919e-01 -2.908219e+00 3.805735e-01 1.523791e+00 -2.486709e+00 3.805698e-01
2455122.926635 1.024925e+00 6.211568e-01 -2.908211e+00 3.805596e-01 1.523801e+00 -2.486589e+00 3.805559e-01
2455122.934036 9.346811e-01 6.212228e-01 -2.908203e+00 3.805455e-01 1.523811e+00 -2.486466e+00 3.805419e-01
2455122.941376 9.346206e-01 6.212882e-01 -2.908196e+00 3.805316e-01 1.523821e+00 -2.486344e+00 3.805279e-01
2455211.825370 1.688501e+00 1.375923e+00 -2.693786e+00 1.976314e-01 9.616207e-01 -1.801635e+00 1.976303e-01
2455211.832700 1.539924e+00 1.375981e+00 -2.693759e+00 1.976154e-01 9.615625e-01 -1.801661e+00 1.976143e-01
2455211.840230 1.280847e+00 1.376041e+00 -2.693731e+00 1.975990e-01 9.615028e-01 -1.801688e+00 1.975979e-01
2455211.847740 1.851377e+00 1.376101e+00 -2.693703e+00 1.975826e-01 9.614433e-01 -1.801715e+00 1.975815e-01
2455296.608405 6.065879e-01 1.989494e+00 -2.278828e+00 7.495650e-03 1.048073e+00 -2.621203e+00 7.499880e-03
2455296.613784 1.155890e+00 1.989529e+00 -2.278795e+00 7.483410e-03 1.048138e+00 -2.621258e+00 7.487640e-03
2455296.619224 6.651802e-01 1.989564e+00 -2.278763e+00 7.471040e-03 1.048204e+00 -2.621314e+00 7.475260e-03
2455296.624643 1.389832e+00 1.989598e+00 -2.278730e+00 7.458710e-03 1.048269e+00 -2.621369e+00 7.462940e-03
1 0.5
