2	0.5	1000	 1	period_start period_step period_end fixed/free
0.0				initial epoch
0.0				initial rotation angle      
0.1				convexity weight      
3 3				degree and order of spherical harmonics      
6				number of rows        
0.5	1			scattering parameters
0.1	1
-0.5	1     
0.1	0			LS coeff                 
50				iteration stop condidion
10				minimum number of iterations (only if the above value < 1)
5				Alamda multiplicative factor
0.1				Alamda initial value
1
112 0 0.12 2005.10-2010.1 V 703_CATALINA
2453668.903432 1.523693e+00 -1.036309e+00 -1.891938e+00 4.994536e-01 -1.931331e-01 -1.365030e+00 4.994569e-01
2453668.915352 1.670546e+00 -1.036188e+00 -1.892023e+00 4.994688e-01 -1.931240e-01 -1.364941e+00 4.994721e-01
2453668.927523 1.831550e+00 -1.036064e+00 -1.892110e+00 4.994843e-01 -1.931148e-01 -1.364851e+00 4.994876e-01
2453668.939623 1.670242e+00 -1.035941e+00 -1.892196e+00 4.994997e-01 -1.931057e-01 -1.364761e+00 4.995030e-01
2453686.916159 1.252445e+00 -8.490878e-01 -2.011525e+00 5.202208e-01 -2.134671e-01 -1.252872e+00 5.202259e-01
2453686.923709 1.373241e+00 -8.490077e-01 -2.011571e+00 5.202286e-01 -2.134887e-01 -1.252836e+00 5.202337e-01
2453686.931249 1.505688e+00 -8.489276e-01 -2.011618e+00 5.202363e-01 -2.135102e-01 -1.252799e+00 5.202414e-01
2453686.938779 1.505647e+00 -8.488477e-01 -2.011664e+00 5.202441e-01 -2.135318e-01 -1.252763e+00 5.202492e-01
2453700.860626 1.475476e+00 -6.991010e-01 -2.092394e+00 5.332648e-01 -2.682455e-01 -1.204545e+00 5.332709e-01
2453700.866376 1.475483e+00 -6.990384e-01 -2.092426e+00 5.332696e-01 -2.682735e-01 -1.204534e+00 5.332757e-01
2453700.872096 1.475491e+00 -6.989761e-01 -2.092457e+00 5.332744e-01 -2.683014e-01 -1.204522e+00 5.332805e-01
2453700.877826 1.617852e+00 -6.989137e-01 -2.092488e+00 5.332793e-01 -2.683293e-01 -1.204511e+00 5.332854e-01
2453703.727528 1.351047e+00 -6.678099e-01 -2.107746e+00 5.356204e-01 -2.826577e-01 -1.199678e+00 5.356266e-01
2453703.736158 1.351070e+00 -6.677154e-01 -2.107791e+00 5.356273e-01 -2.827024e-01 -1.199666e+00 5.356336e-01
2453703.744728 1.351092e+00 -6.676217e-01 -2.107836e+00 5.356342e-01 -2.827468e-01 -1.199654e+00 5.356404e-01
2453703.753348 1.481467e+00 -6.675274e-01 -2.107882e+00 5.356411e-01 -2.827915e-01 -1.199643e+00 5.356473e-01
2453709.797816 1.813972e+00 -6.011057e-01 -2.138815e+00 5.402436e-01 -3.158042e-01 -1.195589e+00 5.402501e-01
2453709.805326 1.989041e+00 -6.010228e-01 -2.138852e+00 5.402490e-01 -3.158471e-01 -1.195589e+00 5.402555e-01
2453709.812806 1.989103e+00 -6.009402e-01 -2.138889e+00 5.402544e-01 -3.158898e-01 -1.195589e+00 5.402609e-01
2453709.820346 1.989165e+00 -6.008570e-01 -2.138926e+00 5.402598e-01 -3.159329e-01 -1.195590e+00 5.402664e-01
2453733.778415 1.158721e+00 -3.328912e-01 -2.242515e+00 5.537265e-01 -4.624269e-01 -1.267706e+00 5.537334e-01
2453733.783335 1.056828e+00 -3.328356e-01 -2.242534e+00 5.537285e-01 -4.624566e-01 -1.267735e+00 5.537354e-01
2453733.788235 1.270659e+00 -3.327802e-01 -2.242552e+00 5.537305e-01 -4.624861e-01 -1.267765e+00 5.537374e-01
2453733.793035 1.056948e+00 -3.327259e-01 -2.242569e+00 5.537324e-01 -4.625150e-01 -1.267794e+00 5.537393e-01
2453739.735823 2.168384e+00 -2.654156e-01 -2.263599e+00 5.559143e-01 -4.973124e-01 -1.308023e+00 5.559211e-01
2453739.742233 2.168566e+00 -2.653429e-01 -2.263621e+00 5.559164e-01 -4.973486e-01 -1.308072e+00 5.559232e-01
2453739.748642 1.645163e+00 -2.652702e-01 -2.263642e+00 5.559185e-01 -4.973849e-01 -1.308120e+00 5.559253e-01
2453758.695692 1.641024e+00 -4.949479e-02 -2.318516e+00 5.598959e-01 -5.848754e-01 -1.492563e+00 5.599020e-01
2453758.702192 1.496781e+00 -4.942061e-02 -2.318532e+00 5.598965e-01 -5.848968e-01 -1.492640e+00 5.599026e-01
2453758.708641 1.641351e+00 -4.934699e-02 -2.318547e+00 5.598971e-01 -5.849181e-01 -1.492716e+00 5.599032e-01
2453758.715101 1.497079e+00 -4.927326e-02 -2.318563e+00 5.598977e-01 -5.849394e-01 -1.492793e+00 5.599038e-01
2453765.671749 2.005937e+00 3.013870e-02 -2.334122e+00 5.602462e-01 -6.036139e-01 -1.579958e+00 5.602520e-01
2453765.678178 1.668634e+00 3.021209e-02 -2.334136e+00 5.602463e-01 -6.036270e-01 -1.580043e+00 5.602520e-01
2453765.684688 2.006344e+00 3.028639e-02 -2.334149e+00 5.602463e-01 -6.036402e-01 -1.580129e+00 5.602521e-01
2453765.691118 1.829993e+00 3.035979e-02 -2.334162e+00 5.602464e-01 -6.036533e-01 -1.580214e+00 5.602521e-01
2453790.621316 8.152584e-01 3.141321e-01 -2.370285e+00 5.568056e-01 -5.847555e-01 -1.956319e+00 5.568097e-01
2453790.628755 6.781787e-01 3.142164e-01 -2.370292e+00 5.568035e-01 -5.847268e-01 -1.956442e+00 5.568076e-01
2453790.636174 7.436921e-01 3.143005e-01 -2.370298e+00 5.568014e-01 -5.846982e-01 -1.956565e+00 5.568055e-01
2453790.643614 7.437760e-01 3.143847e-01 -2.370304e+00 5.567993e-01 -5.846695e-01 -1.956688e+00 5.568034e-01
2454063.980696 1.331830e+00 2.710215e+00 -1.262865e+00 1.879114e-01 3.174463e+00 -3.915551e-01 1.879149e-01
2454063.987217 1.214591e+00 2.710248e+00 -1.262817e+00 1.878984e-01 3.174396e+00 -3.914546e-01 1.879018e-01
2454063.993737 1.755542e+00 2.710282e+00 -1.262769e+00 1.878853e-01 3.174329e+00 -3.913541e-01 1.878888e-01
2454064.000268 1.601004e+00 2.710316e+00 -1.262721e+00 1.878723e-01 3.174262e+00 -3.912535e-01 1.878758e-01
2454070.976309 1.672921e+00 2.745834e+00 -1.210865e+00 1.738769e-01 3.098682e+00 -2.901081e-01 1.738807e-01
2454070.982789 2.011200e+00 2.745866e+00 -1.210817e+00 1.738638e-01 3.098608e+00 -2.900201e-01 1.738676e-01
2454070.995890 2.417767e+00 2.745932e+00 -1.210719e+00 1.738374e-01 3.098459e+00 -2.898424e-01 1.738412e-01
2454095.922696 1.138894e+00 2.860914e+00 -1.020409e+00 1.231314e-01 2.785535e+00 -3.983077e-02 1.231359e-01
2454095.934637 1.646031e+00 2.860965e+00 -1.020316e+00 1.231069e-01 2.785377e+00 -3.975442e-02 1.231114e-01
2454095.946548 1.368966e+00 2.861016e+00 -1.020223e+00 1.230824e-01 2.785220e+00 -3.967831e-02 1.230869e-01
2454095.958439 1.645689e+00 2.861066e+00 -1.020131e+00 1.230580e-01 2.785063e+00 -3.960236e-02 1.230625e-01
2454168.753297 2.540984e+00 3.089453e+00 -4.313423e-01 -2.837311e-02 2.117703e+00 -2.281387e-01 -2.837099e-02
2454168.761447 2.317402e+00 3.089470e+00 -4.312745e-01 -2.839013e-02 2.117689e+00 -2.282087e-01 -2.838801e-02
2454168.769547 2.540977e+00 3.089486e+00 -4.312071e-01 -2.840705e-02 2.117675e+00 -2.282782e-01 -2.840493e-02
2454168.777677 2.113489e+00 3.089503e+00 -4.311395e-01 -2.842403e-02 2.117660e+00 -2.283481e-01 -2.842191e-02
2454197.715456 1.486558e+00 3.135883e+00 -1.890011e-01 -8.866652e-02 2.178324e+00 -4.802351e-01 -8.866665e-02
2454197.721906 2.148830e+00 3.135890e+00 -1.889469e-01 -8.867988e-02 2.178362e+00 -4.802875e-01 -8.868002e-02
2454197.728376 1.959848e+00 3.135898e+00 -1.888925e-01 -8.869329e-02 2.178400e+00 -4.803400e-01 -8.869342e-02
2454213.703689 1.704724e+00 3.150756e+00 -5.444371e-02 -1.216773e-01 2.303558e+00 -5.957240e-01 -1.216787e-01
2454213.713239 1.869364e+00 3.150762e+00 -5.436327e-02 -1.216970e-01 2.303650e+00 -5.957826e-01 -1.216983e-01
2454213.722828 1.869537e+00 3.150769e+00 -5.428250e-02 -1.217167e-01 2.303743e+00 -5.958415e-01 -1.217180e-01
2454213.732407 2.464757e+00 3.150776e+00 -5.420181e-02 -1.217364e-01 2.303836e+00 -5.959003e-01 -1.217377e-01
2454499.010194 1.749477e+00 2.208995e+00 2.076431e+00 -5.940654e-01 1.538019e+00 2.798146e+00 -5.940627e-01
2454499.016845 1.455058e+00 2.208949e+00 2.076467e+00 -5.940722e-01 1.537887e+00 2.798104e+00 -5.940695e-01
2454499.023595 1.749250e+00 2.208902e+00 2.076504e+00 -5.940792e-01 1.537753e+00 2.798062e+00 -5.940764e-01
2454499.030206 1.210107e+00 2.208856e+00 2.076541e+00 -5.940859e-01 1.537622e+00 2.798020e+00 -5.940832e-01
2454530.962554 1.358723e+00 1.976146e+00 2.241377e+00 -6.237814e-01 1.017315e+00 2.495703e+00 -6.237790e-01
2454530.971165 1.633380e+00 1.976080e+00 2.241419e+00 -6.237885e-01 1.017209e+00 2.495600e+00 -6.237861e-01
2454530.979776 1.358449e+00 1.976014e+00 2.241460e+00 -6.237957e-01 1.017103e+00 2.495498e+00 -6.237932e-01
2454530.988417 1.633050e+00 1.975949e+00 2.241502e+00 -6.238028e-01 1.016997e+00 2.495395e+00 -6.238004e-01
2454582.899633 2.073311e+00 1.553730e+00 2.457542e+00 -6.576996e-01 7.437998e-01 1.860107e+00 -6.576990e-01
2454582.905593 1.572682e+00 1.553679e+00 2.457563e+00 -6.577024e-01 7.438076e-01 1.860045e+00 -6.577018e-01
2454582.917534 2.492260e+00 1.553576e+00 2.457604e+00 -6.577080e-01 7.438234e-01 1.859921e+00 -6.577074e-01
2454600.822501 2.396017e+00 1.396638e+00 2.515517e+00 -6.649198e-01 7.992850e-01 1.700132e+00 -6.649199e-01
2454600.829051 2.880546e+00 1.396579e+00 2.515537e+00 -6.649220e-01 7.993157e-01 1.700085e+00 -6.649221e-01
2454600.835571 2.395851e+00 1.396521e+00 2.515556e+00 -6.649242e-01 7.993462e-01 1.700038e+00 -6.649243e-01
2454600.842091 2.395768e+00 1.396463e+00 2.515576e+00 -6.649263e-01 7.993768e-01 1.699990e+00 -6.649265e-01
2455042.843784 1.415819e+00 -2.114002e+00 2.135559e-01 3.968283e-02 -1.500541e+00 -5.952928e-01 3.968254e-02
2455042.848745 1.291149e+00 -2.114004e+00 2.134937e-01 3.969788e-02 -1.500476e+00 -5.953038e-01 3.969759e-02
2455042.853565 1.415617e+00 -2.114006e+00 2.134332e-01 3.971251e-02 -1.500413e+00 -5.953144e-01 3.971222e-02
2455042.858615 1.290963e+00 -2.114009e+00 2.133699e-01 3.972783e-02 -1.500348e+00 -5.953255e-01 3.972754e-02
2455042.890287 1.290365e+00 -2.114022e+00 2.129729e-01 3.982394e-02 -1.499935e+00 -5.953951e-01 3.982365e-02
2455042.895558 1.176736e+00 -2.114024e+00 2.129068e-01 3.983993e-02 -1.499867e+00 -5.954066e-01 3.983964e-02
2455042.900968 1.073111e+00 -2.114026e+00 2.128390e-01 3.985635e-02 -1.499797e+00 -5.954185e-01 3.985606e-02
2455042.906418 1.176549e+00 -2.114028e+00 2.127707e-01 3.987289e-02 -1.499726e+00 -5.954304e-01 3.987260e-02
2455073.835421 1.441197e+00 -2.095246e+00 -1.762170e-01 1.326689e-01 -1.166160e+00 -5.713647e-01 1.326669e-01
2455073.841261 1.441087e+00 -2.095237e+00 -1.762903e-01 1.326861e-01 -1.166113e+00 -5.713459e-01 1.326842e-01
2455073.847092 1.440976e+00 -2.095227e+00 -1.763635e-01 1.327033e-01 -1.166066e+00 -5.713272e-01 1.327014e-01
2455073.852902 1.440866e+00 -2.095218e+00 -1.764364e-01 1.327205e-01 -1.166019e+00 -5.713085e-01 1.327185e-01
2455101.796451 2.080154e+00 -2.023873e+00 -5.235844e-01 2.131858e-01 -1.024261e+00 -4.504705e-01 2.131827e-01
2455101.803852 2.080069e+00 -2.023847e+00 -5.236750e-01 2.132065e-01 -1.024246e+00 -4.504345e-01 2.132034e-01
2455101.811082 2.079986e+00 -2.023822e+00 -5.237635e-01 2.132267e-01 -1.024232e+00 -4.503995e-01 2.132236e-01
2455101.818442 2.079902e+00 -2.023797e+00 -5.238536e-01 2.132473e-01 -1.024218e+00 -4.503638e-01 2.132442e-01
2455119.772143 1.842401e+00 -1.951257e+00 -7.405600e-01 2.622718e-01 -1.026118e+00 -3.685072e-01 2.622682e-01
2455119.780133 1.842437e+00 -1.951220e+00 -7.406549e-01 2.622931e-01 -1.026135e+00 -3.684750e-01 2.622895e-01
2455119.788103 1.842472e+00 -1.951183e+00 -7.407495e-01 2.623143e-01 -1.026152e+00 -3.684430e-01 2.623107e-01
2455119.796043 1.842507e+00 -1.951147e+00 -7.408438e-01 2.623354e-01 -1.026168e+00 -3.684111e-01 2.623318e-01
2455131.735599 1.783599e+00 -1.891773e+00 -8.808753e-01 2.934760e-01 -1.065954e+00 -3.279407e-01 2.934723e-01
2455131.743429 1.626756e+00 -1.891731e+00 -8.809659e-01 2.934960e-01 -1.065990e+00 -3.279199e-01 2.934923e-01
2455131.751149 1.783805e+00 -1.891690e+00 -8.810552e-01 2.935158e-01 -1.066024e+00 -3.278993e-01 2.935120e-01
2455131.758919 1.626944e+00 -1.891649e+00 -8.811451e-01 2.935356e-01 -1.066060e+00 -3.278787e-01 2.935318e-01
2455146.697930 1.086354e+00 -1.805372e+00 -1.050704e+00 3.306229e-01 -1.153108e+00 -3.058635e-01 3.306191e-01
2455146.704930 1.191264e+00 -1.805328e+00 -1.050782e+00 3.306397e-01 -1.153157e+00 -3.058624e-01 3.306360e-01
2455146.712179 1.191369e+00 -1.805283e+00 -1.050862e+00 3.306572e-01 -1.153208e+00 -3.058613e-01 3.306534e-01
2455146.719439 1.191474e+00 -1.805238e+00 -1.050943e+00 3.306747e-01 -1.153259e+00 -3.058602e-01 3.306709e-01
2455182.594516 9.609804e-01 -1.548246e+00 -1.426251e+00 4.099215e-01 -1.464696e+00 -4.457062e-01 4.099188e-01
2455182.600175 9.610648e-01 -1.548200e+00 -1.426306e+00 4.099329e-01 -1.464749e+00 -4.457535e-01 4.099301e-01
2455182.605855 1.053879e+00 -1.548154e+00 -1.426361e+00 4.099442e-01 -1.464802e+00 -4.458009e-01 4.099414e-01
2455182.611584 1.053973e+00 -1.548108e+00 -1.426417e+00 4.099557e-01 -1.464856e+00 -4.458488e-01 4.099529e-01
2455211.646384 1.237204e+00 -1.295779e+00 -1.690542e+00 4.626472e-01 -1.707237e+00 -7.970863e-01 4.626461e-01
2455211.653184 1.128453e+00 -1.295716e+00 -1.690599e+00 4.626583e-01 -1.707282e+00 -7.971929e-01 4.626572e-01
2455211.659953 1.356831e+00 -1.295653e+00 -1.690656e+00 4.626693e-01 -1.707327e+00 -7.972991e-01 4.626682e-01
2455211.666863 1.029363e+00 -1.295589e+00 -1.690714e+00 4.626805e-01 -1.707372e+00 -7.974075e-01 4.626794e-01
1 0.5
