2	0.5	1000	 1	period_start period_step period_end fixed/free
0.0				initial epoch
0.0				initial rotation angle      
0.1				convexity weight      
3 3				degree and order of spherical harmonics      
6				number of rows        
0.5	1			scattering parameters
0.1	1
-0.5	1     
0.1	0			LS coeff                 
50				iteration stop condidion
10				minimum number of iterations (only if the above value < 1)
5				Alamda multiplicative factor
0.1				Alamda initial value
1
101 0 0.12 2006.9-2009.6 V 703_CATALINA
2453996.888732 1.749150e+00 -2.023976e+00 -1.795445e+00 5.010606e-01 -1.022604e+00 -1.878850e+00 5.010589e-01
2453996.898243 1.917699e+00 -2.023906e+00 -1.795520e+00 5.010535e-01 -1.022523e+00 -1.878762e+00 5.010518e-01
2453996.907813 1.748774e+00 -2.023835e+00 -1.795595e+00 5.010464e-01 -1.022442e+00 -1.878674e+00 5.010447e-01
2453996.917334 1.594729e+00 -2.023765e+00 -1.795669e+00 5.010393e-01 -1.022361e+00 -1.878586e+00 5.010376e-01
2454024.945361 2.070044e+00 -1.805916e+00 -2.005161e+00 4.773738e-01 -8.872082e-01 -1.618224e+00 4.773745e-01
2454024.952591 2.488581e+00 -1.805857e+00 -2.005213e+00 4.773670e-01 -8.871996e-01 -1.618161e+00 4.773677e-01
2454024.959652 2.728504e+00 -1.805800e+00 -2.005263e+00 4.773604e-01 -8.871912e-01 -1.618099e+00 4.773610e-01
2454024.966662 2.488271e+00 -1.805743e+00 -2.005312e+00 4.773538e-01 -8.871829e-01 -1.618038e+00 4.773544e-01
2454030.904972 2.160247e+00 -1.756889e+00 -2.046873e+00 4.716392e-01 -8.844530e-01 -1.568048e+00 4.716404e-01
2454030.910372 2.597080e+00 -1.756844e+00 -2.046911e+00 4.716339e-01 -8.844544e-01 -1.568004e+00 4.716351e-01
2454030.915842 2.368465e+00 -1.756799e+00 -2.046949e+00 4.716285e-01 -8.844558e-01 -1.567960e+00 4.716297e-01
2454030.921263 2.368366e+00 -1.756754e+00 -2.046986e+00 4.716232e-01 -8.844572e-01 -1.567916e+00 4.716244e-01
2454036.802586 2.731486e+00 -1.707486e+00 -2.087120e+00 4.657267e-01 -8.899923e-01 -1.522382e+00 4.657284e-01
2454036.809897 2.731359e+00 -1.707424e+00 -2.087169e+00 4.657193e-01 -8.900041e-01 -1.522328e+00 4.657209e-01
2454036.817197 2.271740e+00 -1.707363e+00 -2.087218e+00 4.657118e-01 -8.900158e-01 -1.522275e+00 4.657134e-01
2454036.824447 2.271635e+00 -1.707301e+00 -2.087267e+00 4.657044e-01 -8.900275e-01 -1.522221e+00 4.657060e-01
2454038.873300 3.242579e+00 -1.689936e+00 -2.101003e+00 4.635952e-01 -8.937955e-01 -1.507460e+00 4.635971e-01
2454038.879551 2.696960e+00 -1.689883e+00 -2.101045e+00 4.635888e-01 -8.938084e-01 -1.507416e+00 4.635906e-01
2454038.896561 2.696691e+00 -1.689738e+00 -2.101158e+00 4.635711e-01 -8.938435e-01 -1.507296e+00 4.635729e-01
2454038.903031 2.696589e+00 -1.689683e+00 -2.101202e+00 4.635644e-01 -8.938569e-01 -1.507250e+00 4.635662e-01
2454052.772867 3.070599e+00 -1.569471e+00 -2.190780e+00 4.485498e-01 -9.419332e-01 -1.425580e+00 4.485526e-01
2454052.779417 3.070562e+00 -1.569413e+00 -2.190821e+00 4.485424e-01 -9.419643e-01 -1.425550e+00 4.485452e-01
2454052.785957 3.366764e+00 -1.569355e+00 -2.190862e+00 4.485350e-01 -9.419954e-01 -1.425520e+00 4.485379e-01
2454052.792467 3.070488e+00 -1.569298e+00 -2.190902e+00 4.485277e-01 -9.420264e-01 -1.425490e+00 4.485305e-01
2454052.823758 3.366530e+00 -1.569022e+00 -2.191098e+00 4.484924e-01 -9.421754e-01 -1.425346e+00 4.484952e-01
2454052.825518 3.691314e+00 -1.569006e+00 -2.191109e+00 4.484904e-01 -9.421837e-01 -1.425338e+00 4.484932e-01
2454052.832858 3.366474e+00 -1.568941e+00 -2.191154e+00 4.484821e-01 -9.422187e-01 -1.425304e+00 4.484849e-01
2454052.834638 3.691253e+00 -1.568926e+00 -2.191166e+00 4.484801e-01 -9.422272e-01 -1.425296e+00 4.484829e-01
2454052.849348 3.366373e+00 -1.568796e+00 -2.191257e+00 4.484635e-01 -9.422973e-01 -1.425228e+00 4.484663e-01
2454052.856078 3.366332e+00 -1.568736e+00 -2.191299e+00 4.484559e-01 -9.423294e-01 -1.425197e+00 4.484587e-01
2454052.871878 3.366235e+00 -1.568597e+00 -2.191398e+00 4.484381e-01 -9.424048e-01 -1.425125e+00 4.484409e-01
2454052.873648 3.690991e+00 -1.568581e+00 -2.191409e+00 4.484361e-01 -9.424132e-01 -1.425117e+00 4.484389e-01
2454058.782779 3.054132e+00 -1.516003e+00 -2.227713e+00 4.416528e-01 -9.734107e-01 -1.401675e+00 4.416560e-01
2454058.788859 3.671875e+00 -1.515948e+00 -2.227749e+00 4.416457e-01 -9.734454e-01 -1.401654e+00 4.416489e-01
2454058.794959 3.348792e+00 -1.515894e+00 -2.227786e+00 4.416386e-01 -9.734801e-01 -1.401634e+00 4.416417e-01
2454058.801069 3.054136e+00 -1.515839e+00 -2.227823e+00 4.416314e-01 -9.735149e-01 -1.401614e+00 4.416346e-01
2454125.584339 2.033200e+00 -8.746142e-01 -2.555245e+00 3.502352e-01 -1.433766e+00 -1.745024e+00 3.502395e-01
2454125.593088 1.854483e+00 -8.745255e-01 -2.555277e+00 3.502216e-01 -1.433803e+00 -1.745142e+00 3.502259e-01
2454125.601828 2.229797e+00 -8.744369e-01 -2.555310e+00 3.502080e-01 -1.433841e+00 -1.745261e+00 3.502123e-01
2454125.610587 2.230016e+00 -8.743481e-01 -2.555342e+00 3.501943e-01 -1.433879e+00 -1.745379e+00 3.501987e-01
2454147.638692 2.360636e+00 -6.482142e-01 -2.627681e+00 3.147207e-01 -1.476387e+00 -2.089186e+00 3.147242e-01
2454147.645152 1.633272e+00 -6.481471e-01 -2.627699e+00 3.147100e-01 -1.476382e+00 -2.089298e+00 3.147134e-01
2454147.651601 1.963758e+00 -6.480801e-01 -2.627718e+00 3.146993e-01 -1.476377e+00 -2.089410e+00 3.147027e-01
2454147.658051 1.489764e+00 -6.480132e-01 -2.627736e+00 3.146885e-01 -1.476373e+00 -2.089522e+00 3.146920e-01
2454153.651766 2.512106e+00 -5.856176e-01 -2.644205e+00 3.046382e-01 -1.467174e+00 -2.195649e+00 3.046413e-01
2454153.660755 1.905802e+00 -5.855238e-01 -2.644229e+00 3.046230e-01 -1.467153e+00 -2.195811e+00 3.046261e-01
2454153.669745 2.512566e+00 -5.854299e-01 -2.644253e+00 3.046079e-01 -1.467132e+00 -2.195973e+00 3.046110e-01
2454153.678744 1.445963e+00 -5.853360e-01 -2.644276e+00 3.045926e-01 -1.467111e+00 -2.196136e+00 3.045957e-01
2454168.606105 3.184391e+00 -4.286740e-01 -2.679229e+00 2.788774e-01 -1.399861e+00 -2.473537e+00 2.788795e-01
2454168.610325 2.009293e+00 -4.286295e-01 -2.679237e+00 2.788700e-01 -1.399833e+00 -2.473617e+00 2.788721e-01
2454168.614534 1.390145e+00 -4.285851e-01 -2.679246e+00 2.788626e-01 -1.399805e+00 -2.473697e+00 2.788648e-01
2454382.971262 2.064526e+00 1.731037e+00 -2.246200e+00 -1.443932e-01 2.692789e+00 -1.976192e+00 -1.443948e-01
2454382.979903 1.083427e+00 1.731111e+00 -2.246151e+00 -1.444103e-01 2.692821e+00 -1.976000e+00 -1.444119e-01
2454382.984213 1.882736e+00 1.731148e+00 -2.246126e+00 -1.444188e-01 2.692836e+00 -1.975905e+00 -1.444205e-01
2454437.960000 1.981331e+00 2.165799e+00 -1.890681e+00 -2.497676e-01 2.490251e+00 -9.598532e-01 -2.497665e-01
2454437.965920 1.647911e+00 2.165842e+00 -1.890638e+00 -2.497785e-01 2.490196e+00 -9.597777e-01 -2.497774e-01
2454437.971861 2.172252e+00 2.165885e+00 -1.890596e+00 -2.497894e-01 2.490140e+00 -9.597019e-01 -2.497883e-01
2454437.977791 1.647732e+00 2.165928e+00 -1.890553e+00 -2.498004e-01 2.490085e+00 -9.596263e-01 -2.497993e-01
2454454.960910 1.852379e+00 2.284457e+00 -1.765687e+00 -2.806283e-01 2.317705e+00 -7.824456e-01 -2.806265e-01
2454454.966841 1.540655e+00 2.284497e+00 -1.765643e+00 -2.806389e-01 2.317641e+00 -7.823978e-01 -2.806371e-01
2454454.972831 1.405014e+00 2.284537e+00 -1.765598e+00 -2.806496e-01 2.317577e+00 -7.823496e-01 -2.806478e-01
2454454.978891 1.852063e+00 2.284578e+00 -1.765552e+00 -2.806604e-01 2.317512e+00 -7.823008e-01 -2.806586e-01
2454499.780265 2.059704e+00 2.558262e+00 -1.407974e+00 -3.570474e-01 1.877429e+00 -6.953955e-01 -3.570447e-01
2454499.787485 2.258348e+00 2.558301e+00 -1.407914e+00 -3.570591e-01 1.877376e+00 -6.954213e-01 -3.570564e-01
2454499.794715 2.258274e+00 2.558341e+00 -1.407853e+00 -3.570708e-01 1.877324e+00 -6.954471e-01 -3.570681e-01
2454499.801916 1.878290e+00 2.558380e+00 -1.407793e+00 -3.570825e-01 1.877271e+00 -6.954728e-01 -3.570797e-01
2454509.739138 2.398154e+00 2.611118e+00 -1.323674e+00 -3.729454e-01 1.814645e+00 -7.403702e-01 -3.729427e-01
2454509.746688 2.629486e+00 2.611157e+00 -1.323610e+00 -3.729573e-01 1.814605e+00 -7.404110e-01 -3.729546e-01
2454509.754208 2.398086e+00 2.611196e+00 -1.323545e+00 -3.729692e-01 1.814566e+00 -7.404517e-01 -3.729665e-01
2454509.761738 2.629411e+00 2.611235e+00 -1.323481e+00 -3.729810e-01 1.814526e+00 -7.404923e-01 -3.729783e-01
2454523.768157 2.634654e+00 2.680517e+00 -1.202372e+00 -3.946170e-01 1.762878e+00 -8.302563e-01 -3.946144e-01
2454523.775397 2.888887e+00 2.680551e+00 -1.202309e+00 -3.946280e-01 1.762863e+00 -8.303089e-01 -3.946254e-01
2454523.782587 2.634738e+00 2.680585e+00 -1.202246e+00 -3.946389e-01 1.762849e+00 -8.303611e-01 -3.946363e-01
2454523.789807 2.402947e+00 2.680620e+00 -1.202183e+00 -3.946498e-01 1.762834e+00 -8.304136e-01 -3.946472e-01
2454528.712423 3.213296e+00 2.703550e+00 -1.158967e+00 -4.020460e-01 1.756009e+00 -8.672838e-01 -4.020435e-01
2454528.717862 3.213359e+00 2.703575e+00 -1.158919e+00 -4.020541e-01 1.756005e+00 -8.673257e-01 -4.020516e-01
2454528.723282 2.930676e+00 2.703599e+00 -1.158872e+00 -4.020622e-01 1.756001e+00 -8.673674e-01 -4.020597e-01
2454528.728692 2.672861e+00 2.703624e+00 -1.158824e+00 -4.020703e-01 1.755997e+00 -8.674090e-01 -4.020678e-01
2454536.672135 2.307429e+00 2.739057e+00 -1.088426e+00 -4.137714e-01 1.758210e+00 -9.305106e-01 -4.137691e-01
2454536.679565 2.530153e+00 2.739090e+00 -1.088359e+00 -4.137822e-01 1.758220e+00 -9.305711e-01 -4.137799e-01
2454536.686994 2.530261e+00 2.739122e+00 -1.088293e+00 -4.137930e-01 1.758230e+00 -9.306315e-01 -4.137907e-01
2454536.694374 2.104668e+00 2.739154e+00 -1.088227e+00 -4.138037e-01 1.758240e+00 -9.306916e-01 -4.138014e-01
2454557.635081 1.719086e+00 2.823231e+00 -8.990829e-01 -4.432297e-01 1.844505e+00 -1.101101e+00 -4.432280e-01
2454557.644311 1.719241e+00 2.823266e+00 -8.989985e-01 -4.432422e-01 1.844569e+00 -1.101172e+00 -4.432406e-01
2454557.653550 1.719395e+00 2.823300e+00 -8.989140e-01 -4.432547e-01 1.844633e+00 -1.101244e+00 -4.432531e-01
2454557.662780 1.568247e+00 2.823334e+00 -8.988296e-01 -4.432672e-01 1.844696e+00 -1.101316e+00 -4.432656e-01
2454857.005728 1.564385e+00 2.586194e+00 1.836398e+00 -6.059083e-01 2.014014e+00 2.637567e+00 -6.059057e-01
2454857.013629 1.301121e+00 2.586156e+00 1.836460e+00 -6.059061e-01 2.013863e+00 2.637549e+00 -6.059034e-01
2454857.021419 9.869437e-01 2.586118e+00 1.836521e+00 -6.059038e-01 2.013714e+00 2.637532e+00 -6.059012e-01
2454975.768442 3.256974e+00 1.867144e+00 2.636602e+00 -5.359417e-01 1.408955e+00 1.733469e+00 -5.359390e-01
2454975.774542 3.571259e+00 1.867100e+00 2.636636e+00 -5.359363e-01 1.409003e+00 1.733455e+00 -5.359336e-01
2454975.780562 3.257080e+00 1.867057e+00 2.636669e+00 -5.359311e-01 1.409051e+00 1.733441e+00 -5.359284e-01
2454975.786612 2.970541e+00 1.867014e+00 2.636703e+00 -5.359258e-01 1.409099e+00 1.733427e+00 -5.359231e-01
2454982.775016 2.308781e+00 1.816785e+00 2.674780e+00 -5.296992e-01 1.467087e+00 1.723088e+00 -5.296966e-01
2454982.779826 2.775822e+00 1.816750e+00 2.674806e+00 -5.296948e-01 1.467129e+00 1.723085e+00 -5.296923e-01
2454982.784716 2.531632e+00 1.816714e+00 2.674832e+00 -5.296904e-01 1.467171e+00 1.723082e+00 -5.296878e-01
2454982.789536 2.531684e+00 1.816679e+00 2.674858e+00 -5.296860e-01 1.467213e+00 1.723079e+00 -5.296835e-01
2454994.714025 2.048704e+00 1.729252e+00 2.737287e+00 -5.185592e-01 1.574779e+00 1.733626e+00 -5.185572e-01
2454994.720535 2.700832e+00 1.729204e+00 2.737321e+00 -5.185530e-01 1.574840e+00 1.733642e+00 -5.185509e-01
2454994.727174 1.868600e+00 1.729155e+00 2.737354e+00 -5.185466e-01 1.574901e+00 1.733658e+00 -5.185445e-01
2454994.733814 1.868681e+00 1.729106e+00 2.737388e+00 -5.185403e-01 1.574963e+00 1.733674e+00 -5.185382e-01
1 0.5
