2	0.5	1000	 1	period_start period_step period_end fixed/free
0.0				initial epoch
0.0				initial rotation angle      
0.1				convexity weight      
3 3				degree and order of spherical harmonics      
6				number of rows        
0.5	1			scattering parameters
0.1	1
-0.5	1     
0.1	0			LS coeff                 
50				iteration stop condidion
10				minimum number of iterations (only if the above value < 1)
5				Alamda multiplicative factor
0.1				Alamda initial value
1
108 0 0.12 2005.11-2009.10 V 703_CATALINA
2453686.881932 2.174361e+00 -1.220211e+00 -2.416017e+00 7.416304e-01 -5.841295e-01 -1.657741e+00 7.416355e-01
2453686.889563 1.982944e+00 -1.220138e+00 -2.416045e+00 7.416269e-01 -5.841594e-01 -1.657685e+00 7.416320e-01
2453686.897143 2.174149e+00 -1.220066e+00 -2.416073e+00 7.416234e-01 -5.841890e-01 -1.657629e+00 7.416285e-01
2453686.904773 2.383790e+00 -1.219993e+00 -2.416101e+00 7.416199e-01 -5.842189e-01 -1.657573e+00 7.416250e-01
2453700.859251 2.450919e+00 -1.085191e+00 -2.463831e+00 7.342496e-01 -6.543137e-01 -1.575993e+00 7.342557e-01
2453700.865001 2.450882e+00 -1.085135e+00 -2.463850e+00 7.342462e-01 -6.543481e-01 -1.575968e+00 7.342523e-01
2453700.870721 2.038523e+00 -1.085079e+00 -2.463868e+00 7.342428e-01 -6.543824e-01 -1.575944e+00 7.342488e-01
2453700.876451 2.235162e+00 -1.085023e+00 -2.463886e+00 7.342393e-01 -6.544167e-01 -1.575919e+00 7.342454e-01
2453703.722993 2.927503e+00 -1.057161e+00 -2.472826e+00 7.324967e-01 -6.719358e-01 -1.564789e+00 7.325029e-01
2453703.731603 2.927456e+00 -1.057077e+00 -2.472853e+00 7.324913e-01 -6.719902e-01 -1.564758e+00 7.324975e-01
2453703.740183 2.927410e+00 -1.056992e+00 -2.472879e+00 7.324859e-01 -6.720443e-01 -1.564728e+00 7.324922e-01
2453703.768274 3.519339e+00 -1.056717e+00 -2.472966e+00 7.324683e-01 -6.722216e-01 -1.564628e+00 7.324746e-01
2453703.776664 3.209623e+00 -1.056635e+00 -2.472992e+00 7.324631e-01 -6.722746e-01 -1.564598e+00 7.324693e-01
2453703.785014 3.209574e+00 -1.056553e+00 -2.473018e+00 7.324578e-01 -6.723273e-01 -1.564568e+00 7.324641e-01
2453703.793354 2.927122e+00 -1.056471e+00 -2.473044e+00 7.324526e-01 -6.723800e-01 -1.564539e+00 7.324588e-01
2453709.769239 2.910097e+00 -9.975929e-01 -2.490905e+00 7.285259e-01 -7.118129e-01 -1.547820e+00 7.285325e-01
2453709.776659 2.910094e+00 -9.975195e-01 -2.490927e+00 7.285208e-01 -7.118637e-01 -1.547805e+00 7.285274e-01
2453709.784149 2.910092e+00 -9.974454e-01 -2.490948e+00 7.285157e-01 -7.119150e-01 -1.547790e+00 7.285222e-01
2453732.696246 2.153518e+00 -7.673881e-01 -2.547919e+00 7.101340e-01 -8.781429e-01 -1.570765e+00 7.101409e-01
2453732.701606 2.153583e+00 -7.673335e-01 -2.547930e+00 7.101291e-01 -8.781814e-01 -1.570787e+00 7.101360e-01
2453732.706956 2.589254e+00 -7.672791e-01 -2.547941e+00 7.101242e-01 -8.782199e-01 -1.570809e+00 7.101311e-01
2453732.712326 2.589333e+00 -7.672244e-01 -2.547952e+00 7.101193e-01 -8.782586e-01 -1.570831e+00 7.101262e-01
2453739.728774 2.052397e+00 -6.955631e-01 -2.561647e+00 7.034333e-01 -9.273400e-01 -1.606042e+00 7.034401e-01
2453739.735174 2.052486e+00 -6.954975e-01 -2.561658e+00 7.034270e-01 -9.273832e-01 -1.606080e+00 7.034338e-01
2453739.748003 2.250704e+00 -6.953660e-01 -2.561682e+00 7.034143e-01 -9.274698e-01 -1.606156e+00 7.034211e-01
2453763.649876 2.493225e+00 -4.478454e-01 -2.594648e+00 6.769230e-01 -1.054006e+00 -1.818457e+00 6.769289e-01
2453763.657435 2.733951e+00 -4.477664e-01 -2.594655e+00 6.769137e-01 -1.054032e+00 -1.818544e+00 6.769196e-01
2453763.665135 2.493564e+00 -4.476860e-01 -2.594662e+00 6.769043e-01 -1.054058e+00 -1.818633e+00 6.769101e-01
2453763.672765 2.493734e+00 -4.476063e-01 -2.594669e+00 6.768949e-01 -1.054084e+00 -1.818722e+00 6.769008e-01
2453776.682670 3.371063e+00 -3.111806e-01 -2.603484e+00 6.600762e-01 -1.080283e+00 -1.985224e+00 6.600814e-01
2453776.689100 3.371258e+00 -3.111129e-01 -2.603486e+00 6.600675e-01 -1.080286e+00 -1.985314e+00 6.600726e-01
2453776.695530 3.074802e+00 -3.110453e-01 -2.603489e+00 6.600588e-01 -1.080290e+00 -1.985403e+00 6.600639e-01
2453776.701969 2.127367e+00 -3.109775e-01 -2.603492e+00 6.600500e-01 -1.080293e+00 -1.985493e+00 6.600552e-01
2453798.638095 2.346617e+00 -7.932786e-02 -2.603342e+00 6.279103e-01 -1.029168e+00 -2.318807e+00 6.279137e-01
2453798.645074 2.140262e+00 -7.925397e-02 -2.603339e+00 6.278993e-01 -1.029131e+00 -2.318919e+00 6.279027e-01
2453798.651554 1.780287e+00 -7.918538e-02 -2.603336e+00 6.278891e-01 -1.029096e+00 -2.319024e+00 6.278926e-01
2453798.657593 1.952143e+00 -7.912145e-02 -2.603333e+00 6.278796e-01 -1.029063e+00 -2.319121e+00 6.278831e-01
2453817.613403 2.473931e+00 1.215719e-01 -2.587689e+00 5.963574e-01 -8.742889e-01 -2.626799e+00 5.963591e-01
2453817.619772 2.057819e+00 1.216393e-01 -2.587682e+00 5.963462e-01 -8.742190e-01 -2.626901e+00 5.963480e-01
2453817.626062 2.974585e+00 1.217059e-01 -2.587674e+00 5.963352e-01 -8.741499e-01 -2.627002e+00 5.963369e-01
2453817.632272 3.576394e+00 1.217716e-01 -2.587666e+00 5.963243e-01 -8.740818e-01 -2.627102e+00 5.963261e-01
2454050.980577 1.149248e+00 2.157171e+00 -1.232756e+00 -6.887190e-03 2.808742e+00 -4.873650e-01 -6.884490e-03
2454050.989417 2.400945e+00 2.157217e+00 -1.232669e+00 -6.914070e-03 2.808672e+00 -4.871793e-01 -6.911370e-03
2454050.998188 1.660928e+00 2.157264e+00 -1.232584e+00 -6.940730e-03 2.808602e+00 -4.869950e-01 -6.938040e-03
2454051.006968 2.189372e+00 2.157310e+00 -1.232498e+00 -6.967430e-03 2.808532e+00 -4.868107e-01 -6.964730e-03
2454051.973962 2.381495e+00 2.162384e+00 -1.223061e+00 -9.907270e-03 2.800712e+00 -4.665994e-01 -9.904510e-03
2454051.978103 3.139314e+00 2.162406e+00 -1.223021e+00 -9.919860e-03 2.800678e+00 -4.665132e-01 -9.917100e-03
2454051.985933 2.171734e+00 2.162447e+00 -1.222944e+00 -9.943660e-03 2.800614e+00 -4.663504e-01 -9.940900e-03
2454051.991244 1.806290e+00 2.162475e+00 -1.222892e+00 -9.959810e-03 2.800570e+00 -4.662399e-01 -9.957040e-03
2454063.985216 1.955204e+00 2.222127e+00 -1.104054e+00 -4.639155e-02 2.686306e+00 -2.327070e-01 -4.638809e-02
2454063.991756 2.143710e+00 2.222158e+00 -1.103988e+00 -4.641139e-02 2.686236e+00 -2.325889e-01 -4.640793e-02
2454063.998307 2.143580e+00 2.222189e+00 -1.103922e+00 -4.643127e-02 2.686165e+00 -2.324705e-01 -4.642780e-02
2454064.004807 2.350249e+00 2.222220e+00 -1.103857e+00 -4.645098e-02 2.686096e+00 -2.323532e-01 -4.644752e-02
2454070.974316 1.522139e+00 2.254045e+00 -1.033366e+00 -6.756773e-02 2.606926e+00 -1.126213e-01 -6.756393e-02
2454070.980836 1.265980e+00 2.254074e+00 -1.033300e+00 -6.758746e-02 2.606848e+00 -1.125151e-01 -6.758366e-02
2454070.987347 1.388031e+00 2.254103e+00 -1.033234e+00 -6.760716e-02 2.606770e+00 -1.124092e-01 -6.760336e-02
2454070.993887 1.387943e+00 2.254132e+00 -1.033167e+00 -6.762695e-02 2.606692e+00 -1.123027e-01 -6.762315e-02
2454094.950769 1.295386e+00 2.347141e+00 -7.838440e-01 -1.396056e-01 2.288716e+00 1.979339e-01 -1.396011e-01
2454094.961829 1.181258e+00 2.347178e+00 -7.837267e-01 -1.396386e-01 2.288560e+00 1.980392e-01 -1.396340e-01
2454094.971880 1.420022e+00 2.347211e+00 -7.836200e-01 -1.396685e-01 2.288418e+00 1.981349e-01 -1.396640e-01
2454094.981921 1.294928e+00 2.347245e+00 -7.835135e-01 -1.396984e-01 2.288276e+00 1.982304e-01 -1.396938e-01
2454148.882578 1.586211e+00 2.459771e+00 -1.950185e-01 -2.947613e-01 1.619782e+00 3.253284e-01 -2.947579e-01
2454148.889038 1.739136e+00 2.459776e+00 -1.949466e-01 -2.947790e-01 1.619727e+00 3.253054e-01 -2.947757e-01
2454148.895529 1.739024e+00 2.459782e+00 -1.948744e-01 -2.947969e-01 1.619672e+00 3.252822e-01 -2.947935e-01
2454148.902019 1.906680e+00 2.459787e+00 -1.948022e-01 -2.948147e-01 1.619616e+00 3.252590e-01 -2.948114e-01
2454159.916925 2.283182e+00 2.465906e+00 -7.209638e-02 -3.247422e-01 1.539092e+00 2.774950e-01 -3.247394e-01
2454159.924896 2.503310e+00 2.465908e+00 -7.200750e-02 -3.247636e-01 1.539044e+00 2.774551e-01 -3.247608e-01
2454159.932816 2.503162e+00 2.465911e+00 -7.191917e-02 -3.247848e-01 1.538996e+00 2.774154e-01 -3.247821e-01
2454159.940676 2.282778e+00 2.465913e+00 -7.183151e-02 -3.248059e-01 1.538948e+00 2.773760e-01 -3.248032e-01
2454171.825861 2.810127e+00 2.466057e+00 6.075265e-02 -3.562459e-01 1.484019e+00 2.117500e-01 -3.562440e-01
2454171.834271 3.081140e+00 2.466055e+00 6.084646e-02 -3.562678e-01 1.483992e+00 2.117002e-01 -3.562659e-01
2454171.842692 3.081039e+00 2.466053e+00 6.094037e-02 -3.562898e-01 1.483965e+00 2.116504e-01 -3.562879e-01
2454171.851092 3.378181e+00 2.466051e+00 6.103407e-02 -3.563116e-01 1.483939e+00 2.116007e-01 -3.563098e-01
2454179.870053 2.753029e+00 2.462375e+00 1.504195e-01 -3.769846e-01 1.466676e+00 1.630849e-01 -3.769833e-01
2454179.878413 3.018607e+00 2.462369e+00 1.505126e-01 -3.770059e-01 1.466666e+00 1.630336e-01 -3.770046e-01
2454179.886773 2.510744e+00 2.462364e+00 1.506057e-01 -3.770272e-01 1.466656e+00 1.629824e-01 -3.770259e-01
2454179.895093 2.510721e+00 2.462358e+00 1.506983e-01 -3.770484e-01 1.466647e+00 1.629314e-01 -3.770472e-01
2454179.945034 2.752795e+00 2.462326e+00 1.512545e-01 -3.771757e-01 1.466590e+00 1.626252e-01 -3.771745e-01
2454179.953084 2.752771e+00 2.462321e+00 1.513441e-01 -3.771963e-01 1.466581e+00 1.625758e-01 -3.771950e-01
2454179.960994 2.752746e+00 2.462316e+00 1.514322e-01 -3.772164e-01 1.466572e+00 1.625273e-01 -3.772152e-01
2454179.968884 3.018299e+00 2.462310e+00 1.515201e-01 -3.772366e-01 1.466564e+00 1.624790e-01 -3.772353e-01
2454204.807562 2.478289e+00 2.431781e+00 4.267224e-01 -4.382221e-01 1.514743e+00 2.073721e-02 -4.382228e-01
2454204.814562 2.478413e+00 2.431768e+00 4.267994e-01 -4.382386e-01 1.514777e+00 2.070365e-02 -4.382393e-01
2454204.821551 2.478537e+00 2.431755e+00 4.268763e-01 -4.382551e-01 1.514812e+00 2.067014e-02 -4.382557e-01
2454204.828551 2.717798e+00 2.431743e+00 4.269534e-01 -4.382716e-01 1.514846e+00 2.063659e-02 -4.382722e-01
2454214.775655 2.043410e+00 2.411561e+00 5.359574e-01 -4.613053e-01 1.574134e+00 -2.084255e-02 -4.613067e-01
2454214.782145 2.043535e+00 2.411546e+00 5.360282e-01 -4.613201e-01 1.574179e+00 -2.086513e-02 -4.613215e-01
2454214.788674 2.043662e+00 2.411531e+00 5.360994e-01 -4.613349e-01 1.574225e+00 -2.088784e-02 -4.613363e-01
2454214.795154 2.043787e+00 2.411517e+00 5.361702e-01 -4.613497e-01 1.574270e+00 -2.091037e-02 -4.613511e-01
2455090.811155 2.665271e+00 -3.009016e+00 -3.313583e-01 4.978597e-01 -2.010266e+00 -4.462185e-01 4.978569e-01
2455090.821535 2.430640e+00 -3.008998e+00 -3.314511e-01 4.978791e-01 -2.010231e+00 -4.461346e-01 4.978764e-01
2455090.831935 2.922132e+00 -3.008979e+00 -3.315441e-01 4.978986e-01 -2.010195e+00 -4.460505e-01 4.978959e-01
2455090.842306 2.664889e+00 -3.008961e+00 -3.316368e-01 4.979181e-01 -2.010159e+00 -4.459667e-01 4.979153e-01
2455098.846065 2.839170e+00 -2.993758e+00 -4.031117e-01 5.127568e-01 -1.990898e+00 -3.805052e-01 5.127538e-01
2455098.853425 2.589305e+00 -2.993743e+00 -4.031774e-01 5.127703e-01 -1.990888e+00 -3.804447e-01 5.127672e-01
2455098.860885 2.839062e+00 -2.993728e+00 -4.032439e-01 5.127840e-01 -1.990878e+00 -3.803834e-01 5.127809e-01
2455098.868205 2.589207e+00 -2.993713e+00 -4.033091e-01 5.127974e-01 -1.990868e+00 -3.803232e-01 5.127943e-01
2455113.754833 4.463618e+00 -2.960182e+00 -5.354979e-01 5.394866e-01 -1.999794e+00 -2.609372e-01 5.394831e-01
2455113.762102 4.463666e+00 -2.960164e+00 -5.355621e-01 5.394993e-01 -1.999812e+00 -2.608816e-01 5.394958e-01
2455113.769272 4.463714e+00 -2.960146e+00 -5.356255e-01 5.395119e-01 -1.999831e+00 -2.608269e-01 5.395083e-01
2455120.723276 2.863696e+00 -2.942149e+00 -5.969637e-01 5.515566e-01 -2.023507e+00 -2.098415e-01 5.515530e-01
2455120.731416 2.863773e+00 -2.942128e+00 -5.970353e-01 5.515705e-01 -2.023541e+00 -2.097846e-01 5.515669e-01
2455120.739516 2.863849e+00 -2.942106e+00 -5.971066e-01 5.515844e-01 -2.023576e+00 -2.097280e-01 5.515808e-01
2455120.747586 2.863925e+00 -2.942084e+00 -5.971776e-01 5.515982e-01 -2.023610e+00 -2.096716e-01 5.515946e-01
2455127.780931 2.452156e+00 -2.922372e+00 -6.589035e-01 5.634961e-01 -2.059569e+00 -1.635055e-01 5.634924e-01
2455127.787501 2.039681e+00 -2.922353e+00 -6.589610e-01 5.635071e-01 -2.059608e+00 -1.634654e-01 5.635034e-01
2455127.794161 2.452316e+00 -2.922333e+00 -6.590193e-01 5.635182e-01 -2.059648e+00 -1.634248e-01 5.635145e-01
2455127.800781 2.236612e+00 -2.922314e+00 -6.590773e-01 5.635293e-01 -2.059687e+00 -1.633844e-01 5.635256e-01
1 0.5
