2	0.5	1000	 1	period_start period_step period_end fixed/free
0.0				initial epoch
0.0				initial rotation angle      
0.1				convexity weight      
3 3				degree and order of spherical harmonics      
6				number of rows        
0.5	1			scattering parameters
0.1	1
-0.5	1     
0.1	0			LS coeff                 
50				iteration stop condidion
10				minimum number of iterations (only if the above value < 1)
5				Alamda multiplicative factor
0.1				Alamda initial value
1
100 0 0.12 2006.9-2009.5 V 703_CATALINA
2453996.801472 2.677048e+00 -2.461587e+00 -5.488053e-01 2.933133e-01 -1.460317e+00 -6.337007e-01 2.933115e-01
2453996.807922 2.441415e+00 -2.461579e+00 -5.488781e-01 2.932987e-01 -1.460301e+00 -6.336633e-01 2.932970e-01
2453996.814382 2.935126e+00 -2.461571e+00 -5.489510e-01 2.932842e-01 -1.460285e+00 -6.336259e-01 2.932824e-01
2453996.820862 2.226446e+00 -2.461563e+00 -5.490242e-01 2.932695e-01 -1.460270e+00 -6.335884e-01 2.932678e-01
2454004.876115 2.839119e+00 -2.450030e+00 -6.395898e-01 2.749205e-01 -1.448841e+00 -5.862158e-01 2.749194e-01
2454004.884875 2.589240e+00 -2.450015e+00 -6.396879e-01 2.749003e-01 -1.448837e+00 -5.861640e-01 2.748993e-01
2454004.893645 2.838973e+00 -2.450001e+00 -6.397861e-01 2.748802e-01 -1.448834e+00 -5.861121e-01 2.748791e-01
2454004.902425 2.838900e+00 -2.449987e+00 -6.398844e-01 2.748600e-01 -1.448830e+00 -5.860601e-01 2.748589e-01
2454024.724744 3.138342e+00 -2.409556e+00 -8.593888e-01 2.283935e-01 -1.489319e+00 -4.759379e-01 2.283942e-01
2454024.732784 3.138440e+00 -2.409536e+00 -8.594768e-01 2.283743e-01 -1.489355e+00 -4.758987e-01 2.283750e-01
2454024.740814 3.138538e+00 -2.409516e+00 -8.595646e-01 2.283552e-01 -1.489390e+00 -4.758595e-01 2.283558e-01
2454024.748884 3.138636e+00 -2.409496e+00 -8.596529e-01 2.283359e-01 -1.489426e+00 -4.758201e-01 2.283365e-01
2454030.769732 2.948574e+00 -2.393901e+00 -9.252211e-01 2.138939e-01 -1.520311e+00 -4.484279e-01 2.138950e-01
2454030.776212 2.948687e+00 -2.393884e+00 -9.252913e-01 2.138783e-01 -1.520348e+00 -4.484007e-01 2.138794e-01
2454030.782692 2.948801e+00 -2.393866e+00 -9.253616e-01 2.138626e-01 -1.520386e+00 -4.483736e-01 2.138638e-01
2454030.789152 2.948914e+00 -2.393849e+00 -9.254316e-01 2.138471e-01 -1.520423e+00 -4.483465e-01 2.138482e-01
2454030.867370 2.950288e+00 -2.393636e+00 -9.262797e-01 2.136585e-01 -1.520879e+00 -4.480190e-01 2.136597e-01
2454030.875080 2.690818e+00 -2.393615e+00 -9.263633e-01 2.136400e-01 -1.520923e+00 -4.479868e-01 2.136411e-01
2454030.882820 2.950561e+00 -2.393594e+00 -9.264472e-01 2.136213e-01 -1.520969e+00 -4.479544e-01 2.136225e-01
2454030.890579 2.691068e+00 -2.393573e+00 -9.265313e-01 2.136026e-01 -1.521014e+00 -4.479220e-01 2.136038e-01
2454052.650033 2.269293e+00 -2.324746e+00 -1.158339e+00 1.603566e-01 -1.695541e+00 -3.944730e-01 1.603594e-01
2454052.656012 2.269452e+00 -2.324725e+00 -1.158402e+00 1.603418e-01 -1.695601e+00 -3.944705e-01 1.603446e-01
2454052.662032 2.269611e+00 -2.324703e+00 -1.158465e+00 1.603269e-01 -1.695661e+00 -3.944680e-01 1.603297e-01
2454052.668002 1.887912e+00 -2.324682e+00 -1.158527e+00 1.603121e-01 -1.695720e+00 -3.944655e-01 1.603149e-01
2454094.663463 2.310183e+00 -2.140710e+00 -1.578681e+00 5.434091e-02 -2.194119e+00 -5.966037e-01 5.434543e-02
2454094.673912 2.107219e+00 -2.140656e+00 -1.578781e+00 5.431422e-02 -2.194248e+00 -5.967137e-01 5.431875e-02
2454108.617346 1.932674e+00 -2.065966e+00 -1.709043e+00 1.863913e-02 -2.358936e+00 -7.703617e-01 1.864373e-02
2454108.625915 1.932893e+00 -2.065918e+00 -1.709122e+00 1.861718e-02 -2.359031e+00 -7.704847e-01 1.862177e-02
2454108.634515 1.763021e+00 -2.065870e+00 -1.709200e+00 1.859515e-02 -2.359127e+00 -7.706081e-01 1.859974e-02
2454108.643044 2.119856e+00 -2.065822e+00 -1.709279e+00 1.857330e-02 -2.359222e+00 -7.707306e-01 1.857789e-02
2454128.565133 2.064049e+00 -1.948491e+00 -1.886469e+00 -3.246774e-02 -2.549895e+00 -1.106671e+00 -3.246349e-02
2454128.572613 1.302441e+00 -1.948445e+00 -1.886533e+00 -3.248688e-02 -2.549953e+00 -1.106814e+00 -3.248264e-02
2454128.580072 2.064412e+00 -1.948399e+00 -1.886597e+00 -3.250598e-02 -2.550011e+00 -1.106957e+00 -3.250174e-02
2454128.587551 2.064594e+00 -1.948352e+00 -1.886662e+00 -3.252512e-02 -2.550068e+00 -1.107101e+00 -3.252088e-02
2454147.576812 2.116216e+00 -1.825809e+00 -2.045232e+00 -8.100511e-02 -2.653383e+00 -1.505841e+00 -8.100166e-02
2454147.581641 1.605394e+00 -1.825777e+00 -2.045271e+00 -8.101739e-02 -2.653398e+00 -1.505950e+00 -8.101394e-02
2454147.586521 1.930204e+00 -1.825744e+00 -2.045310e+00 -8.102981e-02 -2.653412e+00 -1.506060e+00 -8.102636e-02
2454147.591371 2.790131e+00 -1.825711e+00 -2.045349e+00 -8.104215e-02 -2.653427e+00 -1.506169e+00 -8.103869e-02
2454380.912228 1.378831e+00 1.691728e-01 -3.074871e+00 -5.874027e-01 1.140472e+00 -2.838999e+00 -5.874045e-01
2454380.919489 1.992916e+00 1.692404e-01 -3.074877e+00 -5.874145e-01 1.140508e+00 -2.838884e+00 -5.874163e-01
2454380.926729 1.378692e+00 1.693077e-01 -3.074883e+00 -5.874263e-01 1.140543e+00 -2.838769e+00 -5.874280e-01
2454380.933980 2.184970e+00 1.693751e-01 -3.074888e+00 -5.874381e-01 1.140579e+00 -2.838653e+00 -5.874398e-01
2454380.957312 1.817085e+00 1.695921e-01 -3.074906e+00 -5.874760e-01 1.140695e+00 -2.838283e+00 -5.874777e-01
2454380.962222 1.657144e+00 1.696378e-01 -3.074910e+00 -5.874839e-01 1.140719e+00 -2.838205e+00 -5.874857e-01
2454380.967152 2.184467e+00 1.696837e-01 -3.074913e+00 -5.874920e-01 1.140744e+00 -2.838126e+00 -5.874937e-01
2454380.972043 2.184393e+00 1.697291e-01 -3.074917e+00 -5.874999e-01 1.140768e+00 -2.838049e+00 -5.875017e-01
2454386.897588 1.910221e+00 2.248104e-01 -3.078922e+00 -5.970295e-01 1.165014e+00 -2.744799e+00 -5.970310e-01
2454386.904648 1.742054e+00 2.248760e-01 -3.078926e+00 -5.970408e-01 1.165037e+00 -2.744690e+00 -5.970422e-01
2454386.911699 1.588691e+00 2.249415e-01 -3.078931e+00 -5.970520e-01 1.165060e+00 -2.744580e+00 -5.970535e-01
2454386.918719 1.741877e+00 2.250067e-01 -3.078935e+00 -5.970631e-01 1.165082e+00 -2.744471e+00 -5.970646e-01
2454409.888819 1.929497e+00 4.376594e-01 -3.084794e+00 -6.321033e-01 1.169083e+00 -2.415325e+00 -6.321037e-01
2454409.904910 2.319478e+00 4.378077e-01 -3.084792e+00 -6.321268e-01 1.169040e+00 -2.415121e+00 -6.321272e-01
2454409.921121 2.115125e+00 4.379572e-01 -3.084791e+00 -6.321505e-01 1.168997e+00 -2.414915e+00 -6.321508e-01
2454409.937242 2.114862e+00 4.381058e-01 -3.084790e+00 -6.321740e-01 1.168953e+00 -2.414711e+00 -6.321743e-01
2454450.804587 2.828701e+00 8.105955e-01 -3.058436e+00 -6.868766e-01 9.163229e-01 -2.079978e+00 -6.868750e-01
2454450.811297 2.828630e+00 8.106558e-01 -3.058428e+00 -6.868848e-01 9.162666e-01 -2.079957e+00 -6.868832e-01
2454450.817987 3.400674e+00 8.107159e-01 -3.058420e+00 -6.868929e-01 9.162104e-01 -2.079938e+00 -6.868913e-01
2454450.824658 2.352633e+00 8.107759e-01 -3.058412e+00 -6.869011e-01 9.161544e-01 -2.079918e+00 -6.868994e-01
2454465.776902 2.277379e+00 9.443667e-01 -3.037480e+00 -7.044271e-01 7.891413e-01 -2.066512e+00 -7.044250e-01
2454465.783452 2.497089e+00 9.444248e-01 -3.037469e+00 -7.044345e-01 7.890863e-01 -2.066519e+00 -7.044324e-01
2454465.790052 2.277366e+00 9.444834e-01 -3.037459e+00 -7.044419e-01 7.890309e-01 -2.066527e+00 -7.044398e-01
2454465.796642 2.277359e+00 9.445419e-01 -3.037448e+00 -7.044494e-01 7.889756e-01 -2.066535e+00 -7.044472e-01
2454476.770842 2.766253e+00 1.041453e+00 -3.018374e+00 -7.164544e-01 7.004645e-01 -2.095990e+00 -7.164520e-01
2454476.779662 3.033198e+00 1.041530e+00 -3.018357e+00 -7.164638e-01 7.003972e-01 -2.096027e+00 -7.164614e-01
2454476.788482 3.033261e+00 1.041608e+00 -3.018341e+00 -7.164731e-01 7.003299e-01 -2.096063e+00 -7.164707e-01
2454476.797342 3.033323e+00 1.041686e+00 -3.018324e+00 -7.164825e-01 7.002622e-01 -2.096100e+00 -7.164801e-01
2454555.674169 3.088368e+00 1.702249e+00 -2.794656e+00 -7.812370e-01 7.178129e-01 -2.963399e+00 -7.812353e-01
2454555.682109 1.777313e+00 1.702312e+00 -2.794626e+00 -7.812416e-01 7.178965e-01 -2.963504e+00 -7.812399e-01
2454555.690038 1.948943e+00 1.702375e+00 -2.794596e+00 -7.812462e-01 7.179801e-01 -2.963610e+00 -7.812445e-01
2454555.697947 2.137146e+00 1.702437e+00 -2.794567e+00 -7.812508e-01 7.180634e-01 -2.963715e+00 -7.812491e-01
2454586.630643 1.245965e+00 1.940462e+00 -2.668651e+00 -7.963212e-01 1.169197e+00 -3.316741e+00 -7.963207e-01
2454586.636042 1.974812e+00 1.940502e+00 -2.668628e+00 -7.963233e-01 1.169296e+00 -3.316789e+00 -7.963228e-01
2454586.641512 1.801131e+00 1.940543e+00 -2.668604e+00 -7.963255e-01 1.169396e+00 -3.316837e+00 -7.963250e-01
2454586.646942 3.130151e+00 1.940583e+00 -2.668580e+00 -7.963276e-01 1.169495e+00 -3.316885e+00 -7.963271e-01
2454877.955419 2.760129e+00 3.345985e+00 -7.406557e-01 -6.693384e-01 2.519715e+00 -1.993410e-01 -6.693354e-01
2454877.960810 3.318300e+00 3.345995e+00 -7.406119e-01 -6.693319e-01 2.519672e+00 -1.993751e-01 -6.693290e-01
2454877.966250 2.759953e+00 3.346004e+00 -7.405678e-01 -6.693254e-01 2.519629e+00 -1.994096e-01 -6.693225e-01
2454877.991381 2.295291e+00 3.346049e+00 -7.403638e-01 -6.692953e-01 2.519430e+00 -1.995690e-01 -6.692923e-01
2454886.857784 2.194951e+00 3.360753e+00 -6.681946e-01 -6.584855e-01 2.458412e+00 -2.616125e-01 -6.584825e-01
2454886.862604 2.893451e+00 3.360761e+00 -6.681552e-01 -6.584795e-01 2.458385e+00 -2.616491e-01 -6.584766e-01
2454886.867444 2.638805e+00 3.360768e+00 -6.681157e-01 -6.584735e-01 2.458356e+00 -2.616858e-01 -6.584706e-01
2454886.872334 3.814157e+00 3.360776e+00 -6.680758e-01 -6.584675e-01 2.458328e+00 -2.617229e-01 -6.584645e-01
2454893.794009 3.098264e+00 3.370974e+00 -6.114810e-01 -6.497774e-01 2.424394e+00 -3.168566e-01 -6.497745e-01
2454893.801839 3.397108e+00 3.370985e+00 -6.114168e-01 -6.497675e-01 2.424362e+00 -3.169216e-01 -6.497645e-01
2454893.809739 3.724777e+00 3.370996e+00 -6.113521e-01 -6.497574e-01 2.424331e+00 -3.169872e-01 -6.497545e-01
2454906.745308 3.346676e+00 3.387025e+00 -5.050545e-01 -6.329360e-01 2.395108e+00 -4.296631e-01 -6.329330e-01
2454906.750648 2.538718e+00 3.387031e+00 -5.050105e-01 -6.329289e-01 2.395106e+00 -4.297110e-01 -6.329259e-01
2454906.756048 3.669572e+00 3.387036e+00 -5.049660e-01 -6.329217e-01 2.395103e+00 -4.297595e-01 -6.329188e-01
2454906.761438 3.052223e+00 3.387042e+00 -5.049216e-01 -6.329146e-01 2.395100e+00 -4.298079e-01 -6.329116e-01
2454917.748210 2.584092e+00 3.397535e+00 -4.141639e-01 -6.180426e-01 2.406229e+00 -5.284571e-01 -6.180396e-01
2454917.757790 2.833478e+00 3.397543e+00 -4.140846e-01 -6.180294e-01 2.406253e+00 -5.285421e-01 -6.180264e-01
2454917.762620 2.833516e+00 3.397547e+00 -4.140446e-01 -6.180227e-01 2.406265e+00 -5.285850e-01 -6.180197e-01
2454924.650968 3.490338e+00 3.402654e+00 -3.569584e-01 -6.084297e-01 2.429997e+00 -5.885858e-01 -6.084267e-01
2454924.656268 2.202304e+00 3.402658e+00 -3.569144e-01 -6.084223e-01 2.430021e+00 -5.886309e-01 -6.084192e-01
2454924.661707 3.183370e+00 3.402661e+00 -3.568693e-01 -6.084146e-01 2.430044e+00 -5.886771e-01 -6.084116e-01
2454924.667007 2.647870e+00 3.402665e+00 -3.568253e-01 -6.084072e-01 2.430067e+00 -5.887222e-01 -6.084041e-01
2454952.731950 2.182285e+00 3.411645e+00 -1.232176e-01 -5.672462e-01 2.649563e+00 -7.823850e-01 -5.672431e-01
2454952.739820 1.990388e+00 3.411645e+00 -1.231520e-01 -5.672342e-01 2.649649e+00 -7.824223e-01 -5.672311e-01
2454952.747619 1.509954e+00 3.411645e+00 -1.230869e-01 -5.672223e-01 2.649735e+00 -7.824591e-01 -5.672192e-01
2454952.755429 1.510045e+00 3.411645e+00 -1.230217e-01 -5.672104e-01 2.649820e+00 -7.824961e-01 -5.672073e-01
1 0.5
