2	0.5	1000	 1	period_start period_step period_end fixed/free
0.0				initial epoch
0.0				initial rotation angle      
0.1				convexity weight      
3 3				degree and order of spherical harmonics      
6				number of rows        
0.5	1			scattering parameters
0.1	1
-0.5	1     
0.1	0			LS coeff                 
50				iteration stop condidion
10				minimum number of iterations (only if the above value < 1)
5				Alamda multiplicative factor
0.1				Alamda initial value
1
106 0 0.12 2005.10-2009.11 V 703_CATALINA
2453645.950263 2.191153e+00 2.720209e-01 -3.059216e+00 -2.732226e-01 1.259723e+00 -2.898050e+00 -2.732221e-01
2453645.956773 1.048690e+00 2.720761e-01 -3.059209e+00 -2.732355e-01 1.259758e+00 -2.897934e+00 -2.732349e-01
2453645.963284 9.563615e-01 2.721313e-01 -3.059202e+00 -2.732483e-01 1.259793e+00 -2.897817e+00 -2.732478e-01
2453645.969814 1.661869e+00 2.721867e-01 -3.059196e+00 -2.732612e-01 1.259829e+00 -2.897700e+00 -2.732607e-01
2453714.801063 2.733707e+00 8.449046e-01 -2.916258e+00 -4.015161e-01 1.045415e+00 -1.952111e+00 -4.015094e-01
2453714.808063 2.733538e+00 8.449612e-01 -2.916236e+00 -4.015283e-01 1.045352e+00 -1.952065e+00 -4.015216e-01
2453714.815004 2.733370e+00 8.450173e-01 -2.916214e+00 -4.015403e-01 1.045289e+00 -1.952020e+00 -4.015336e-01
2453714.821944 2.492710e+00 8.450735e-01 -2.916193e+00 -4.015524e-01 1.045227e+00 -1.951974e+00 -4.015457e-01
2453725.723757 3.015021e+00 9.327277e-01 -2.880369e+00 -4.202349e-01 9.436496e-01 -1.896674e+00 -4.202280e-01
2453725.731777 3.014856e+00 9.327918e-01 -2.880341e+00 -4.202484e-01 9.435734e-01 -1.896645e+00 -4.202415e-01
2453725.739808 3.014691e+00 9.328560e-01 -2.880313e+00 -4.202620e-01 9.434972e-01 -1.896616e+00 -4.202551e-01
2453725.747828 3.014526e+00 9.329200e-01 -2.880286e+00 -4.202756e-01 9.434210e-01 -1.896588e+00 -4.202686e-01
2453737.754335 2.825818e+00 1.028117e+00 -2.836720e+00 -4.402495e-01 8.300377e-01 -1.873563e+00 -4.402427e-01
2453737.761655 3.098360e+00 1.028175e+00 -2.836692e+00 -4.402615e-01 8.299699e-01 -1.873561e+00 -4.402547e-01
2453737.768975 2.577031e+00 1.028232e+00 -2.836664e+00 -4.402735e-01 8.299021e-01 -1.873559e+00 -4.402666e-01
2453737.776255 2.825580e+00 1.028290e+00 -2.836636e+00 -4.402854e-01 8.298347e-01 -1.873557e+00 -4.402785e-01
2453740.783530 3.362375e+00 1.051896e+00 -2.825053e+00 -4.451855e-01 8.022308e-01 -1.873958e+00 -4.451787e-01
2453740.793580 2.796618e+00 1.051975e+00 -2.825014e+00 -4.452019e-01 8.021394e-01 -1.873963e+00 -4.451950e-01
2453740.803600 2.796534e+00 1.052054e+00 -2.824975e+00 -4.452181e-01 8.020484e-01 -1.873969e+00 -4.452113e-01
2453740.813660 2.550392e+00 1.052132e+00 -2.824935e+00 -4.452344e-01 8.019570e-01 -1.873974e+00 -4.452276e-01
2453753.821901 3.983608e+00 1.153070e+00 -2.771746e+00 -4.659377e-01 6.913004e-01 -1.902972e+00 -4.659314e-01
2453753.829941 3.633116e+00 1.153132e+00 -2.771711e+00 -4.659503e-01 6.912378e-01 -1.903003e+00 -4.659440e-01
2453753.846031 3.021931e+00 1.153256e+00 -2.771642e+00 -4.659754e-01 6.911125e-01 -1.903065e+00 -4.659691e-01
2453759.755366 2.537141e+00 1.198438e+00 -2.745837e+00 -4.751072e-01 6.475564e-01 -1.930012e+00 -4.751012e-01
2453759.759636 2.537167e+00 1.198470e+00 -2.745818e+00 -4.751138e-01 6.475269e-01 -1.930035e+00 -4.751077e-01
2453759.768246 2.313972e+00 1.198536e+00 -2.745780e+00 -4.751269e-01 6.474672e-01 -1.930080e+00 -4.751209e-01
2453765.702823 1.631184e+00 1.243463e+00 -2.718840e+00 -4.841202e-01 6.092920e-01 -1.965022e+00 -4.841145e-01
2453765.709833 2.357842e+00 1.243515e+00 -2.718807e+00 -4.841307e-01 6.092506e-01 -1.965067e+00 -4.841250e-01
2453765.716843 1.961222e+00 1.243568e+00 -2.718775e+00 -4.841413e-01 6.092091e-01 -1.965113e+00 -4.841355e-01
2454116.983079 1.552218e+00 2.357078e+00 3.117099e-01 -5.466281e-01 1.928063e+00 1.196927e+00 -5.466236e-01
2454116.989730 1.415506e+00 2.357056e+00 3.117810e-01 -5.466180e-01 1.927936e+00 1.196948e+00 -5.466135e-01
2454116.996381 1.551924e+00 2.357034e+00 3.118521e-01 -5.466079e-01 1.927809e+00 1.196969e+00 -5.466034e-01
2454117.003071 1.701490e+00 2.357012e+00 3.119236e-01 -5.465977e-01 1.927681e+00 1.196990e+00 -5.465932e-01
2454128.973844 1.715537e+00 2.313897e+00 4.393539e-01 -5.275597e-01 1.706826e+00 1.214811e+00 -5.275554e-01
2454128.979374 1.564457e+00 2.313876e+00 4.394125e-01 -5.275505e-01 1.706728e+00 1.214811e+00 -5.275463e-01
2454128.984885 1.426683e+00 2.313854e+00 4.394709e-01 -5.275414e-01 1.706631e+00 1.214810e+00 -5.275371e-01
2454128.990385 1.426564e+00 2.313833e+00 4.395291e-01 -5.275323e-01 1.706533e+00 1.214810e+00 -5.275280e-01
2454154.985593 1.794988e+00 2.196064e+00 7.110909e-01 -4.807244e-01 1.303967e+00 1.138989e+00 -4.807214e-01
2454154.990523 1.636915e+00 2.196038e+00 7.111416e-01 -4.807148e-01 1.303904e+00 1.138962e+00 -4.807118e-01
2454154.995474 1.967843e+00 2.196013e+00 7.111924e-01 -4.807052e-01 1.303840e+00 1.138936e+00 -4.807022e-01
2454155.000494 1.967680e+00 2.195987e+00 7.112439e-01 -4.806955e-01 1.303775e+00 1.138910e+00 -4.806924e-01
2454206.821485 2.784982e+00 1.861448e+00 1.215148e+00 -3.658942e-01 9.584157e-01 7.775970e-01 -3.658950e-01
2454206.828906 2.539756e+00 1.861390e+00 1.215215e+00 -3.658758e-01 9.584119e-01 7.775488e-01 -3.658766e-01
2454206.836326 2.539577e+00 1.861333e+00 1.215282e+00 -3.658574e-01 9.584082e-01 7.775006e-01 -3.658583e-01
2454206.843736 2.315960e+00 1.861276e+00 1.215349e+00 -3.658391e-01 9.584045e-01 7.774524e-01 -3.658399e-01
2454229.862869 2.256225e+00 1.670810e+00 1.414601e+00 -3.064290e-01 9.988219e-01 6.613181e-01 -3.064315e-01
2454229.871959 2.057690e+00 1.670730e+00 1.414676e+00 -3.064046e-01 9.988560e-01 6.612883e-01 -3.064071e-01
2454229.881109 2.256200e+00 1.670649e+00 1.414751e+00 -3.063801e-01 9.988903e-01 6.612583e-01 -3.063825e-01
2454229.890229 2.473860e+00 1.670569e+00 1.414827e+00 -3.063556e-01 9.989245e-01 6.612284e-01 -3.063581e-01
2454239.727219 2.083044e+00 1.581684e+00 1.493931e+00 -2.795732e-01 1.042366e+00 6.380565e-01 -2.795762e-01
2454239.736909 2.746067e+00 1.581594e+00 1.494007e+00 -2.795464e-01 1.042414e+00 6.380430e-01 -2.795495e-01
2454239.746609 2.746147e+00 1.581504e+00 1.494083e+00 -2.795196e-01 1.042463e+00 6.380295e-01 -2.795227e-01
2454239.756329 2.504589e+00 1.581414e+00 1.494159e+00 -2.794928e-01 1.042512e+00 6.380159e-01 -2.794958e-01
2454259.738478 1.477670e+00 1.387795e+00 1.642033e+00 -2.228119e-01 1.159230e+00 6.531433e-01 -2.228159e-01
2454259.745448 1.620325e+00 1.387724e+00 1.642081e+00 -2.227916e-01 1.159274e+00 6.531642e-01 -2.227956e-01
2454259.752407 1.776752e+00 1.387654e+00 1.642129e+00 -2.227714e-01 1.159318e+00 6.531851e-01 -2.227754e-01
2454259.759387 1.948281e+00 1.387583e+00 1.642178e+00 -2.227511e-01 1.159363e+00 6.532061e-01 -2.227551e-01
2454267.688187 1.444989e+00 1.306169e+00 1.695655e+00 -1.995085e-01 1.210286e+00 6.843651e-01 -1.995127e-01
2454267.697377 1.096230e+00 1.306073e+00 1.695715e+00 -1.994813e-01 1.210345e+00 6.844098e-01 -1.994856e-01
2454267.706596 1.318072e+00 1.305977e+00 1.695776e+00 -1.994540e-01 1.210404e+00 6.844546e-01 -1.994583e-01
2454267.715796 1.584807e+00 1.305881e+00 1.695836e+00 -1.994268e-01 1.210463e+00 6.844993e-01 -1.994311e-01
2454730.961835 2.254737e+00 -2.410025e+00 -8.540194e-01 5.224780e-01 -1.406417e+00 -8.765615e-01 5.224756e-01
2454730.968365 2.056293e+00 -2.410017e+00 -8.540877e-01 5.224714e-01 -1.406409e+00 -8.765178e-01 5.224690e-01
2454730.974895 2.254623e+00 -2.410009e+00 -8.541559e-01 5.224649e-01 -1.406400e+00 -8.764742e-01 5.224625e-01
2454730.981355 2.254567e+00 -2.410001e+00 -8.542235e-01 5.224584e-01 -1.406392e+00 -8.764310e-01 5.224560e-01
2454740.833973 2.408119e+00 -2.396096e+00 -9.564892e-01 5.121640e-01 -1.405757e+00 -8.103525e-01 5.121618e-01
2454740.843193 2.408088e+00 -2.396081e+00 -9.565842e-01 5.121540e-01 -1.405768e+00 -8.102912e-01 5.121518e-01
2454740.852363 2.196175e+00 -2.396066e+00 -9.566787e-01 5.121440e-01 -1.405779e+00 -8.102302e-01 5.121418e-01
2454740.861653 2.196147e+00 -2.396051e+00 -9.567745e-01 5.121339e-01 -1.405790e+00 -8.101684e-01 5.121317e-01
2454748.807953 2.635852e+00 -2.382066e+00 -1.038158e+00 5.032386e-01 -1.423214e+00 -7.586136e-01 5.032367e-01
2454748.817483 2.635877e+00 -2.382048e+00 -1.038255e+00 5.032276e-01 -1.423245e+00 -7.585538e-01 5.032257e-01
2454748.827033 2.403970e+00 -2.382030e+00 -1.038352e+00 5.032166e-01 -1.423275e+00 -7.584939e-01 5.032147e-01
2454748.836713 2.192468e+00 -2.382011e+00 -1.038450e+00 5.032055e-01 -1.423306e+00 -7.584332e-01 5.032036e-01
2454765.765413 2.805308e+00 -2.344268e+00 -1.208259e+00 4.825828e-01 -1.511444e+00 -6.656209e-01 4.825816e-01
2454765.773962 3.076125e+00 -2.344246e+00 -1.208343e+00 4.825719e-01 -1.511505e+00 -6.655827e-01 4.825706e-01
2454765.782522 3.076293e+00 -2.344224e+00 -1.208428e+00 4.825609e-01 -1.511566e+00 -6.655444e-01 4.825596e-01
2454765.791152 3.076461e+00 -2.344202e+00 -1.208513e+00 4.825498e-01 -1.511628e+00 -6.655059e-01 4.825486e-01
2454772.762895 2.456981e+00 -2.325621e+00 -1.276925e+00 4.734286e-01 -1.566461e+00 -6.381275e-01 4.734276e-01
2454772.768775 2.457102e+00 -2.325605e+00 -1.276983e+00 4.734207e-01 -1.566511e+00 -6.381078e-01 4.734198e-01
2454772.774915 2.694297e+00 -2.325587e+00 -1.277043e+00 4.734125e-01 -1.566563e+00 -6.380872e-01 4.734116e-01
2454772.781005 2.694434e+00 -2.325570e+00 -1.277102e+00 4.734044e-01 -1.566616e+00 -6.380668e-01 4.734035e-01
2454789.676658 1.847826e+00 -2.273517e+00 -1.438934e+00 4.498774e-01 -1.736475e+00 -6.093807e-01 4.498772e-01
2454789.684947 2.026304e+00 -2.273489e+00 -1.439012e+00 4.498653e-01 -1.736569e+00 -6.093817e-01 4.498652e-01
2454789.693197 2.026506e+00 -2.273461e+00 -1.439090e+00 4.498534e-01 -1.736663e+00 -6.093827e-01 4.498533e-01
2454789.701326 2.222237e+00 -2.273434e+00 -1.439166e+00 4.498416e-01 -1.736755e+00 -6.093837e-01 4.498415e-01
2454831.605458 1.566094e+00 -2.104676e+00 -1.813811e+00 3.837545e-01 -2.269712e+00 -8.444628e-01 3.837563e-01
2454831.614007 1.717390e+00 -2.104636e+00 -1.813883e+00 3.837400e-01 -2.269820e+00 -8.445603e-01 3.837418e-01
2454831.622466 1.717589e+00 -2.104597e+00 -1.813954e+00 3.837257e-01 -2.269926e+00 -8.446568e-01 3.837275e-01
2454831.630935 1.717789e+00 -2.104558e+00 -1.814026e+00 3.837113e-01 -2.270033e+00 -8.447535e-01 3.837131e-01
2454850.582514 1.834090e+00 -2.011428e+00 -1.969758e+00 3.507057e-01 -2.488414e+00 -1.109209e+00 3.507082e-01
2454850.588383 1.834225e+00 -2.011398e+00 -1.969804e+00 3.506953e-01 -2.488473e+00 -1.109306e+00 3.506977e-01
2454850.594333 1.391506e+00 -2.011367e+00 -1.969852e+00 3.506846e-01 -2.488534e+00 -1.109403e+00 3.506871e-01
2454850.600212 1.157489e+00 -2.011336e+00 -1.969899e+00 3.506741e-01 -2.488593e+00 -1.109499e+00 3.506766e-01
2454860.564491 2.269567e+00 -1.958562e+00 -2.048123e+00 3.326514e-01 -2.580410e+00 -1.284317e+00 3.326541e-01
2454860.569400 2.069988e+00 -1.958535e+00 -2.048161e+00 3.326424e-01 -2.580450e+00 -1.284409e+00 3.326451e-01
2454860.574290 2.728932e+00 -1.958508e+00 -2.048199e+00 3.326334e-01 -2.580490e+00 -1.284500e+00 3.326362e-01
2454867.580995 1.290204e+00 -1.919906e+00 -2.101656e+00 3.197060e-01 -2.632365e+00 -1.420134e+00 3.197088e-01
2454867.585275 1.414748e+00 -1.919882e+00 -2.101688e+00 3.196980e-01 -2.632393e+00 -1.420219e+00 3.197009e-01
2454867.589605 2.242332e+00 -1.919858e+00 -2.101721e+00 3.196900e-01 -2.632422e+00 -1.420306e+00 3.196928e-01
2454881.576477 2.595166e+00 -1.839285e+00 -2.204526e+00 2.933030e-01 -2.699027e+00 -1.716611e+00 2.933060e-01
2454881.585256 1.795570e+00 -1.839233e+00 -2.204589e+00 2.932862e-01 -2.699052e+00 -1.716806e+00 2.932892e-01
2454881.589636 1.637650e+00 -1.839207e+00 -2.204621e+00 2.932779e-01 -2.699065e+00 -1.716903e+00 2.932808e-01
2455160.892532 2.241882e+00 3.374073e-01 -3.050172e+00 -2.883374e-01 7.839120e-01 -2.169839e+00 -2.883410e-01
2455160.899913 2.458009e+00 3.374698e-01 -3.050163e+00 -2.883519e-01 7.838591e-01 -2.169773e+00 -2.883554e-01
2455160.907373 2.241577e+00 3.375329e-01 -3.050153e+00 -2.883664e-01 7.838057e-01 -2.169706e+00 -2.883699e-01
2455160.914754 2.241425e+00 3.375954e-01 -3.050144e+00 -2.883808e-01 7.837528e-01 -2.169640e+00 -2.883844e-01
1 0.5
