2	0.5	1000	 1	period_start period_step period_end fixed/free
0.0				initial epoch
0.0				initial rotation angle      
0.1				convexity weight      
3 3				degree and order of spherical harmonics      
6				number of rows        
0.5	1			scattering parameters
0.1	1
-0.5	1     
0.1	0			LS coeff                 
50				iteration stop condidion
10				minimum number of iterations (only if the above value < 1)
5				Alamda multiplicative factor
0.1				Alamda initial value
1
105 0 0.12 2005.10-2010.1 V 703_CATALINA
2453670.834734 1.402510e+00 -1.872224e+00 -1.728212e+00 2.963909e-01 -1.047668e+00 -1.173550e+00 2.963944e-01
2453670.839584 1.402512e+00 -1.872197e+00 -1.728257e+00 2.963876e-01 -1.047689e+00 -1.173525e+00 2.963911e-01
2453670.844414 1.166560e+00 -1.872170e+00 -1.728301e+00 2.963842e-01 -1.047710e+00 -1.173501e+00 2.963878e-01
2453670.849434 1.166562e+00 -1.872142e+00 -1.728347e+00 2.963808e-01 -1.047732e+00 -1.173475e+00 2.963843e-01
2453677.800247 1.703390e+00 -1.832577e+00 -1.791136e+00 2.914670e-01 -1.082728e+00 -1.141784e+00 2.914713e-01
2453677.804527 1.553528e+00 -1.832552e+00 -1.791175e+00 2.914639e-01 -1.082753e+00 -1.141767e+00 2.914682e-01
2453677.808787 1.703429e+00 -1.832527e+00 -1.791213e+00 2.914608e-01 -1.082777e+00 -1.141750e+00 2.914651e-01
2453677.813087 1.553563e+00 -1.832502e+00 -1.791251e+00 2.914577e-01 -1.082802e+00 -1.141733e+00 2.914620e-01
2453677.847407 1.553705e+00 -1.832303e+00 -1.791557e+00 2.914328e-01 -1.082999e+00 -1.141595e+00 2.914371e-01
2453677.852987 1.553729e+00 -1.832271e+00 -1.791607e+00 2.914288e-01 -1.083031e+00 -1.141573e+00 2.914331e-01
2453677.858597 1.417039e+00 -1.832238e+00 -1.791657e+00 2.914247e-01 -1.083063e+00 -1.141550e+00 2.914290e-01
2453677.864187 1.553775e+00 -1.832206e+00 -1.791707e+00 2.914207e-01 -1.083095e+00 -1.141528e+00 2.914250e-01
2453678.791112 1.872968e+00 -1.826811e+00 -1.799966e+00 2.907466e-01 -1.088511e+00 -1.137888e+00 2.907509e-01
2453678.796922 1.873000e+00 -1.826777e+00 -1.800018e+00 2.907423e-01 -1.088545e+00 -1.137865e+00 2.907467e-01
2453678.802741 1.557921e+00 -1.826743e+00 -1.800070e+00 2.907381e-01 -1.088580e+00 -1.137843e+00 2.907424e-01
2453678.808541 1.557948e+00 -1.826709e+00 -1.800122e+00 2.907339e-01 -1.088614e+00 -1.137821e+00 2.907382e-01
2453678.868321 1.558229e+00 -1.826361e+00 -1.800653e+00 2.906902e-01 -1.088969e+00 -1.137591e+00 2.906946e-01
2453678.871831 1.558246e+00 -1.826340e+00 -1.800684e+00 2.906877e-01 -1.088990e+00 -1.137577e+00 2.906920e-01
2453678.875351 1.873443e+00 -1.826319e+00 -1.800716e+00 2.906851e-01 -1.089011e+00 -1.137564e+00 2.906895e-01
2453678.878831 1.708619e+00 -1.826299e+00 -1.800747e+00 2.906825e-01 -1.089032e+00 -1.137551e+00 2.906869e-01
2453680.796505 1.568359e+00 -1.815047e+00 -1.817744e+00 2.892735e-01 -1.100789e+00 -1.130516e+00 2.892780e-01
2453680.804555 1.719723e+00 -1.815000e+00 -1.817815e+00 2.892675e-01 -1.100840e+00 -1.130488e+00 2.892721e-01
2453680.812655 1.719775e+00 -1.814952e+00 -1.817887e+00 2.892615e-01 -1.100891e+00 -1.130459e+00 2.892661e-01
2453680.820745 1.885752e+00 -1.814904e+00 -1.817958e+00 2.892555e-01 -1.100942e+00 -1.130431e+00 2.892601e-01
2453684.788392 1.918897e+00 -1.791260e+00 -1.852759e+00 2.862820e-01 -1.127429e+00 -1.117999e+00 2.862869e-01
2453684.794842 1.596122e+00 -1.791221e+00 -1.852815e+00 2.862771e-01 -1.127474e+00 -1.117981e+00 2.862820e-01
2453684.801282 1.919023e+00 -1.791182e+00 -1.852871e+00 2.862722e-01 -1.127519e+00 -1.117963e+00 2.862771e-01
2453699.685177 1.353579e+00 -1.698302e+00 -1.978964e+00 2.744471e-01 -1.249016e+00 -1.100057e+00 2.744531e-01
2453699.692687 1.125940e+00 -1.698253e+00 -1.979025e+00 2.744408e-01 -1.249085e+00 -1.100061e+00 2.744469e-01
2453699.700157 1.126021e+00 -1.698205e+00 -1.979087e+00 2.744346e-01 -1.249153e+00 -1.100064e+00 2.744407e-01
2453699.707666 1.126104e+00 -1.698157e+00 -1.979149e+00 2.744284e-01 -1.249222e+00 -1.100068e+00 2.744344e-01
2453758.633409 6.274442e-01 -1.275005e+00 -2.406065e+00 2.185486e-01 -1.809469e+00 -1.579526e+00 2.185546e-01
2453758.639409 5.722840e-01 -1.274958e+00 -2.406103e+00 2.185422e-01 -1.809510e+00 -1.579620e+00 2.185483e-01
2453758.645378 9.945987e-01 -1.274912e+00 -2.406140e+00 2.185359e-01 -1.809551e+00 -1.579714e+00 2.185420e-01
2453758.651408 1.090647e+00 -1.274864e+00 -2.406178e+00 2.185296e-01 -1.809593e+00 -1.579808e+00 2.185356e-01
2454109.955638 1.363508e+00 1.722517e+00 -2.492203e+00 -2.172567e-01 1.407276e+00 -1.560729e+00 -2.172521e-01
2454109.969839 1.494937e+00 1.722618e+00 -2.492129e+00 -2.172725e-01 1.407142e+00 -1.560734e+00 -2.172679e-01
2454109.976969 1.639100e+00 1.722669e+00 -2.492092e+00 -2.172804e-01 1.407075e+00 -1.560737e+00 -2.172758e-01
2454116.799193 1.586238e+00 1.770945e+00 -2.456003e+00 -2.248087e-01 1.344830e+00 -1.569399e+00 -2.248042e-01
2454116.812253 1.586157e+00 1.771037e+00 -2.455933e+00 -2.248230e-01 1.344716e+00 -1.569427e+00 -2.248185e-01
2454116.818824 1.586116e+00 1.771083e+00 -2.455898e+00 -2.248302e-01 1.344658e+00 -1.569441e+00 -2.248257e-01
2454140.659368 9.894604e-01 1.932768e+00 -2.320398e+00 -2.502427e-01 1.178030e+00 -1.685066e+00 -2.502389e-01
2454140.665837 1.304388e+00 1.932810e+00 -2.320360e+00 -2.502494e-01 1.177999e+00 -1.685113e+00 -2.502456e-01
2454140.672317 9.894982e-01 1.932853e+00 -2.320321e+00 -2.502561e-01 1.177968e+00 -1.685160e+00 -2.502523e-01
2454140.678797 1.189662e+00 1.932895e+00 -2.320282e+00 -2.502628e-01 1.177936e+00 -1.685207e+00 -2.502590e-01
2454147.698813 1.016843e+00 1.978322e+00 -2.277673e+00 -2.574644e-01 1.149570e+00 -1.740050e+00 -2.574609e-01
2454147.705973 9.274036e-01 1.978368e+00 -2.277629e+00 -2.574717e-01 1.149546e+00 -1.740110e+00 -2.574682e-01
2454147.713173 1.016912e+00 1.978414e+00 -2.277585e+00 -2.574790e-01 1.149523e+00 -1.740170e+00 -2.574755e-01
2454147.720433 7.035561e-01 1.978461e+00 -2.277540e+00 -2.574864e-01 1.149500e+00 -1.740230e+00 -2.574829e-01
2454500.010031 6.886997e-01 2.404201e+00 8.332171e-01 -3.618218e-01 1.720450e+00 1.543045e+00 -3.618191e-01
2454500.017092 9.077901e-01 2.404164e+00 8.332827e-01 -3.618173e-01 1.720324e+00 1.543025e+00 -3.618146e-01
2454500.024202 5.727180e-01 2.404126e+00 8.333488e-01 -3.618127e-01 1.720196e+00 1.543006e+00 -3.618100e-01
2454500.031363 6.279079e-01 2.404089e+00 8.334154e-01 -3.618081e-01 1.720068e+00 1.542987e+00 -3.618054e-01
2454509.963722 7.145557e-01 2.349653e+00 9.250070e-01 -3.551164e-01 1.550840e+00 1.505175e+00 -3.551137e-01
2454509.970762 1.132374e+00 2.349613e+00 9.250714e-01 -3.551114e-01 1.550727e+00 1.505140e+00 -3.551087e-01
2454509.977883 7.144026e-01 2.349572e+00 9.251365e-01 -3.551064e-01 1.550612e+00 1.505106e+00 -3.551037e-01
2454509.985124 7.832408e-01 2.349531e+00 9.252027e-01 -3.551013e-01 1.550496e+00 1.505071e+00 -3.550986e-01
2454530.963277 8.165363e-01 2.220954e+00 1.113044e+00 -3.389087e-01 1.262120e+00 1.367357e+00 -3.389062e-01
2454530.971878 6.790729e-01 2.220897e+00 1.113119e+00 -3.389014e-01 1.262023e+00 1.367289e+00 -3.388990e-01
2454530.980538 8.163135e-01 2.220841e+00 1.113195e+00 -3.388942e-01 1.261926e+00 1.367220e+00 -3.388917e-01
2454530.989149 6.788876e-01 2.220784e+00 1.113270e+00 -3.388870e-01 1.261829e+00 1.367152e+00 -3.388845e-01
2454567.858743 1.000873e+00 1.950511e+00 1.419824e+00 -3.036498e-01 1.019386e+00 1.048890e+00 -3.036486e-01
2454567.866913 1.000779e+00 1.950445e+00 1.419888e+00 -3.036411e-01 1.019369e+00 1.048823e+00 -3.036398e-01
2454567.874903 1.097231e+00 1.950380e+00 1.419951e+00 -3.036325e-01 1.019353e+00 1.048757e+00 -3.036313e-01
2454567.882914 1.097130e+00 1.950316e+00 1.420014e+00 -3.036239e-01 1.019337e+00 1.048691e+00 -3.036227e-01
2454573.794051 1.357470e+00 1.901832e+00 1.465764e+00 -2.971772e-01 1.011577e+00 1.001664e+00 -2.971762e-01
2454573.800501 1.357383e+00 1.901778e+00 1.465813e+00 -2.971700e-01 1.011573e+00 1.001615e+00 -2.971690e-01
2454573.813462 1.128878e+00 1.901670e+00 1.465912e+00 -2.971556e-01 1.011565e+00 1.001515e+00 -2.971547e-01
2454581.904433 1.052990e+00 1.833052e+00 1.526784e+00 -2.879791e-01 1.013355e+00 9.432770e-01 -2.879784e-01
2454581.911453 1.154521e+00 1.832992e+00 1.526836e+00 -2.879710e-01 1.013362e+00 9.432301e-01 -2.879703e-01
2454581.918494 1.052882e+00 1.832931e+00 1.526888e+00 -2.879628e-01 1.013370e+00 9.431830e-01 -2.879621e-01
2454581.925564 1.265778e+00 1.832870e+00 1.526940e+00 -2.879546e-01 1.013377e+00 9.431357e-01 -2.879539e-01
2454597.854607 1.076485e+00 1.690342e+00 1.640414e+00 -2.687177e-01 1.053403e+00 8.564120e-01 -2.687177e-01
2454597.862577 9.817540e-01 1.690268e+00 1.640468e+00 -2.687077e-01 1.053433e+00 8.563796e-01 -2.687077e-01
2454597.870557 1.180314e+00 1.690195e+00 1.640523e+00 -2.686977e-01 1.053464e+00 8.563471e-01 -2.686977e-01
2454597.878537 1.180300e+00 1.690121e+00 1.640578e+00 -2.686877e-01 1.053494e+00 8.563147e-01 -2.686877e-01
2454624.730111 8.803864e-01 1.428538e+00 1.810403e+00 -2.328597e-01 1.195577e+00 8.225466e-01 -2.328609e-01
2454624.736731 8.029554e-01 1.428471e+00 1.810441e+00 -2.328504e-01 1.195619e+00 8.225583e-01 -2.328515e-01
2454624.743321 8.804597e-01 1.428404e+00 1.810480e+00 -2.328411e-01 1.195660e+00 8.225699e-01 -2.328422e-01
2454624.749900 8.030220e-01 1.428336e+00 1.810518e+00 -2.328318e-01 1.195701e+00 8.225815e-01 -2.328330e-01
2455042.890937 5.771191e-01 -2.255086e+00 -4.078478e-01 3.342169e-01 -1.640991e+00 -1.216209e+00 3.342166e-01
2455042.896347 6.327717e-01 -2.255085e+00 -4.079117e-01 3.342176e-01 -1.640918e+00 -1.216217e+00 3.342173e-01
2455042.901798 5.770696e-01 -2.255084e+00 -4.079762e-01 3.342183e-01 -1.640844e+00 -1.216225e+00 3.342180e-01
2455042.907268 8.340836e-01 -2.255083e+00 -4.080409e-01 3.342191e-01 -1.640769e+00 -1.216233e+00 3.342188e-01
2455060.960711 7.881283e-01 -2.243121e+00 -6.197142e-01 3.353445e-01 -1.418464e+00 -1.206916e+00 3.353432e-01
2455060.966641 6.555035e-01 -2.243114e+00 -6.197831e-01 3.353445e-01 -1.418400e+00 -1.206902e+00 3.353432e-01
2455060.972682 7.187087e-01 -2.243107e+00 -6.198532e-01 3.353444e-01 -1.418335e+00 -1.206888e+00 3.353431e-01
2455060.978712 7.880081e-01 -2.243101e+00 -6.199233e-01 3.353444e-01 -1.418269e+00 -1.206874e+00 3.353431e-01
2455120.873449 1.268592e+00 -2.089519e+00 -1.282632e+00 3.219404e-01 -1.171925e+00 -8.931404e-01 3.219368e-01
2455120.879619 9.623286e-01 -2.089495e+00 -1.282697e+00 3.219378e-01 -1.171944e+00 -8.931073e-01 3.219342e-01
2455120.885829 8.776570e-01 -2.089471e+00 -1.282761e+00 3.219352e-01 -1.171963e+00 -8.930740e-01 3.219315e-01
2455120.891859 9.623349e-01 -2.089448e+00 -1.282824e+00 3.219326e-01 -1.171982e+00 -8.930417e-01 3.219289e-01
2455143.807123 1.408320e+00 -1.989829e+00 -1.514482e+00 3.105518e-01 -1.300188e+00 -8.031540e-01 3.105480e-01
2455143.813733 1.171455e+00 -1.989797e+00 -1.514546e+00 3.105480e-01 -1.300240e+00 -8.031400e-01 3.105442e-01
2455143.820432 1.171522e+00 -1.989765e+00 -1.514612e+00 3.105442e-01 -1.300292e+00 -8.031259e-01 3.105405e-01
2455143.826952 1.068500e+00 -1.989734e+00 -1.514676e+00 3.105406e-01 -1.300343e+00 -8.031121e-01 3.105368e-01
2455158.665233 9.480047e-01 -1.914775e+00 -1.656920e+00 3.015422e-01 -1.433822e+00 -7.944433e-01 3.015386e-01
2455158.671173 9.480744e-01 -1.914743e+00 -1.656976e+00 3.015383e-01 -1.433882e+00 -7.944495e-01 3.015347e-01
2455158.677223 9.481453e-01 -1.914711e+00 -1.657033e+00 3.015344e-01 -1.433942e+00 -7.944560e-01 3.015308e-01
2455158.683152 9.482148e-01 -1.914679e+00 -1.657088e+00 3.015306e-01 -1.434001e+00 -7.944622e-01 3.015270e-01
2455158.689142 1.039774e+00 -1.914648e+00 -1.657144e+00 3.015267e-01 -1.434061e+00 -7.944686e-01 3.015231e-01
2455208.584290 2.588790e-01 -1.610638e+00 -2.086097e+00 2.630273e-01 -1.972812e+00 -1.171719e+00 2.630260e-01
2455208.591699 1.358764e+00 -1.610587e+00 -2.086154e+00 2.630207e-01 -1.972882e+00 -1.171824e+00 2.630194e-01
2455208.599109 5.409921e-01 -1.610537e+00 -2.086212e+00 2.630142e-01 -1.972952e+00 -1.171929e+00 2.630129e-01
2455208.606528 7.820560e-01 -1.610486e+00 -2.086270e+00 2.630076e-01 -1.973023e+00 -1.172035e+00 2.630063e-01
1 0.5
