2	0.5	1000	 1	period_start period_step period_end fixed/free
0.0				initial epoch
0.0				initial rotation angle      
0.1				convexity weight      
3 3				degree and order of spherical harmonics      
6				number of rows        
0.5	1			scattering parameters
0.1	1
-0.5	1     
0.1	0			LS coeff                 
50				iteration stop condidion
10				minimum number of iterations (only if the above value < 1)
5				Alamda multiplicative factor
0.1				Alamda initial value
1
109 0 0.12 2005.9-2010.1 V 703_CATALINA
2453627.878130 7.880794e-01 -2.038568e+00 -4.888028e-01 3.223130e-01 -1.043604e+00 -6.361648e-01 3.223113e-01
2453627.887420 7.186840e-01 -2.038545e+00 -4.889163e-01 3.223384e-01 -1.043561e+00 -6.361208e-01 3.223367e-01
2453627.896541 7.186319e-01 -2.038523e+00 -4.890277e-01 3.223634e-01 -1.043518e+00 -6.360775e-01 3.223617e-01
2453627.905661 7.879071e-01 -2.038501e+00 -4.891391e-01 3.223883e-01 -1.043476e+00 -6.360343e-01 3.223866e-01
2453651.835621 1.028565e+00 -1.962396e+00 -7.763047e-01 3.848245e-01 -9.976737e-01 -5.165763e-01 3.848258e-01
2453651.842051 1.028565e+00 -1.962371e+00 -7.763803e-01 3.848405e-01 -9.976792e-01 -5.165455e-01 3.848417e-01
2453651.848441 9.380637e-01 -1.962346e+00 -7.764554e-01 3.848563e-01 -9.976846e-01 -5.165148e-01 3.848576e-01
2453651.854871 1.028567e+00 -1.962321e+00 -7.765309e-01 3.848722e-01 -9.976901e-01 -5.164840e-01 3.848735e-01
2453679.739419 5.761046e-01 -1.831392e+00 -1.094117e+00 4.492618e-01 -1.104351e+00 -4.200424e-01 4.492662e-01
2453679.746829 4.792207e-01 -1.831352e+00 -1.094198e+00 4.492776e-01 -1.104399e+00 -4.200308e-01 4.492820e-01
2453679.754239 5.254966e-01 -1.831312e+00 -1.094279e+00 4.492934e-01 -1.104447e+00 -4.200192e-01 4.492978e-01
2453679.761718 5.762415e-01 -1.831271e+00 -1.094362e+00 4.493094e-01 -1.104496e+00 -4.200076e-01 4.493138e-01
2453733.593856 8.813623e-01 -1.468669e+00 -1.634763e+00 5.449407e-01 -1.595005e+00 -6.595279e-01 5.449476e-01
2453733.603135 8.039293e-01 -1.468596e+00 -1.634846e+00 5.449538e-01 -1.595093e+00 -6.596325e-01 5.449607e-01
2453733.612434 7.332995e-01 -1.468523e+00 -1.634930e+00 5.449669e-01 -1.595181e+00 -6.597373e-01 5.449738e-01
2453733.621614 6.688738e-01 -1.468450e+00 -1.635012e+00 5.449798e-01 -1.595268e+00 -6.598408e-01 5.449867e-01
2453742.606445 3.357024e-01 -1.396163e+00 -1.714128e+00 5.570668e-01 -1.676539e+00 -7.716031e-01 5.570736e-01
2453742.614904 7.691493e-01 -1.396094e+00 -1.714201e+00 5.570777e-01 -1.676611e+00 -7.717180e-01 5.570844e-01
2453742.623394 4.037077e-01 -1.396024e+00 -1.714274e+00 5.570886e-01 -1.676684e+00 -7.718333e-01 5.570953e-01
2453742.631853 2.118962e-01 -1.395954e+00 -1.714347e+00 5.570994e-01 -1.676756e+00 -7.719483e-01 5.571061e-01
2453763.586153 3.794078e-01 -1.216766e+00 -1.885288e+00 5.809227e-01 -1.822044e+00 -1.108418e+00 5.809285e-01
2453763.594252 2.625155e-01 -1.216694e+00 -1.885350e+00 5.809308e-01 -1.822085e+00 -1.108567e+00 5.809366e-01
2453763.602351 1.146050e-01 -1.216622e+00 -1.885412e+00 5.809388e-01 -1.822125e+00 -1.108715e+00 5.809446e-01
2453763.610421 2.625743e-01 -1.216551e+00 -1.885474e+00 5.809468e-01 -1.822165e+00 -1.108863e+00 5.809526e-01
2454127.735439 8.361580e-01 2.210262e+00 -1.892967e+00 2.412121e-01 1.620458e+00 -1.104482e+00 2.412163e-01
2454127.743789 8.361349e-01 2.210318e+00 -1.892916e+00 2.411941e-01 1.620396e+00 -1.104518e+00 2.411984e-01
2454127.752189 6.342558e-01 2.210374e+00 -1.892865e+00 2.411761e-01 1.620334e+00 -1.104554e+00 2.411803e-01
2454127.760589 9.167531e-01 2.210430e+00 -1.892814e+00 2.411580e-01 1.620272e+00 -1.104590e+00 2.411623e-01
2454139.790937 6.825852e-01 2.288959e+00 -1.818105e+00 2.151121e-01 1.544173e+00 -1.171362e+00 2.151159e-01
2454139.798497 4.722346e-01 2.289007e+00 -1.818057e+00 2.150956e-01 1.544134e+00 -1.171412e+00 2.150994e-01
2454139.806067 4.722356e-01 2.289055e+00 -1.818009e+00 2.150791e-01 1.544095e+00 -1.171463e+00 2.150829e-01
2454139.813617 4.722366e-01 2.289103e+00 -1.817962e+00 2.150626e-01 1.544056e+00 -1.171514e+00 2.150665e-01
2454146.793337 1.439764e+00 2.332882e+00 -1.773185e+00 1.997800e-01 1.512965e+00 -1.222503e+00 1.997834e-01
2454146.799417 1.731002e+00 2.332919e+00 -1.773146e+00 1.997666e-01 1.512942e+00 -1.222550e+00 1.997701e-01
2454146.805516 1.439806e+00 2.332957e+00 -1.773106e+00 1.997532e-01 1.512920e+00 -1.222598e+00 1.997567e-01
2454146.811606 1.578740e+00 2.332995e+00 -1.773067e+00 1.997398e-01 1.512897e+00 -1.222646e+00 1.997433e-01
2454146.867036 1.197760e+00 2.333337e+00 -1.772707e+00 1.996179e-01 1.512693e+00 -1.223082e+00 1.996214e-01
2454146.874866 1.313343e+00 2.333385e+00 -1.772656e+00 1.996007e-01 1.512664e+00 -1.223144e+00 1.996042e-01
2454157.722827 6.570402e-01 2.398762e+00 -1.701055e+00 1.756238e-01 1.486561e+00 -1.316267e+00 1.756267e-01
2454157.733567 8.661996e-01 2.398825e+00 -1.700983e+00 1.756000e-01 1.486549e+00 -1.316366e+00 1.756028e-01
2454157.744297 1.141943e+00 2.398888e+00 -1.700911e+00 1.755761e-01 1.486537e+00 -1.316465e+00 1.755790e-01
2454157.754996 1.373000e+00 2.398951e+00 -1.700839e+00 1.755523e-01 1.486526e+00 -1.316564e+00 1.755552e-01
2454168.683122 7.776346e-01 2.461495e+00 -1.626361e+00 1.511562e-01 1.490012e+00 -1.421971e+00 1.511583e-01
2454168.691242 7.776864e-01 2.461540e+00 -1.626305e+00 1.511380e-01 1.490027e+00 -1.422052e+00 1.511401e-01
2454168.699361 5.380635e-01 2.461585e+00 -1.626249e+00 1.511197e-01 1.490041e+00 -1.422133e+00 1.511219e-01
2454168.707481 7.777901e-01 2.461631e+00 -1.626192e+00 1.511015e-01 1.490055e+00 -1.422214e+00 1.511037e-01
2454530.929481 7.749299e-01 2.418744e+00 1.359647e+00 -5.727382e-01 1.460069e+00 1.614524e+00 -5.727357e-01
2454530.939682 7.066523e-01 2.418683e+00 1.359722e+00 -5.727505e-01 1.459960e+00 1.614430e+00 -5.727480e-01
2454530.949902 6.443903e-01 2.418621e+00 1.359798e+00 -5.727628e-01 1.459850e+00 1.614335e+00 -5.727604e-01
2454530.960133 1.119676e+00 2.418560e+00 1.359874e+00 -5.727751e-01 1.459741e+00 1.614240e+00 -5.727727e-01
2454555.882794 1.095362e+00 2.258898e+00 1.538551e+00 -6.004284e-01 1.275016e+00 1.366258e+00 -6.004266e-01
2454555.889884 9.989070e-01 2.258850e+00 1.538600e+00 -6.004355e-01 1.274987e+00 1.366186e+00 -6.004338e-01
2454555.896985 9.988318e-01 2.258802e+00 1.538649e+00 -6.004427e-01 1.274958e+00 1.366115e+00 -6.004410e-01
2454555.904115 1.095115e+00 2.258753e+00 1.538698e+00 -6.004499e-01 1.274929e+00 1.366043e+00 -6.004482e-01
2454561.958070 1.030320e+00 2.217081e+00 1.580223e+00 -6.064212e-01 1.254870e+00 1.305714e+00 -6.064197e-01
2454561.965621 1.238628e+00 2.217028e+00 1.580274e+00 -6.064284e-01 1.254851e+00 1.305640e+00 -6.064270e-01
2454561.973241 1.129560e+00 2.216975e+00 1.580326e+00 -6.064358e-01 1.254832e+00 1.305566e+00 -6.064343e-01
2454561.980861 1.030096e+00 2.216922e+00 1.580378e+00 -6.064431e-01 1.254813e+00 1.305491e+00 -6.064416e-01
2454567.827621 1.072173e+00 2.175620e+00 1.619729e+00 -6.119212e-01 1.244305e+00 1.249294e+00 -6.119199e-01
2454567.834801 9.777756e-01 2.175568e+00 1.619777e+00 -6.119277e-01 1.244297e+00 1.249227e+00 -6.119265e-01
2454567.843782 9.777031e-01 2.175504e+00 1.619837e+00 -6.119359e-01 1.244287e+00 1.249143e+00 -6.119347e-01
2454567.851962 8.916154e-01 2.175445e+00 1.619892e+00 -6.119434e-01 1.244279e+00 1.249066e+00 -6.119421e-01
2454591.825523 5.457254e-01 1.995484e+00 1.772980e+00 -6.313318e-01 1.283192e+00 1.058748e+00 -6.313316e-01
2454591.833533 5.983676e-01 1.995421e+00 1.773029e+00 -6.313374e-01 1.283224e+00 1.058699e+00 -6.313372e-01
2454591.841603 6.560882e-01 1.995357e+00 1.773078e+00 -6.313431e-01 1.283257e+00 1.058650e+00 -6.313429e-01
2454591.849653 8.648808e-01 1.995294e+00 1.773127e+00 -6.313488e-01 1.283289e+00 1.058601e+00 -6.313485e-01
2454624.786217 7.816533e-01 1.721418e+00 1.959223e+00 -6.494210e-01 1.489381e+00 9.711413e-01 -6.494221e-01
2454624.794677 7.129118e-01 1.721344e+00 1.959267e+00 -6.494243e-01 1.489446e+00 9.711513e-01 -6.494254e-01
2454624.803136 6.502156e-01 1.721270e+00 1.959310e+00 -6.494276e-01 1.489512e+00 9.711614e-01 -6.494287e-01
2454624.811576 7.129829e-01 1.721196e+00 1.959354e+00 -6.494309e-01 1.489577e+00 9.711714e-01 -6.494320e-01
2455042.843295 6.430052e-01 -2.057922e+00 3.212762e-01 1.271037e-01 -1.444466e+00 -4.875776e-01 1.271034e-01
2455042.848245 7.730130e-01 -2.057931e+00 3.212149e-01 1.271196e-01 -1.444409e+00 -4.875877e-01 1.271193e-01
2455042.853146 7.049517e-01 -2.057940e+00 3.211542e-01 1.271353e-01 -1.444353e+00 -4.875977e-01 1.271350e-01
2455042.858126 7.049064e-01 -2.057950e+00 3.210925e-01 1.271513e-01 -1.444295e+00 -4.876080e-01 1.271510e-01
2455043.901906 3.649943e-01 -2.059882e+00 3.081608e-01 1.304982e-01 -1.432309e+00 -4.896274e-01 1.304978e-01
2455043.908226 4.001756e-01 -2.059893e+00 3.080825e-01 1.305184e-01 -1.432237e+00 -4.896389e-01 1.305181e-01
2455043.914666 4.387474e-01 -2.059905e+00 3.080027e-01 1.305391e-01 -1.432163e+00 -4.896506e-01 1.305387e-01
2455043.921067 3.649041e-01 -2.059916e+00 3.079233e-01 1.305596e-01 -1.432090e+00 -4.896622e-01 1.305592e-01
2455060.911953 3.230850e-01 -2.081046e+00 9.620998e-02 1.843061e-01 -1.256862e+00 -4.916719e-01 1.843048e-01
2455060.917794 3.542307e-01 -2.081050e+00 9.613693e-02 1.843243e-01 -1.256809e+00 -4.916635e-01 1.843230e-01
2455060.923814 3.883782e-01 -2.081054e+00 9.606163e-02 1.843431e-01 -1.256755e+00 -4.916549e-01 1.843418e-01
2455060.929714 3.883506e-01 -2.081058e+00 9.598782e-02 1.843615e-01 -1.256702e+00 -4.916464e-01 1.843602e-01
2455073.861374 8.439594e-01 -2.084109e+00 -6.586997e-02 2.241433e-01 -1.154856e+00 -4.606085e-01 2.241413e-01
2455073.867454 7.696528e-01 -2.084108e+00 -6.594605e-02 2.241617e-01 -1.154815e+00 -4.605887e-01 2.241597e-01
2455073.873454 7.696059e-01 -2.084107e+00 -6.602113e-02 2.241799e-01 -1.154775e+00 -4.605691e-01 2.241779e-01
2455073.879364 8.438053e-01 -2.084105e+00 -6.609509e-02 2.241978e-01 -1.154736e+00 -4.605498e-01 2.241959e-01
2455090.861398 8.074752e-01 -2.071145e+00 -2.779454e-01 2.745752e-01 -1.072311e+00 -3.919502e-01 2.745724e-01
2455090.870178 7.363905e-01 -2.071134e+00 -2.780545e-01 2.746006e-01 -1.072285e+00 -3.919097e-01 2.745978e-01
2455090.879009 8.073977e-01 -2.071122e+00 -2.781641e-01 2.746262e-01 -1.072259e+00 -3.918690e-01 2.746234e-01
2455090.887779 8.073592e-01 -2.071111e+00 -2.782730e-01 2.746516e-01 -1.072232e+00 -3.918285e-01 2.746488e-01
2455098.908474 1.031166e+00 -2.058384e+00 -3.775765e-01 2.976016e-01 -1.055566e+00 -3.539005e-01 2.975985e-01
2455098.915174 9.404196e-01 -2.058372e+00 -3.776592e-01 2.976205e-01 -1.055558e+00 -3.538684e-01 2.976174e-01
2455098.921994 1.031133e+00 -2.058359e+00 -3.777433e-01 2.976397e-01 -1.055550e+00 -3.538356e-01 2.976367e-01
2455098.928795 1.031116e+00 -2.058347e+00 -3.778272e-01 2.976590e-01 -1.055543e+00 -3.538030e-01 2.976559e-01
2455127.788139 6.021640e-01 -1.978767e+00 -7.274609e-01 3.749918e-01 -1.116028e+00 -2.319558e-01 3.749881e-01
2455127.794709 6.022014e-01 -1.978743e+00 -7.275387e-01 3.750084e-01 -1.116062e+00 -2.319360e-01 3.750047e-01
2455127.801359 6.022392e-01 -1.978719e+00 -7.276174e-01 3.750252e-01 -1.116097e+00 -2.319160e-01 3.750215e-01
2455127.808049 6.603839e-01 -1.978694e+00 -7.276967e-01 3.750421e-01 -1.116131e+00 -2.318959e-01 3.750384e-01
2455145.680099 6.807204e-01 -1.904225e+00 -9.355984e-01 4.183161e-01 -1.238606e+00 -2.023457e-01 4.183124e-01
2455145.702798 7.466333e-01 -1.904119e+00 -9.358572e-01 4.183687e-01 -1.238796e+00 -2.023436e-01 4.183649e-01
2455145.718617 7.467994e-01 -1.904045e+00 -9.360376e-01 4.184053e-01 -1.238928e+00 -2.023421e-01 4.184015e-01
2455181.635795 5.711566e-01 -1.701970e+00 -1.325852e+00 4.933095e-01 -1.601730e+00 -3.467849e-01 4.933067e-01
2455181.641864 6.263212e-01 -1.701931e+00 -1.325914e+00 4.933207e-01 -1.601796e+00 -3.468369e-01 4.933179e-01
2455181.647984 5.712676e-01 -1.701891e+00 -1.325977e+00 4.933320e-01 -1.601863e+00 -3.468893e-01 4.933292e-01
2455181.654103 3.604805e-01 -1.701851e+00 -1.326039e+00 4.933434e-01 -1.601929e+00 -3.469417e-01 4.933405e-01
2455212.582125 7.589763e-01 -1.479392e+00 -1.624838e+00 5.440131e-01 -1.905677e+00 -7.382988e-01 5.440120e-01
2455212.588914 8.322810e-01 -1.479339e+00 -1.624900e+00 5.440227e-01 -1.905731e+00 -7.384113e-01 5.440217e-01
2455212.596254 6.923329e-01 -1.479282e+00 -1.624966e+00 5.440332e-01 -1.905790e+00 -7.385329e-01 5.440322e-01
2455212.603133 1.097380e+00 -1.479228e+00 -1.625028e+00 5.440430e-01 -1.905845e+00 -7.386469e-01 5.440419e-01
1 0.5
