2	0.5	1000	 1	period_start period_step period_end fixed/free
0.0				initial epoch
0.0				initial rotation angle      
0.1				convexity weight      
3 3				degree and order of spherical harmonics      
6				number of rows        
0.5	1			scattering parameters
0.1	1
-0.5	1     
0.1	0			LS coeff                 
50				iteration stop condidion
10				minimum number of iterations (only if the above value < 1)
5				Alamda multiplicative factor
0.1				Alamda initial value
2
20 0 0.12 2004.5-2005.1 R 703_CATALINA
2453156.938014 1.978552e+00 -1.565034e+00 1.472483e+00 -7.117110e-03 -1.907691e+00 5.181357e-01 -7.126380e-03
2453156.942194 2.169329e+00 -1.565067e+00 1.472446e+00 -7.120270e-03 -1.907657e+00 5.180744e-01 -7.129530e-03
2453156.946374 2.378503e+00 -1.565099e+00 1.472409e+00 -7.123420e-03 -1.907623e+00 5.180131e-01 -7.132680e-03
2453156.950564 3.135319e+00 -1.565132e+00 1.472373e+00 -7.126580e-03 -1.907590e+00 5.179516e-01 -7.135840e-03
2453170.918103 4.168689e+00 -1.669886e+00 1.345376e+00 -1.762632e-02 -1.782699e+00 3.359044e-01 -1.763600e-02
2453170.924733 4.168328e+00 -1.669933e+00 1.345314e+00 -1.763129e-02 -1.782635e+00 3.358291e-01 -1.764096e-02
2453170.931374 2.187380e+00 -1.669981e+00 1.345252e+00 -1.763626e-02 -1.782571e+00 3.357537e-01 -1.764593e-02
2453170.937994 2.187191e+00 -1.670028e+00 1.345190e+00 -1.764122e-02 -1.782507e+00 3.356786e-01 -1.765089e-02
2453243.800796 4.134191e+00 -2.045043e+00 5.729792e-01 -6.934075e-02 -1.142087e+00 1.194275e-01 -6.934574e-02
2453243.811516 3.770137e+00 -2.045075e+00 5.728556e-01 -6.934773e-02 -1.142039e+00 1.194679e-01 -6.935272e-02
2453243.822306 3.135622e+00 -2.045107e+00 5.727311e-01 -6.935475e-02 -1.141991e+00 1.195087e-01 -6.935974e-02
2453243.833017 4.532005e+00 -2.045139e+00 5.726075e-01 -6.936172e-02 -1.141943e+00 1.195491e-01 -6.936671e-02
2453360.632742 2.695609e+00 -1.949383e+00 -7.984833e-01 -1.258471e-01 -1.941366e+00 1.852233e-01 -1.258384e-01
2453360.642902 2.242385e+00 -1.949336e+00 -7.985961e-01 -1.258500e-01 -1.941497e+00 1.851113e-01 -1.258413e-01
2453360.653071 1.865362e+00 -1.949289e+00 -7.987090e-01 -1.258528e-01 -1.941628e+00 1.849991e-01 -1.258441e-01
2453360.663340 2.045582e+00 -1.949242e+00 -7.988230e-01 -1.258557e-01 -1.941761e+00 1.848859e-01 -1.258470e-01
2453388.594057 2.529041e+00 -1.797803e+00 -1.097778e+00 -1.321187e-01 -2.260030e+00 -2.292513e-01 -1.321109e-01
2453388.601957 2.103727e+00 -1.797754e+00 -1.097859e+00 -1.321200e-01 -2.260103e+00 -2.293967e-01 -1.321122e-01
2453388.609836 2.103888e+00 -1.797705e+00 -1.097940e+00 -1.321213e-01 -2.260176e+00 -2.295418e-01 -1.321135e-01
2453388.617736 2.529624e+00 -1.797655e+00 -1.098021e+00 -1.321226e-01 -2.260249e+00 -2.296873e-01 -1.321148e-01
93 0 0.12 2005.10-2009.5 V 703_CATALINA
2453665.961137 9.941317e-01 1.079853e+00 -1.889611e+00 -3.388606e-02 1.949570e+00 -1.406111e+00 -3.388308e-02
2453665.967587 1.436878e+00 1.079920e+00 -1.889575e+00 -3.388142e-02 1.949581e+00 -1.405979e+00 -3.387844e-02
2453665.974057 1.575418e+00 1.079986e+00 -1.889540e+00 -3.387677e-02 1.949591e+00 -1.405846e+00 -3.387379e-02
2453665.980578 1.575330e+00 1.080053e+00 -1.889504e+00 -3.387209e-02 1.949602e+00 -1.405713e+00 -3.386911e-02
2453671.955921 1.494578e+00 1.140821e+00 -1.855889e+00 -2.956104e-02 1.954141e+00 -1.285399e+00 -2.955738e-02
2453671.960251 1.363018e+00 1.140865e+00 -1.855864e+00 -2.955790e-02 1.954140e+00 -1.285313e+00 -2.955425e-02
2453671.964671 1.243037e+00 1.140909e+00 -1.855839e+00 -2.955470e-02 1.954140e+00 -1.285226e+00 -2.955105e-02
2453671.969062 1.362909e+00 1.140953e+00 -1.855813e+00 -2.955152e-02 1.954139e+00 -1.285139e+00 -2.954787e-02
2453677.958666 1.699022e+00 1.200694e+00 -1.820211e+00 -2.519980e-02 1.948712e+00 -1.168811e+00 -2.519552e-02
2453677.965486 1.698911e+00 1.200762e+00 -1.820169e+00 -2.519483e-02 1.948700e+00 -1.168681e+00 -2.519055e-02
2453677.972297 1.862697e+00 1.200829e+00 -1.820128e+00 -2.518987e-02 1.948688e+00 -1.168551e+00 -2.518559e-02
2453686.975831 1.552656e+00 1.288297e+00 -1.763112e+00 -1.860120e-02 1.923114e+00 -1.003804e+00 -1.859609e-02
2453686.982342 1.415943e+00 1.288359e+00 -1.763069e+00 -1.859642e-02 1.923088e+00 -1.003690e+00 -1.859131e-02
2453686.988892 1.702222e+00 1.288422e+00 -1.763026e+00 -1.859161e-02 1.923062e+00 -1.003575e+00 -1.858650e-02
2453686.995443 1.415750e+00 1.288484e+00 -1.762983e+00 -1.858680e-02 1.923037e+00 -1.003460e+00 -1.858169e-02
2453687.960047 1.536796e+00 1.297682e+00 -1.756630e+00 -1.787809e-02 1.919139e+00 -9.866366e-01 -1.787290e-02
2453687.970748 1.278108e+00 1.297784e+00 -1.756559e+00 -1.787023e-02 1.919094e+00 -9.864509e-01 -1.786503e-02
2453687.981449 1.401260e+00 1.297886e+00 -1.756488e+00 -1.786236e-02 1.919050e+00 -9.862653e-01 -1.785717e-02
2453687.992110 1.062846e+00 1.297987e+00 -1.756418e+00 -1.785453e-02 1.919006e+00 -9.860804e-01 -1.784933e-02
2453704.896854 1.271160e+00 1.453389e+00 -1.637691e+00 -5.374360e-03 1.819613e+00 -7.220343e-01 -5.368050e-03
2453704.904385 1.271046e+00 1.453456e+00 -1.637635e+00 -5.368780e-03 1.819558e+00 -7.219308e-01 -5.362480e-03
2453704.911885 1.527997e+00 1.453522e+00 -1.637579e+00 -5.363230e-03 1.819502e+00 -7.218277e-01 -5.356920e-03
2453704.919496 1.393423e+00 1.453590e+00 -1.637523e+00 -5.357590e-03 1.819446e+00 -7.217231e-01 -5.351280e-03
2453729.967458 1.217521e+00 1.661998e+00 -1.437675e+00 1.318426e-02 1.598765e+00 -4.561935e-01 1.319121e-02
2453729.976579 1.334823e+00 1.662069e+00 -1.437597e+00 1.319099e-02 1.598676e+00 -4.561266e-01 1.319794e-02
2453729.985679 1.463427e+00 1.662139e+00 -1.437520e+00 1.319771e-02 1.598588e+00 -4.560598e-01 1.320465e-02
2453729.994760 1.604421e+00 1.662210e+00 -1.437443e+00 1.320441e-02 1.598500e+00 -4.559933e-01 1.321135e-02
2453786.759428 2.046585e+00 2.022665e+00 -8.980022e-01 5.388331e-02 1.154676e+00 -4.244272e-01 5.388775e-02
2453786.766998 2.243991e+00 2.022702e+00 -8.979238e-01 5.388849e-02 1.154648e+00 -4.244637e-01 5.389294e-02
2453786.774568 2.243947e+00 2.022739e+00 -8.978454e-01 5.389368e-02 1.154620e+00 -4.245002e-01 5.389812e-02
2453786.782128 2.697765e+00 2.022776e+00 -8.977672e-01 5.389885e-02 1.154593e+00 -4.245366e-01 5.390330e-02
2453874.666776 1.735047e+00 2.227266e+00 7.287869e-02 1.065025e-01 1.690748e+00 -7.847935e-01 1.064989e-01
2453874.673716 1.735201e+00 2.227264e+00 7.295745e-02 1.065059e-01 1.690846e+00 -7.847785e-01 1.065023e-01
2453874.680645 1.735355e+00 2.227262e+00 7.303610e-02 1.065093e-01 1.690943e+00 -7.847635e-01 1.065058e-01
2453874.687625 1.316519e+00 2.227261e+00 7.311532e-02 1.065127e-01 1.691041e+00 -7.847484e-01 1.065092e-01
2453881.677105 1.090318e+00 2.223970e+00 1.523812e-01 1.098814e-01 1.791265e+00 -7.635496e-01 1.098774e-01
2453881.686894 1.311009e+00 2.223963e+00 1.524921e-01 1.098860e-01 1.791408e+00 -7.635112e-01 1.098820e-01
2453881.696674 1.437666e+00 2.223956e+00 1.526029e-01 1.098906e-01 1.791550e+00 -7.634729e-01 1.098866e-01
2453881.706493 1.437839e+00 2.223950e+00 1.527141e-01 1.098952e-01 1.791694e+00 -7.634344e-01 1.098912e-01
2454247.932358 1.072826e+00 -8.192306e-01 2.015162e+00 5.142461e-02 -1.236614e+00 1.091948e+00 5.142113e-02
2454247.939829 9.783255e-01 -8.193102e-01 2.015127e+00 5.141937e-02 -1.236579e+00 1.091859e+00 5.141588e-02
2454247.947289 1.176082e+00 -8.193897e-01 2.015092e+00 5.141413e-02 -1.236543e+00 1.091771e+00 5.141065e-02
2454247.954820 1.175957e+00 -8.194699e-01 2.015057e+00 5.140884e-02 -1.236508e+00 1.091682e+00 5.140536e-02
2454347.729781 1.581333e+00 -1.715260e+00 1.285648e+00 -2.255092e-02 -7.603395e-01 9.609579e-01 -2.255394e-02
2454347.738281 1.901338e+00 -1.715319e+00 1.285566e+00 -2.255725e-02 -7.603529e-01 9.610140e-01 -2.256026e-02
2454347.746761 1.734184e+00 -1.715377e+00 1.285484e+00 -2.256356e-02 -7.603663e-01 9.610700e-01 -2.256658e-02
2454388.608010 1.524010e+00 -1.949160e+00 8.631582e-01 -5.216376e-02 -1.019699e+00 1.224749e+00 -5.216517e-02
2454388.613410 1.390014e+00 -1.949185e+00 8.630990e-01 -5.216753e-02 -1.019759e+00 1.224776e+00 -5.216894e-02
2454388.618850 1.390116e+00 -1.949209e+00 8.630394e-01 -5.217133e-02 -1.019819e+00 1.224803e+00 -5.217274e-02
2454388.624269 1.156333e+00 -1.949234e+00 8.629800e-01 -5.217511e-02 -1.019879e+00 1.224830e+00 -5.217652e-02
2454416.596365 1.255661e+00 -2.052819e+00 5.472755e-01 -7.099858e-02 -1.406009e+00 1.296668e+00 -7.099858e-02
2454416.603055 1.145268e+00 -2.052838e+00 5.471981e-01 -7.100289e-02 -1.406117e+00 1.296666e+00 -7.100290e-02
2454416.609774 1.145359e+00 -2.052857e+00 5.471204e-01 -7.100723e-02 -1.406225e+00 1.296663e+00 -7.100723e-02
2454416.616474 1.377135e+00 -2.052876e+00 5.470429e-01 -7.101155e-02 -1.406334e+00 1.296660e+00 -7.101155e-02
2454466.553935 1.717086e+00 -2.113809e+00 -4.416723e-02 -1.000852e-01 -2.282439e+00 9.245494e-01 -1.000830e-01
2454466.558764 1.882820e+00 -2.113807e+00 -4.422498e-02 -1.000877e-01 -2.282520e+00 9.244771e-01 -1.000855e-01
2454466.563584 1.566121e+00 -2.113805e+00 -4.428262e-02 -1.000901e-01 -2.282601e+00 9.244049e-01 -1.000880e-01
2454466.568424 1.717284e+00 -2.113803e+00 -4.434050e-02 -1.000926e-01 -2.282682e+00 9.243324e-01 -1.000904e-01
2454763.966201 1.240977e+00 2.710055e-01 -2.132772e+00 -8.209121e-02 1.120823e+00 -1.616213e+00 -8.209253e-02
2454763.974692 1.360572e+00 2.711050e-01 -2.132762e+00 -8.208616e-02 1.120844e+00 -1.616079e+00 -8.208748e-02
2454763.983263 1.240735e+00 2.712054e-01 -2.132753e+00 -8.208106e-02 1.120866e+00 -1.615944e+00 -8.208239e-02
2454763.991793 1.240614e+00 2.713053e-01 -2.132743e+00 -8.207598e-02 1.120887e+00 -1.615809e+00 -8.207731e-02
2454777.921996 1.517342e+00 4.335735e-01 -2.110639e+00 -7.356163e-02 1.131155e+00 -1.406928e+00 -7.356233e-02
2454777.934407 1.261875e+00 4.337170e-01 -2.110613e+00 -7.355385e-02 1.131144e+00 -1.406753e+00 -7.355455e-02
2454777.946847 1.049418e+00 4.338610e-01 -2.110588e+00 -7.354605e-02 1.131132e+00 -1.406578e+00 -7.354675e-02
2454791.966150 1.052937e+00 5.946596e-01 -2.076118e+00 -6.455104e-02 1.097571e+00 -1.225979e+00 -6.455107e-02
2454791.972780 1.154421e+00 5.947349e-01 -2.076099e+00 -6.454669e-02 1.097546e+00 -1.225903e+00 -6.454672e-02
2454791.979581 1.154317e+00 5.948121e-01 -2.076080e+00 -6.454224e-02 1.097521e+00 -1.225824e+00 -6.454226e-02
2454791.986241 1.265572e+00 5.948878e-01 -2.076060e+00 -6.453787e-02 1.097496e+00 -1.225747e+00 -6.453790e-02
2454848.843441 2.290330e+00 1.202895e+00 -1.817437e+00 -2.483207e-02 7.527857e-01 -9.426784e-01 -2.482965e-02
2454848.850741 2.511238e+00 1.202967e+00 -1.817393e+00 -2.482674e-02 7.527440e-01 -9.426916e-01 -2.482432e-02
2454848.858061 2.511177e+00 1.203039e+00 -1.817348e+00 -2.482139e-02 7.527023e-01 -9.427049e-01 -2.481898e-02
2454848.865311 2.511118e+00 1.203110e+00 -1.817303e+00 -2.481610e-02 7.526609e-01 -9.427181e-01 -2.481369e-02
2454859.670455 2.727859e+00 1.307673e+00 -1.748157e+00 -1.689268e-02 6.980797e-01 -9.746765e-01 -1.688999e-02
2454859.676845 2.991068e+00 1.307733e+00 -1.748114e+00 -1.688798e-02 6.980522e-01 -9.747023e-01 -1.688529e-02
2454859.683325 2.991099e+00 1.307795e+00 -1.748071e+00 -1.688321e-02 6.980243e-01 -9.747285e-01 -1.688052e-02
2454859.689715 2.991129e+00 1.307855e+00 -1.748028e+00 -1.687850e-02 6.979967e-01 -9.747543e-01 -1.687581e-02
2454867.707339 2.331084e+00 1.382650e+00 -1.692947e+00 -1.096135e-02 6.686543e-01 -1.013005e+00 -1.095850e-02
2454867.715579 2.331182e+00 1.382725e+00 -1.692889e+00 -1.095525e-02 6.686298e-01 -1.013050e+00 -1.095241e-02
2454867.723869 2.126154e+00 1.382801e+00 -1.692830e+00 -1.094912e-02 6.686052e-01 -1.013095e+00 -1.094628e-02
2454867.732129 1.939157e+00 1.382877e+00 -1.692772e+00 -1.094301e-02 6.685807e-01 -1.013140e+00 -1.094017e-02
2454883.658621 1.834122e+00 1.523848e+00 -1.574307e+00 8.598000e-04 6.464148e-01 -1.117998e+00 8.627400e-04
2454883.664741 1.834241e+00 1.523900e+00 -1.574259e+00 8.643300e-04 6.464166e-01 -1.118044e+00 8.672800e-04
2454883.670781 2.011334e+00 1.523952e+00 -1.574212e+00 8.688100e-04 6.464185e-01 -1.118089e+00 8.717600e-04
2454883.676870 2.011464e+00 1.524004e+00 -1.574164e+00 8.733300e-04 6.464203e-01 -1.118135e+00 8.762800e-04
2454937.615117 1.254864e+00 1.915839e+00 -1.095516e+00 4.031012e-02 1.014831e+00 -1.537442e+00 4.031320e-02
2454937.619477 1.043811e+00 1.915865e+00 -1.095473e+00 4.031322e-02 1.014889e+00 -1.537467e+00 4.031630e-02
2454937.626776 1.043912e+00 1.915908e+00 -1.095401e+00 4.031841e-02 1.014985e+00 -1.537508e+00 4.032149e-02
2454937.631186 1.144695e+00 1.915934e+00 -1.095358e+00 4.032154e-02 1.015044e+00 -1.537533e+00 4.032463e-02
2454977.637281 1.669832e+00 2.109260e+00 -6.814646e-01 6.766867e-02 1.679445e+00 -1.598813e+00 6.767133e-02
2454977.641651 1.155292e+00 2.109276e+00 -6.814175e-01 6.767151e-02 1.679528e+00 -1.598798e+00 6.767418e-02
2454977.646161 1.053687e+00 2.109293e+00 -6.813688e-01 6.767445e-02 1.679614e+00 -1.598782e+00 6.767712e-02
2454977.650540 1.266866e+00 2.109309e+00 -6.813215e-01 6.767731e-02 1.679697e+00 -1.598767e+00 6.767997e-02
1 0.5
2 0.5
