2	0.5	1000	 1	period_start period_step period_end fixed/free
0.0				initial epoch
0.0				initial rotation angle      
0.1				convexity weight      
3 3				degree and order of spherical harmonics      
6				number of rows        
0.5	1			scattering parameters
0.1	1
-0.5	1     
0.1	0			LS coeff                 
50				iteration stop condidion
10				minimum number of iterations (only if the above value < 1)
5				Alamda multiplicative factor
0.1				Alamda initial value
1
99 0 0.12 2005.11-2008.6 V 703_CATALINA
2453686.813014 2.990859e+00 -1.443362e+00 -2.423124e+00 6.846184e-01 -8.063533e-01 -1.665606e+00 6.846234e-01
2453686.821275 2.990811e+00 -1.443298e+00 -2.423174e+00 6.846032e-01 -8.064006e-01 -1.665565e+00 6.846083e-01
2453686.829535 2.990763e+00 -1.443235e+00 -2.423224e+00 6.845881e-01 -8.064480e-01 -1.665524e+00 6.845932e-01
2453686.837745 3.279254e+00 -1.443171e+00 -2.423274e+00 6.845730e-01 -8.064951e-01 -1.665484e+00 6.845781e-01
2453687.724007 2.985886e+00 -1.436328e+00 -2.428639e+00 6.829452e-01 -8.116506e-01 -1.661188e+00 6.829504e-01
2453687.732807 2.723120e+00 -1.436260e+00 -2.428692e+00 6.829290e-01 -8.117025e-01 -1.661146e+00 6.829342e-01
2453687.741137 2.985799e+00 -1.436196e+00 -2.428742e+00 6.829137e-01 -8.117516e-01 -1.661106e+00 6.829188e-01
2453687.749477 2.985757e+00 -1.436132e+00 -2.428793e+00 6.828983e-01 -8.118008e-01 -1.661066e+00 6.829035e-01
2453696.835847 4.298776e+00 -1.365198e+00 -2.482449e+00 6.658365e-01 -8.720452e-01 -1.626761e+00 6.658424e-01
2453696.841157 4.298796e+00 -1.365156e+00 -2.482480e+00 6.658264e-01 -8.720840e-01 -1.626747e+00 6.658322e-01
2453696.846487 3.920564e+00 -1.365114e+00 -2.482510e+00 6.658162e-01 -8.721229e-01 -1.626732e+00 6.658220e-01
2453696.851807 3.920582e+00 -1.365072e+00 -2.482541e+00 6.658060e-01 -8.721618e-01 -1.626717e+00 6.658118e-01
2453703.772075 4.354479e+00 -1.310135e+00 -2.521754e+00 6.523668e-01 -9.257014e-01 -1.613391e+00 6.523731e-01
2453703.780435 4.354582e+00 -1.310069e+00 -2.521801e+00 6.523504e-01 -9.257694e-01 -1.613382e+00 6.523566e-01
2453703.788785 3.971519e+00 -1.310002e+00 -2.521847e+00 6.523339e-01 -9.258372e-01 -1.613373e+00 6.523402e-01
2453709.757267 4.881198e+00 -1.262015e+00 -2.554508e+00 6.404422e-01 -9.760341e-01 -1.611481e+00 6.404487e-01
2453709.764727 4.451855e+00 -1.261954e+00 -2.554548e+00 6.404271e-01 -9.760987e-01 -1.611484e+00 6.404337e-01
2453709.772137 4.060274e+00 -1.261894e+00 -2.554588e+00 6.404122e-01 -9.761629e-01 -1.611488e+00 6.404187e-01
2453709.779557 4.452154e+00 -1.261834e+00 -2.554628e+00 6.403972e-01 -9.762272e-01 -1.611491e+00 6.404038e-01
2453740.685190 2.985294e+00 -1.005319e+00 -2.706253e+00 5.746240e-01 -1.253321e+00 -1.754724e+00 5.746308e-01
2453740.693230 3.273584e+00 -1.005251e+00 -2.706288e+00 5.746060e-01 -1.253389e+00 -1.754795e+00 5.746128e-01
2453740.701289 2.985796e+00 -1.005183e+00 -2.706324e+00 5.745880e-01 -1.253456e+00 -1.754866e+00 5.745948e-01
2453740.709309 2.986046e+00 -1.005114e+00 -2.706360e+00 5.745701e-01 -1.253524e+00 -1.754937e+00 5.745769e-01
2453763.618531 3.516774e+00 -8.075915e-01 -2.799445e+00 5.216506e-01 -1.413318e+00 -2.022920e+00 5.216565e-01
2453763.626591 3.517099e+00 -8.075211e-01 -2.799475e+00 5.216314e-01 -1.413360e+00 -2.023036e+00 5.216373e-01
2453763.634620 3.856778e+00 -8.074509e-01 -2.799505e+00 5.216123e-01 -1.413401e+00 -2.023151e+00 5.216182e-01
2453763.642670 2.668485e+00 -8.073806e-01 -2.799535e+00 5.215932e-01 -1.413442e+00 -2.023267e+00 5.215990e-01
2454109.960313 2.958950e+00 2.089764e+00 -2.206873e+00 -4.426677e-01 1.774446e+00 -1.275425e+00 -4.426631e-01
2454109.967434 2.698450e+00 2.089808e+00 -2.206826e+00 -4.426860e-01 1.774372e+00 -1.275418e+00 -4.426814e-01
2454109.974534 2.460885e+00 2.089852e+00 -2.206780e+00 -4.427043e-01 1.774298e+00 -1.275411e+00 -4.426997e-01
2454109.981724 2.958475e+00 2.089897e+00 -2.206733e+00 -4.427229e-01 1.774224e+00 -1.275404e+00 -4.427183e-01
2454117.817266 3.077193e+00 2.137992e+00 -2.154644e+00 -4.627877e-01 1.695875e+00 -1.275835e+00 -4.627832e-01
2454117.825276 3.077047e+00 2.138041e+00 -2.154590e+00 -4.628081e-01 1.695798e+00 -1.275844e+00 -4.628036e-01
2454117.833246 3.373756e+00 2.138089e+00 -2.154537e+00 -4.628283e-01 1.695721e+00 -1.275852e+00 -4.628238e-01
2454117.841236 4.447267e+00 2.138137e+00 -2.154483e+00 -4.628486e-01 1.695645e+00 -1.275861e+00 -4.628442e-01
2454128.761510 3.208909e+00 2.202914e+00 -2.079636e+00 -4.903235e-01 1.598783e+00 -1.301918e+00 -4.903193e-01
2454128.766420 3.208859e+00 2.202943e+00 -2.079601e+00 -4.903358e-01 1.598744e+00 -1.301936e+00 -4.903315e-01
2454128.771330 3.518389e+00 2.202971e+00 -2.079567e+00 -4.903480e-01 1.598704e+00 -1.301954e+00 -4.903437e-01
2454128.776240 3.208759e+00 2.203000e+00 -2.079533e+00 -4.903602e-01 1.598665e+00 -1.301972e+00 -4.903559e-01
2454140.739242 3.788545e+00 2.270866e+00 -1.994627e+00 -5.197685e-01 1.515222e+00 -1.360353e+00 -5.197647e-01
2454140.745712 3.455198e+00 2.270902e+00 -1.994581e+00 -5.197842e-01 1.515184e+00 -1.360391e+00 -5.197804e-01
2454140.752192 3.788553e+00 2.270938e+00 -1.994534e+00 -5.197999e-01 1.515146e+00 -1.360430e+00 -5.197961e-01
2454140.758662 3.455206e+00 2.270974e+00 -1.994487e+00 -5.198156e-01 1.515109e+00 -1.360469e+00 -5.198118e-01
2454152.679389 2.937192e+00 2.335282e+00 -1.906961e+00 -5.483608e-01 1.461711e+00 -1.443497e+00 -5.483577e-01
2454152.685829 2.937257e+00 2.335316e+00 -1.906913e+00 -5.483760e-01 1.461691e+00 -1.443547e+00 -5.483729e-01
2454152.692289 2.937321e+00 2.335350e+00 -1.906864e+00 -5.483913e-01 1.461671e+00 -1.443598e+00 -5.483881e-01
2454152.698739 3.220780e+00 2.335383e+00 -1.906816e+00 -5.484065e-01 1.461651e+00 -1.443648e+00 -5.484034e-01
2454176.765945 2.347138e+00 2.454700e+00 -1.721741e+00 -6.035469e-01 1.461987e+00 -1.655519e+00 -6.035453e-01
2454176.773325 2.573738e+00 2.454734e+00 -1.721683e+00 -6.035632e-01 1.462011e+00 -1.655588e+00 -6.035617e-01
2454176.780725 2.347416e+00 2.454769e+00 -1.721624e+00 -6.035797e-01 1.462035e+00 -1.655657e+00 -6.035781e-01
2454176.788114 2.574044e+00 2.454803e+00 -1.721566e+00 -6.035961e-01 1.462059e+00 -1.655726e+00 -6.035945e-01
2454236.655354 1.760557e+00 2.686219e+00 -1.218840e+00 -7.243470e-01 2.103795e+00 -2.045198e+00 -7.243499e-01
2454236.661874 1.760652e+00 2.686239e+00 -1.218782e+00 -7.243588e-01 2.103904e+00 -2.045205e+00 -7.243616e-01
2454236.668353 1.930621e+00 2.686259e+00 -1.218725e+00 -7.243704e-01 2.104013e+00 -2.045212e+00 -7.243733e-01
2454236.674863 2.116997e+00 2.686279e+00 -1.218667e+00 -7.243822e-01 2.104123e+00 -2.045220e+00 -7.243850e-01
2454259.634115 2.758431e+00 2.748595e+00 -1.012645e+00 -7.636820e-01 2.518310e+00 -2.001122e+00 -7.636860e-01
2454259.642074 2.758578e+00 2.748614e+00 -1.012573e+00 -7.636949e-01 2.518460e+00 -2.001081e+00 -7.636989e-01
2454259.650044 1.320410e+00 2.748633e+00 -1.012500e+00 -7.637078e-01 2.518610e+00 -2.001040e+00 -7.637118e-01
2454259.658023 1.587566e+00 2.748652e+00 -1.012427e+00 -7.637207e-01 2.518761e+00 -2.000999e+00 -7.637247e-01
2454477.971353 1.349706e+00 2.525079e+00 1.056918e+00 -8.923820e-01 2.164458e+00 1.971857e+00 -8.923796e-01
2454477.977473 1.622612e+00 2.525052e+00 1.056973e+00 -8.923786e-01 2.164331e+00 1.971873e+00 -8.923762e-01
2454477.983494 3.091653e+00 2.525024e+00 1.057027e+00 -8.923753e-01 2.164206e+00 1.971888e+00 -8.923729e-01
2454477.989504 1.950593e+00 2.524997e+00 1.057081e+00 -8.923720e-01 2.164081e+00 1.971904e+00 -8.923696e-01
2454504.013433 2.609417e+00 2.397174e+00 1.285947e+00 -8.743095e-01 1.664428e+00 1.946017e+00 -8.743067e-01
2454504.019574 1.805156e+00 2.397142e+00 1.286000e+00 -8.743043e-01 1.664323e+00 1.945991e+00 -8.743016e-01
2454504.025654 1.805037e+00 2.397109e+00 1.286052e+00 -8.742992e-01 1.664219e+00 1.945965e+00 -8.742965e-01
2454504.031745 2.379345e+00 2.397077e+00 1.286104e+00 -8.742941e-01 1.664115e+00 1.945939e+00 -8.742914e-01
2454510.995501 2.010029e+00 2.359348e+00 1.345560e+00 -8.681854e-01 1.549945e+00 1.911204e+00 -8.681827e-01
2454511.001991 1.833036e+00 2.359313e+00 1.345616e+00 -8.681794e-01 1.549844e+00 1.911167e+00 -8.681767e-01
2454511.008472 1.832903e+00 2.359277e+00 1.345670e+00 -8.681735e-01 1.549742e+00 1.911130e+00 -8.681708e-01
2454511.014952 2.416062e+00 2.359241e+00 1.345725e+00 -8.681676e-01 1.549641e+00 1.911094e+00 -8.681649e-01
2454529.983262 2.339125e+00 2.249103e+00 1.503322e+00 -8.488016e-01 1.295006e+00 1.773957e+00 -8.487991e-01
2454529.992132 2.338885e+00 2.249049e+00 1.503394e+00 -8.487916e-01 1.294908e+00 1.773882e+00 -8.487891e-01
2454530.001053 2.564272e+00 2.248995e+00 1.503466e+00 -8.487815e-01 1.294809e+00 1.773806e+00 -8.487791e-01
2454530.009794 2.132654e+00 2.248941e+00 1.503537e+00 -8.487717e-01 1.294712e+00 1.773732e+00 -8.487692e-01
2454556.811999 2.292433e+00 2.075478e+00 1.714038e+00 -8.146505e-01 1.094218e+00 1.525961e+00 -8.146489e-01
2454556.827280 2.513217e+00 2.075373e+00 1.714153e+00 -8.146288e-01 1.094159e+00 1.525817e+00 -8.146272e-01
2454556.836370 2.291872e+00 2.075311e+00 1.714222e+00 -8.146159e-01 1.094124e+00 1.525732e+00 -8.146143e-01
2454556.845411 2.512760e+00 2.075249e+00 1.714290e+00 -8.146031e-01 1.094089e+00 1.525647e+00 -8.146014e-01
2454572.806824 2.622708e+00 1.962433e+00 1.832006e+00 -7.905690e-01 1.064731e+00 1.383096e+00 -7.905679e-01
2454572.812364 2.391839e+00 1.962392e+00 1.832046e+00 -7.905602e-01 1.064731e+00 1.383050e+00 -7.905591e-01
2454572.817904 2.875505e+00 1.962352e+00 1.832085e+00 -7.905513e-01 1.064732e+00 1.383004e+00 -7.905503e-01
2454572.823444 3.152798e+00 1.962311e+00 1.832125e+00 -7.905425e-01 1.064733e+00 1.382959e+00 -7.905415e-01
2454584.882404 2.671536e+00 1.872581e+00 1.916903e+00 -7.705768e-01 1.082802e+00 1.292235e+00 -7.705762e-01
2454584.892605 2.929142e+00 1.872503e+00 1.916973e+00 -7.705592e-01 1.082830e+00 1.292167e+00 -7.705587e-01
2454584.902815 2.929003e+00 1.872426e+00 1.917043e+00 -7.705417e-01 1.082859e+00 1.292099e+00 -7.705411e-01
2454584.913035 2.671156e+00 1.872348e+00 1.917113e+00 -7.705241e-01 1.082887e+00 1.292031e+00 -7.705235e-01
2454591.831090 2.854260e+00 1.819182e+00 1.964037e+00 -7.583766e-01 1.106956e+00 1.249738e+00 -7.583764e-01
2454591.839140 2.603058e+00 1.819119e+00 1.964091e+00 -7.583622e-01 1.106989e+00 1.249693e+00 -7.583620e-01
2454591.847200 2.602999e+00 1.819057e+00 1.964145e+00 -7.583478e-01 1.107023e+00 1.249649e+00 -7.583475e-01
2454591.855290 2.854066e+00 1.818994e+00 1.964199e+00 -7.583333e-01 1.107056e+00 1.249604e+00 -7.583330e-01
2454599.746796 3.087482e+00 1.756880e+00 2.016143e+00 -7.438654e-01 1.145000e+00 1.211899e+00 -7.438655e-01
2454599.753816 3.385343e+00 1.756825e+00 2.016189e+00 -7.438522e-01 1.145038e+00 1.211871e+00 -7.438523e-01
2454599.760846 3.711939e+00 1.756768e+00 2.016234e+00 -7.438390e-01 1.145077e+00 1.211843e+00 -7.438391e-01
2454599.767916 3.385314e+00 1.756712e+00 2.016280e+00 -7.438258e-01 1.145115e+00 1.211815e+00 -7.438259e-01
2454624.757432 2.280500e+00 1.550229e+00 2.169030e+00 -6.938167e-01 1.317718e+00 1.181064e+00 -6.938178e-01
2454624.765282 2.280598e+00 1.550162e+00 2.169075e+00 -6.938000e-01 1.317780e+00 1.181078e+00 -6.938011e-01
2454624.773142 2.080020e+00 1.550095e+00 2.169120e+00 -6.937833e-01 1.317843e+00 1.181091e+00 -6.937844e-01
2454624.781001 2.080110e+00 1.550028e+00 2.169166e+00 -6.937666e-01 1.317905e+00 1.181105e+00 -6.937677e-01
1 0.5
