2	0.5	1000	 1	period_start period_step period_end fixed/free
0.0				initial epoch
0.0				initial rotation angle      
0.1				convexity weight      
3 3				degree and order of spherical harmonics      
6				number of rows        
0.5	1			scattering parameters
0.1	1
-0.5	1     
0.1	0			LS coeff                 
50				iteration stop condidion
10				minimum number of iterations (only if the above value < 1)
5				Alamda multiplicative factor
0.1				Alamda initial value
1
100 0 0.12 2006.9-2010.11 V 703_CATALINA
2453996.824902 8.945801e-01 -2.614284e+00 -8.742337e-01 5.021915e-01 -1.612987e+00 -9.587290e-01 5.021897e-01
2453996.832952 9.808141e-01 -2.614255e+00 -8.743055e-01 5.021803e-01 -1.612948e+00 -9.586633e-01 5.021785e-01
2453996.841033 9.807406e-01 -2.614225e+00 -8.743776e-01 5.021690e-01 -1.612909e+00 -9.585973e-01 5.021672e-01
2453996.849083 8.156838e-01 -2.614196e+00 -8.744494e-01 5.021578e-01 -1.612870e+00 -9.585316e-01 5.021560e-01
2454004.872212 1.101123e+00 -2.583681e+00 -9.456025e-01 4.907505e-01 -1.582488e+00 -8.922953e-01 4.907494e-01
2454004.881022 1.004168e+00 -2.583646e+00 -9.456802e-01 4.907377e-01 -1.582464e+00 -8.922222e-01 4.907367e-01
2454004.889793 1.100974e+00 -2.583612e+00 -9.457575e-01 4.907250e-01 -1.582439e+00 -8.921495e-01 4.907240e-01
2454004.898553 1.323572e+00 -2.583577e+00 -9.458348e-01 4.907123e-01 -1.582415e+00 -8.920768e-01 4.907113e-01
2454030.798498 1.426229e+00 -2.469717e+00 -1.169548e+00 4.509958e-01 -1.596372e+00 -6.923220e-01 4.509970e-01
2454030.804938 1.300733e+00 -2.469686e+00 -1.169602e+00 4.509854e-01 -1.596396e+00 -6.922796e-01 4.509865e-01
2454030.811428 1.426222e+00 -2.469655e+00 -1.169657e+00 4.509749e-01 -1.596419e+00 -6.922368e-01 4.509761e-01
2454030.817908 1.186277e+00 -2.469623e+00 -1.169712e+00 4.509644e-01 -1.596443e+00 -6.921941e-01 4.509656e-01
2454036.720428 1.190126e+00 -2.440426e+00 -1.219248e+00 4.413136e-01 -1.622107e+00 -6.556689e-01 4.413152e-01
2454036.726918 1.190137e+00 -2.440393e+00 -1.219302e+00 4.413029e-01 -1.622139e+00 -6.556315e-01 4.413045e-01
2454036.733408 1.085428e+00 -2.440361e+00 -1.219357e+00 4.412921e-01 -1.622171e+00 -6.555942e-01 4.412938e-01
2454036.739868 9.028282e-01 -2.440328e+00 -1.219410e+00 4.412815e-01 -1.622204e+00 -6.555570e-01 4.412831e-01
2454055.723487 8.895348e-01 -2.338366e+00 -1.374544e+00 4.087964e-01 -1.751723e+00 -5.783751e-01 4.087994e-01
2454055.735416 8.896024e-01 -2.338298e+00 -1.374639e+00 4.087753e-01 -1.751824e+00 -5.783495e-01 4.087783e-01
2454055.747376 9.755042e-01 -2.338230e+00 -1.374735e+00 4.087542e-01 -1.751925e+00 -5.783238e-01 4.087572e-01
2454055.759325 1.069701e+00 -2.338162e+00 -1.374830e+00 4.087330e-01 -1.752026e+00 -5.782982e-01 4.087360e-01
2454055.830593 9.760226e-01 -2.337756e+00 -1.375400e+00 4.086070e-01 -1.752628e+00 -5.781463e-01 4.086100e-01
2454055.843372 9.761024e-01 -2.337683e+00 -1.375502e+00 4.085844e-01 -1.752736e+00 -5.781192e-01 4.085874e-01
2454055.856102 1.070362e+00 -2.337611e+00 -1.375604e+00 4.085619e-01 -1.752844e+00 -5.780922e-01 4.085649e-01
2454055.868871 9.762617e-01 -2.337538e+00 -1.375706e+00 4.085393e-01 -1.752952e+00 -5.780652e-01 4.085423e-01
2454387.991244 8.323034e-01 8.226522e-01 -2.116354e+00 -3.210441e-01 1.756081e+00 -1.764632e+00 -3.210455e-01
2454387.995114 6.313410e-01 8.226924e-01 -2.116332e+00 -3.210512e-01 1.756096e+00 -1.764549e+00 -3.210527e-01
2454387.998974 1.000567e+00 8.227325e-01 -2.116311e+00 -3.210584e-01 1.756112e+00 -1.764466e+00 -3.210598e-01
2454394.960966 3.692993e-01 8.944913e-01 -2.076568e+00 -3.337692e-01 1.777023e+00 -1.615907e+00 -3.337703e-01
2454394.966436 6.417297e-01 8.945472e-01 -2.076536e+00 -3.337790e-01 1.777033e+00 -1.615791e+00 -3.337801e-01
2454394.971956 1.017011e+00 8.946037e-01 -2.076503e+00 -3.337889e-01 1.777044e+00 -1.615675e+00 -3.337901e-01
2454394.977517 9.274674e-01 8.946606e-01 -2.076471e+00 -3.337989e-01 1.777056e+00 -1.615558e+00 -3.338000e-01
2454417.939635 5.864267e-01 1.123190e+00 -1.927843e+00 -3.727748e-01 1.751952e+00 -1.163645e+00 -3.727748e-01
2454417.947365 5.863689e-01 1.123265e+00 -1.927789e+00 -3.727871e-01 1.751921e+00 -1.163507e+00 -3.727871e-01
2454417.955156 6.428772e-01 1.123340e+00 -1.927734e+00 -3.727995e-01 1.751891e+00 -1.163367e+00 -3.727995e-01
2454417.962916 6.428137e-01 1.123415e+00 -1.927679e+00 -3.728119e-01 1.751860e+00 -1.163228e+00 -3.728118e-01
2454440.912868 5.183396e-01 1.336683e+00 -1.753189e+00 -4.067451e-01 1.611918e+00 -8.070929e-01 -4.067439e-01
2454440.919338 6.231251e-01 1.336741e+00 -1.753137e+00 -4.067539e-01 1.611867e+00 -8.070095e-01 -4.067527e-01
2454440.925838 5.182459e-01 1.336799e+00 -1.753084e+00 -4.067628e-01 1.611816e+00 -8.069258e-01 -4.067615e-01
2454440.932329 6.831193e-01 1.336857e+00 -1.753031e+00 -4.067716e-01 1.611765e+00 -8.068422e-01 -4.067704e-01
2454449.962383 7.234321e-01 1.415882e+00 -1.677617e+00 -4.186121e-01 1.536240e+00 -7.007684e-01 -4.186104e-01
2454449.969634 6.016630e-01 1.415944e+00 -1.677555e+00 -4.186212e-01 1.536176e+00 -7.006916e-01 -4.186196e-01
2454449.976864 6.016015e-01 1.416006e+00 -1.677493e+00 -4.186303e-01 1.536113e+00 -7.006150e-01 -4.186287e-01
2454449.984085 7.232103e-01 1.416068e+00 -1.677431e+00 -4.186394e-01 1.536049e+00 -7.005386e-01 -4.186378e-01
2454476.888182 8.688210e-01 1.632597e+00 -1.431796e+00 -4.484231e-01 1.289683e+00 -5.101221e-01 -4.484207e-01
2454476.894692 8.687493e-01 1.632646e+00 -1.431733e+00 -4.484293e-01 1.289625e+00 -5.100986e-01 -4.484269e-01
2454476.903063 8.686572e-01 1.632708e+00 -1.431652e+00 -4.484372e-01 1.289550e+00 -5.100683e-01 -4.484348e-01
2454476.909583 8.685855e-01 1.632757e+00 -1.431589e+00 -4.484434e-01 1.289492e+00 -5.100448e-01 -4.484410e-01
2454497.751185 7.626027e-01 1.778694e+00 -1.221760e+00 -4.654987e-01 1.124098e+00 -4.853938e-01 -4.654960e-01
2454497.756255 8.361431e-01 1.778727e+00 -1.221707e+00 -4.655022e-01 1.124065e+00 -4.853991e-01 -4.654995e-01
2454497.765145 9.167467e-01 1.778785e+00 -1.221615e+00 -4.655083e-01 1.124006e+00 -4.854086e-01 -4.655056e-01
2454497.770205 9.167093e-01 1.778818e+00 -1.221562e+00 -4.655118e-01 1.123972e+00 -4.854139e-01 -4.655090e-01
2454504.797909 9.573537e-01 1.823323e+00 -1.147400e+00 -4.700195e-01 1.081393e+00 -4.974701e-01 -4.700168e-01
2454504.804619 1.049678e+00 1.823365e+00 -1.147328e+00 -4.700235e-01 1.081357e+00 -4.974858e-01 -4.700208e-01
2454504.811339 8.730497e-01 1.823406e+00 -1.147257e+00 -4.700275e-01 1.081320e+00 -4.975015e-01 -4.700248e-01
2454504.818039 8.730161e-01 1.823447e+00 -1.147185e+00 -4.700315e-01 1.081283e+00 -4.975172e-01 -4.700288e-01
2454525.718120 1.010705e+00 1.940857e+00 -9.177536e-01 -4.796202e-01 1.010596e+00 -5.770619e-01 -4.796176e-01
2454525.725430 9.217885e-01 1.940894e+00 -9.176713e-01 -4.796225e-01 1.010588e+00 -5.770981e-01 -4.796200e-01
2454525.732740 1.010738e+00 1.940931e+00 -9.175889e-01 -4.796249e-01 1.010580e+00 -5.771343e-01 -4.796223e-01
2454525.740040 1.010754e+00 1.940968e+00 -9.175067e-01 -4.796272e-01 1.010572e+00 -5.771705e-01 -4.796247e-01
2454532.928464 8.623394e-01 1.975969e+00 -8.358811e-01 -4.815838e-01 1.008478e+00 -6.145163e-01 -4.815814e-01
2454532.938644 7.865015e-01 1.976017e+00 -8.357646e-01 -4.815861e-01 1.008484e+00 -6.145712e-01 -4.815837e-01
2454532.945184 8.624087e-01 1.976047e+00 -8.356898e-01 -4.815875e-01 1.008488e+00 -6.146065e-01 -4.815851e-01
2454532.951753 8.624359e-01 1.976078e+00 -8.356146e-01 -4.815890e-01 1.008491e+00 -6.146419e-01 -4.815866e-01
2454538.711219 8.914934e-01 2.002065e+00 -7.693411e-01 -4.826552e-01 1.015686e+00 -6.462838e-01 -4.826529e-01
2454538.718339 8.130904e-01 2.002096e+00 -7.692587e-01 -4.826562e-01 1.015700e+00 -6.463235e-01 -4.826540e-01
2454538.725409 8.915777e-01 2.002127e+00 -7.691769e-01 -4.826573e-01 1.015714e+00 -6.463628e-01 -4.826550e-01
2454538.732488 8.916197e-01 2.002158e+00 -7.690950e-01 -4.826583e-01 1.015727e+00 -6.464022e-01 -4.826561e-01
2454549.857870 7.407039e-01 2.047089e+00 -6.391105e-01 -4.834517e-01 1.052354e+00 -7.081697e-01 -4.834498e-01
2454549.865199 7.407555e-01 2.047116e+00 -6.390241e-01 -4.834517e-01 1.052388e+00 -7.082096e-01 -4.834497e-01
2454549.872539 8.122789e-01 2.047144e+00 -6.389376e-01 -4.834516e-01 1.052422e+00 -7.082495e-01 -4.834497e-01
2454549.879839 8.123353e-01 2.047171e+00 -6.388515e-01 -4.834516e-01 1.052456e+00 -7.082892e-01 -4.834497e-01
2454557.792586 6.683412e-01 2.074833e+00 -5.450286e-01 -4.829995e-01 1.096614e+00 -7.497097e-01 -4.829979e-01
2454557.800676 8.035940e-01 2.074860e+00 -5.449322e-01 -4.829986e-01 1.096667e+00 -7.497500e-01 -4.829970e-01
2454557.808775 7.329513e-01 2.074886e+00 -5.448356e-01 -4.829977e-01 1.096720e+00 -7.497904e-01 -4.829961e-01
2454557.816905 7.330164e-01 2.074913e+00 -5.447387e-01 -4.829968e-01 1.096773e+00 -7.498309e-01 -4.829952e-01
2454566.653574 6.749093e-01 2.101517e+00 -4.388466e-01 -4.814945e-01 1.163256e+00 -7.903640e-01 -4.814932e-01
2454566.662384 7.401016e-01 2.101542e+00 -4.387405e-01 -4.814925e-01 1.163331e+00 -7.904004e-01 -4.814912e-01
2454566.671253 6.750523e-01 2.101566e+00 -4.386337e-01 -4.814904e-01 1.163406e+00 -7.904370e-01 -4.814891e-01
2454585.712818 5.926823e-01 2.143334e+00 -2.075272e-01 -4.747097e-01 1.362263e+00 -8.433904e-01 -4.747092e-01
2454585.719268 5.927311e-01 2.143345e+00 -2.074484e-01 -4.747066e-01 1.362342e+00 -8.433981e-01 -4.747061e-01
2454585.725747 5.927802e-01 2.143355e+00 -2.073693e-01 -4.747035e-01 1.362421e+00 -8.434058e-01 -4.747030e-01
2454585.732237 5.406669e-01 2.143366e+00 -2.072900e-01 -4.747003e-01 1.362501e+00 -8.434135e-01 -4.746998e-01
2455476.805578 1.273877e+00 -2.624364e+00 -8.612436e-01 5.035630e-01 -1.653618e+00 -6.232253e-01 5.035583e-01
2455476.813038 1.273848e+00 -2.624337e+00 -8.613102e-01 5.035527e-01 -1.653623e+00 -6.231678e-01 5.035480e-01
2455481.812133 1.148274e+00 -2.606013e+00 -9.058205e-01 4.965532e-01 -1.660759e+00 -5.854560e-01 4.965481e-01
2455481.818473 1.148263e+00 -2.605989e+00 -9.058768e-01 4.965442e-01 -1.660772e+00 -5.854094e-01 4.965392e-01
2455481.824893 1.380501e+00 -2.605965e+00 -9.059338e-01 4.965351e-01 -1.660785e+00 -5.853622e-01 4.965301e-01
2455481.831303 9.550640e-01 -2.605941e+00 -9.059907e-01 4.965260e-01 -1.660798e+00 -5.853150e-01 4.965210e-01
2455498.747578 1.064454e+00 -2.537456e+00 -1.054245e+00 4.716108e-01 -1.729305e+00 -4.765915e-01 4.716047e-01
2455498.755098 1.279788e+00 -2.537423e+00 -1.054310e+00 4.715993e-01 -1.729350e+00 -4.765518e-01 4.715932e-01
2455498.762687 1.167210e+00 -2.537390e+00 -1.054376e+00 4.715877e-01 -1.729395e+00 -4.765117e-01 4.715816e-01
2455498.770237 1.064536e+00 -2.537357e+00 -1.054441e+00 4.715762e-01 -1.729440e+00 -4.764719e-01 4.715701e-01
2455508.704997 1.017141e+00 -2.492493e+00 -1.139641e+00 4.560767e-01 -1.798329e+00 -4.325994e-01 4.560701e-01
2455508.711957 9.276810e-01 -2.492460e+00 -1.139700e+00 4.560656e-01 -1.798384e+00 -4.325751e-01 4.560590e-01
2455508.718917 1.115364e+00 -2.492428e+00 -1.139759e+00 4.560545e-01 -1.798439e+00 -4.325508e-01 4.560479e-01
2455508.725866 1.223022e+00 -2.492395e+00 -1.139819e+00 4.560435e-01 -1.798493e+00 -4.325266e-01 4.560369e-01
2455508.758975 1.223259e+00 -2.492240e+00 -1.140100e+00 4.559908e-01 -1.798754e+00 -4.324113e-01 4.559842e-01
2455508.766585 1.341337e+00 -2.492204e+00 -1.140165e+00 4.559787e-01 -1.798814e+00 -4.323849e-01 4.559721e-01
2455508.774205 1.115726e+00 -2.492169e+00 -1.140229e+00 4.559665e-01 -1.798874e+00 -4.323584e-01 4.559599e-01
2455508.781874 7.719284e-01 -2.492133e+00 -1.140295e+00 4.559543e-01 -1.798935e+00 -4.323317e-01 4.559477e-01
1 0.5
