2	0.5	1000	 1	period_start period_step period_end fixed/free
0.0				initial epoch
0.0				initial rotation angle      
0.1				convexity weight      
3 3				degree and order of spherical harmonics      
6				number of rows        
0.5	1			scattering parameters
0.1	1
-0.5	1     
0.1	0			LS coeff                 
50				iteration stop condidion
10				minimum number of iterations (only if the above value < 1)
5				Alamda multiplicative factor
0.1				Alamda initial value
1
109 0 0.12 2005.12-2010.3 V 703_CATALINA
2453732.921462 7.722366e-01 2.376006e+00 -8.734299e-01 -2.739739e-01 2.261339e+00 1.032654e-01 -2.739669e-01
2453732.927982 1.223823e+00 2.376029e+00 -8.733651e-01 -2.739916e-01 2.261249e+00 1.033167e-01 -2.739847e-01
2453732.934613 1.471250e+00 2.376053e+00 -8.732992e-01 -2.740097e-01 2.261158e+00 1.033689e-01 -2.740028e-01
2453732.941373 7.720646e-01 2.376078e+00 -8.732320e-01 -2.740281e-01 2.261065e+00 1.034221e-01 -2.740212e-01
2453742.966085 9.080080e-01 2.410003e+00 -7.728235e-01 -3.010839e-01 2.123602e+00 1.678957e-01 -3.010772e-01
2453742.974776 9.079169e-01 2.410030e+00 -7.727358e-01 -3.011071e-01 2.123484e+00 1.679392e-01 -3.011004e-01
2453742.983407 8.279476e-01 2.410058e+00 -7.726487e-01 -3.011302e-01 2.123367e+00 1.679825e-01 -3.011235e-01
2453742.992057 9.077359e-01 2.410085e+00 -7.725615e-01 -3.011533e-01 2.123249e+00 1.680258e-01 -3.011466e-01
2453744.934038 1.067108e+00 2.416155e+00 -7.529458e-01 -3.063327e-01 2.096993e+00 1.772220e-01 -3.063260e-01
2453744.939539 1.282864e+00 2.416172e+00 -7.528901e-01 -3.063473e-01 2.096919e+00 1.772465e-01 -3.063407e-01
2453744.945029 1.282782e+00 2.416189e+00 -7.528346e-01 -3.063619e-01 2.096845e+00 1.772711e-01 -3.063553e-01
2453744.950560 1.169837e+00 2.416206e+00 -7.527787e-01 -3.063766e-01 2.096770e+00 1.772957e-01 -3.063700e-01
2453758.948191 1.311534e+00 2.455119e+00 -6.099632e-01 -3.430781e-01 1.916028e+00 2.136023e-01 -3.430720e-01
2453758.955382 1.090797e+00 2.455137e+00 -6.098892e-01 -3.430967e-01 1.915940e+00 2.136081e-01 -3.430906e-01
2453758.962442 9.947381e-01 2.455154e+00 -6.098166e-01 -3.431149e-01 1.915854e+00 2.136137e-01 -3.431088e-01
2453758.969543 1.195841e+00 2.455172e+00 -6.097436e-01 -3.431332e-01 1.915767e+00 2.136193e-01 -3.431271e-01
2453765.936285 9.197501e-01 2.471350e+00 -5.378329e-01 -3.609616e-01 1.834046e+00 2.133782e-01 -3.609559e-01
2453765.942815 1.008413e+00 2.471365e+00 -5.377653e-01 -3.609782e-01 1.833973e+00 2.133727e-01 -3.609725e-01
2453765.949446 1.008340e+00 2.471379e+00 -5.376966e-01 -3.609950e-01 1.833899e+00 2.133672e-01 -3.609893e-01
2453765.955966 1.008267e+00 2.471393e+00 -5.376291e-01 -3.610116e-01 1.833825e+00 2.133617e-01 -3.610059e-01
2453797.830556 1.216381e+00 2.518149e+00 -2.036714e-01 -4.383956e-01 1.572615e+00 9.419611e-02 -4.383921e-01
2453797.838406 1.333683e+00 2.518155e+00 -2.035885e-01 -4.384138e-01 1.572579e+00 9.414973e-02 -4.384102e-01
2453797.845876 1.216289e+00 2.518161e+00 -2.035095e-01 -4.384311e-01 1.572544e+00 9.410559e-02 -4.384275e-01
2453797.853496 1.216243e+00 2.518166e+00 -2.034290e-01 -4.384487e-01 1.572508e+00 9.406056e-02 -4.384451e-01
2453819.773082 1.705659e+00 2.524264e+00 2.871566e-02 -4.872040e-01 1.529951e+00 -4.762484e-02 -4.872024e-01
2453819.781252 1.555609e+00 2.524262e+00 2.880225e-02 -4.872214e-01 1.529957e+00 -4.767892e-02 -4.872199e-01
2453819.789422 1.293923e+00 2.524260e+00 2.888884e-02 -4.872389e-01 1.529964e+00 -4.773299e-02 -4.872373e-01
2453819.797572 1.180094e+00 2.524259e+00 2.897523e-02 -4.872563e-01 1.529971e+00 -4.778694e-02 -4.872547e-01
2453827.740059 1.600407e+00 2.521239e+00 1.131304e-01 -5.039333e-01 1.544545e+00 -9.923769e-02 -5.039325e-01
2453827.748559 1.214082e+00 2.521234e+00 1.132204e-01 -5.039509e-01 1.544569e+00 -9.929111e-02 -5.039501e-01
2453827.757059 1.459708e+00 2.521229e+00 1.133104e-01 -5.039684e-01 1.544593e+00 -9.934454e-02 -5.039676e-01
2453827.765578 1.459767e+00 2.521225e+00 1.134006e-01 -5.039860e-01 1.544617e+00 -9.939809e-02 -5.039852e-01
2453827.773548 1.459823e+00 2.521220e+00 1.134850e-01 -5.040025e-01 1.544639e+00 -9.944817e-02 -5.040017e-01
2453827.781588 1.600726e+00 2.521216e+00 1.135701e-01 -5.040191e-01 1.544662e+00 -9.949869e-02 -5.040183e-01
2453827.789648 1.600788e+00 2.521211e+00 1.136555e-01 -5.040357e-01 1.544685e+00 -9.954934e-02 -5.040349e-01
2453827.797958 1.600852e+00 2.521207e+00 1.137435e-01 -5.040529e-01 1.544709e+00 -9.960155e-02 -5.040521e-01
2453827.820667 1.755492e+00 2.521194e+00 1.139840e-01 -5.040998e-01 1.544773e+00 -9.974421e-02 -5.040990e-01
2453827.830907 1.460227e+00 2.521188e+00 1.140924e-01 -5.041209e-01 1.544802e+00 -9.980852e-02 -5.041201e-01
2453827.841087 1.601186e+00 2.521183e+00 1.142002e-01 -5.041419e-01 1.544831e+00 -9.987245e-02 -5.041412e-01
2453827.852357 1.755761e+00 2.521176e+00 1.143196e-01 -5.041652e-01 1.544863e+00 -9.994322e-02 -5.041644e-01
2453827.860906 1.755833e+00 2.521172e+00 1.144101e-01 -5.041828e-01 1.544887e+00 -9.999691e-02 -5.041821e-01
2453827.869666 1.601407e+00 2.521167e+00 1.145029e-01 -5.042009e-01 1.544912e+00 -1.000519e-01 -5.042002e-01
2453827.878146 1.601473e+00 2.521162e+00 1.145927e-01 -5.042184e-01 1.544937e+00 -1.001051e-01 -5.042177e-01
2453828.823095 1.113175e+00 2.520613e+00 1.245985e-01 -5.061650e-01 1.547744e+00 -1.060090e-01 -5.061644e-01
2453828.837365 1.113257e+00 2.520604e+00 1.247496e-01 -5.061944e-01 1.547789e+00 -1.060978e-01 -5.061937e-01
2453828.850284 1.220743e+00 2.520596e+00 1.248864e-01 -5.062209e-01 1.547828e+00 -1.061781e-01 -5.062203e-01
2453833.750595 1.145528e+00 2.517118e+00 1.767410e-01 -5.161881e-01 1.565893e+00 -1.357479e-01 -5.161879e-01
2453833.761915 1.377329e+00 2.517108e+00 1.768607e-01 -5.162109e-01 1.565941e+00 -1.358139e-01 -5.162107e-01
2453833.771004 1.145680e+00 2.517101e+00 1.769568e-01 -5.162292e-01 1.565980e+00 -1.358669e-01 -5.162290e-01
2453833.806003 1.145940e+00 2.517072e+00 1.773270e-01 -5.162996e-01 1.566130e+00 -1.360710e-01 -5.162994e-01
2453878.726892 1.037741e+00 2.436879e+00 6.465679e-01 -5.972004e-01 1.959662e+00 -2.463649e-01 -5.972042e-01
2453878.734351 1.037832e+00 2.436859e+00 6.466445e-01 -5.972122e-01 1.959753e+00 -2.463493e-01 -5.972160e-01
2453878.741831 9.465960e-01 2.436839e+00 6.467212e-01 -5.972240e-01 1.959843e+00 -2.463337e-01 -5.972278e-01
2453878.749280 1.038012e+00 2.436818e+00 6.467976e-01 -5.972357e-01 1.959934e+00 -2.463182e-01 -5.972396e-01
2453885.656593 1.025923e+00 2.416933e+00 7.173817e-01 -6.079119e-01 2.045947e+00 -2.259673e-01 -6.079161e-01
2453885.675022 1.233694e+00 2.416878e+00 7.175693e-01 -6.079397e-01 2.046182e+00 -2.258969e-01 -6.079440e-01
2453885.684271 9.359528e-01 2.416850e+00 7.176634e-01 -6.079537e-01 2.046299e+00 -2.258615e-01 -6.079579e-01
2454736.897787 9.415141e-01 -2.238411e+00 -1.166957e+00 6.668074e-01 -1.239352e+00 -1.087842e+00 6.668051e-01
2454736.904937 1.131881e+00 -2.238373e+00 -1.167022e+00 6.668133e-01 -1.239324e+00 -1.087785e+00 6.668110e-01
2454736.912148 9.414006e-01 -2.238333e+00 -1.167088e+00 6.668193e-01 -1.239297e+00 -1.087728e+00 6.668170e-01
2454736.919458 9.413429e-01 -2.238294e+00 -1.167154e+00 6.668254e-01 -1.239269e+00 -1.087670e+00 6.668231e-01
2454740.870874 1.096483e+00 -2.216516e+00 -1.203030e+00 6.700128e-01 -1.226281e+00 -1.056268e+00 6.700106e-01
2454740.879004 1.202195e+00 -2.216471e+00 -1.203104e+00 6.700192e-01 -1.226258e+00 -1.056204e+00 6.700170e-01
2454740.887204 9.119011e-01 -2.216425e+00 -1.203178e+00 6.700256e-01 -1.226235e+00 -1.056139e+00 6.700234e-01
2454740.895324 1.096279e+00 -2.216380e+00 -1.203251e+00 6.700320e-01 -1.226213e+00 -1.056075e+00 6.700298e-01
2454748.856070 1.139423e+00 -2.170752e+00 -1.274567e+00 6.759213e-01 -1.212146e+00 -9.942313e-01 6.759193e-01
2454748.865240 8.642948e-01 -2.170698e+00 -1.274648e+00 6.759276e-01 -1.212139e+00 -9.941619e-01 6.759257e-01
2454748.874401 9.476305e-01 -2.170644e+00 -1.274730e+00 6.759340e-01 -1.212132e+00 -9.940925e-01 6.759321e-01
2454748.883501 1.369671e+00 -2.170591e+00 -1.274810e+00 6.759403e-01 -1.212125e+00 -9.940236e-01 6.759384e-01
2454765.795818 1.075408e+00 -2.066060e+00 -1.421733e+00 6.860608e-01 -1.233530e+00 -8.786590e-01 6.860596e-01
2454765.804418 1.075400e+00 -2.066004e+00 -1.421806e+00 6.860652e-01 -1.233558e+00 -8.786087e-01 6.860639e-01
2454765.813038 1.292905e+00 -2.065948e+00 -1.421879e+00 6.860695e-01 -1.233585e+00 -8.785583e-01 6.860682e-01
2454765.821578 1.179135e+00 -2.065893e+00 -1.421952e+00 6.860738e-01 -1.233613e+00 -8.785083e-01 6.860725e-01
2454772.820612 1.294570e+00 -2.019695e+00 -1.480786e+00 6.892974e-01 -1.261191e+00 -8.412328e-01 6.892965e-01
2454772.827812 1.294582e+00 -2.019647e+00 -1.480846e+00 6.893005e-01 -1.261224e+00 -8.411985e-01 6.892995e-01
2454772.835152 1.076796e+00 -2.019597e+00 -1.480907e+00 6.893035e-01 -1.261258e+00 -8.411635e-01 6.893026e-01
2454772.842371 1.294606e+00 -2.019549e+00 -1.480968e+00 6.893066e-01 -1.261292e+00 -8.411291e-01 6.893056e-01
2454790.740920 1.264460e+00 -1.893873e+00 -1.625729e+00 6.949435e-01 -1.372592e+00 -7.864382e-01 6.949435e-01
2454790.748770 9.592378e-01 -1.893815e+00 -1.625790e+00 6.949452e-01 -1.372652e+00 -7.864291e-01 6.949451e-01
2454790.756610 8.748775e-01 -1.893758e+00 -1.625852e+00 6.949468e-01 -1.372711e+00 -7.864200e-01 6.949467e-01
2454790.764570 1.264645e+00 -1.893700e+00 -1.625914e+00 6.949485e-01 -1.372771e+00 -7.864107e-01 6.949484e-01
2454802.698251 9.557915e-01 -1.804122e+00 -1.717555e+00 6.966020e-01 -1.471070e+00 -7.896713e-01 6.966025e-01
2454802.710430 8.717825e-01 -1.804028e+00 -1.717647e+00 6.966028e-01 -1.471176e+00 -7.896927e-01 6.966033e-01
2454802.716410 1.048166e+00 -1.803982e+00 -1.717691e+00 6.966032e-01 -1.471229e+00 -7.897033e-01 6.966037e-01
2454831.637198 6.097998e-01 -1.569070e+00 -1.921950e+00 6.935525e-01 -1.734654e+00 -9.526960e-01 6.935543e-01
2454831.646837 1.059820e+00 -1.568988e+00 -1.922014e+00 6.935498e-01 -1.734738e+00 -9.527882e-01 6.935516e-01
2454831.665946 6.099866e-01 -1.568825e+00 -1.922140e+00 6.935445e-01 -1.734904e+00 -9.529710e-01 6.935463e-01
2455121.965931 1.181079e+00 1.364267e+00 -2.112926e+00 1.720960e-01 2.274049e+00 -1.706274e+00 1.720923e-01
2455121.970762 1.294977e+00 1.364310e+00 -2.112899e+00 1.720821e-01 2.274057e+00 -1.706171e+00 1.720784e-01
2455121.975662 1.556843e+00 1.364355e+00 -2.112871e+00 1.720680e-01 2.274066e+00 -1.706067e+00 1.720643e-01
2455121.980532 1.180940e+00 1.364399e+00 -2.112844e+00 1.720540e-01 2.274074e+00 -1.705964e+00 1.720503e-01
2455127.979998 1.350867e+00 1.418281e+00 -2.078621e+00 1.547465e-01 2.279318e+00 -1.580268e+00 1.547428e-01
2455127.983968 1.350821e+00 1.418317e+00 -2.078598e+00 1.547350e-01 2.279318e+00 -1.580187e+00 1.547313e-01
2455127.987748 1.231923e+00 1.418350e+00 -2.078576e+00 1.547241e-01 2.279318e+00 -1.580108e+00 1.547203e-01
2455127.991628 1.123490e+00 1.418385e+00 -2.078553e+00 1.547128e-01 2.279318e+00 -1.580028e+00 1.547091e-01
2455150.950269 9.037307e-01 1.615557e+00 -1.935037e+00 8.763451e-02 2.209847e+00 -1.144373e+00 8.763080e-02
2455150.956430 1.191273e+00 1.615608e+00 -1.934996e+00 8.761637e-02 2.209811e+00 -1.144269e+00 8.761266e-02
2455150.962470 1.432135e+00 1.615658e+00 -1.934956e+00 8.759858e-02 2.209777e+00 -1.144166e+00 8.759487e-02
2455150.968511 1.086317e+00 1.615708e+00 -1.934916e+00 8.758079e-02 2.209742e+00 -1.144064e+00 8.757708e-02
2455242.748113 1.879485e+00 2.231010e+00 -1.190423e+00 -1.825063e-01 1.409302e+00 -6.423591e-01 -1.825052e-01
2455242.757233 1.714074e+00 2.231055e+00 -1.190338e+00 -1.825324e-01 1.409258e+00 -6.424051e-01 -1.825313e-01
2455242.766473 1.879404e+00 2.231101e+00 -1.190252e+00 -1.825589e-01 1.409213e+00 -6.424517e-01 -1.825578e-01
2455242.775793 1.563186e+00 2.231148e+00 -1.190165e+00 -1.825856e-01 1.409168e+00 -6.424988e-01 -1.825845e-01
2455259.860804 1.318394e+00 2.310314e+00 -1.027650e+00 -2.310033e-01 1.359489e+00 -7.463476e-01 -2.310010e-01
2455259.866024 1.585091e+00 2.310336e+00 -1.027600e+00 -2.310179e-01 1.359484e+00 -7.463836e-01 -2.310157e-01
2455259.871214 1.445649e+00 2.310359e+00 -1.027549e+00 -2.310325e-01 1.359480e+00 -7.464193e-01 -2.310302e-01
2455259.916043 1.738358e+00 2.310551e+00 -1.027115e+00 -2.311580e-01 1.359441e+00 -7.467280e-01 -2.311557e-01
2455259.921433 1.445934e+00 2.310574e+00 -1.027063e+00 -2.311731e-01 1.359436e+00 -7.467651e-01 -2.311708e-01
2455259.926833 1.585469e+00 2.310597e+00 -1.027011e+00 -2.311882e-01 1.359431e+00 -7.468023e-01 -2.311860e-01
1 0.5
