2	0.5	1000	 1	period_start period_step period_end fixed/free
0.0				initial epoch
0.0				initial rotation angle      
0.1				convexity weight      
3 3				degree and order of spherical harmonics      
6				number of rows        
0.5	1			scattering parameters
0.1	1
-0.5	1     
0.1	0			LS coeff                 
50				iteration stop condidion
10				minimum number of iterations (only if the above value < 1)
5				Alamda multiplicative factor
0.1				Alamda initial value
1
99 0 0.12 2006.8-2009.11 V 703_CATALINA
2453975.872929 2.852343e-01 -2.168529e+00 1.278322e-01 2.309173e-02 -1.254231e+00 -3.016525e-01 2.308844e-02
2453975.880989 1.973173e-01 -2.168538e+00 1.277549e-01 2.313293e-02 -1.254183e+00 -3.016048e-01 2.312964e-02
2453975.889069 1.799404e-01 -2.168547e+00 1.276774e-01 2.317423e-02 -1.254135e+00 -3.015570e-01 2.317094e-02
2453990.939064 1.915471e-01 -2.177896e+00 -1.692786e-02 9.994135e-02 -1.188498e+00 -2.013525e-01 9.993914e-02
2453990.945454 1.593166e-01 -2.177897e+00 -1.698930e-02 9.997384e-02 -1.188481e+00 -2.013063e-01 9.997164e-02
2453990.951885 1.593112e-01 -2.177898e+00 -1.705113e-02 1.000065e-01 -1.188463e+00 -2.012598e-01 1.000043e-01
2453990.958315 1.208458e-01 -2.177899e+00 -1.711296e-02 1.000392e-01 -1.188446e+00 -2.012133e-01 1.000370e-01
2453996.779103 2.249771e-01 -2.177725e+00 -7.306399e-02 1.295836e-01 -1.176481e+00 -1.583414e-01 1.295818e-01
2453996.786253 2.249729e-01 -2.177723e+00 -7.313269e-02 1.296198e-01 -1.176471e+00 -1.582880e-01 1.296181e-01
2453997.811663 2.958408e-01 -2.177475e+00 -8.298300e-02 1.348121e-01 -1.175168e+00 -1.506145e-01 1.348104e-01
2453997.824883 2.698023e-01 -2.177471e+00 -8.310998e-02 1.348790e-01 -1.175153e+00 -1.505154e-01 1.348774e-01
2453997.838113 2.697946e-01 -2.177467e+00 -8.323705e-02 1.349460e-01 -1.175138e+00 -1.504162e-01 1.349443e-01
2453997.851334 2.460487e-01 -2.177464e+00 -8.336403e-02 1.350129e-01 -1.175122e+00 -1.503171e-01 1.350112e-01
2454004.840432 2.040250e-01 -2.174019e+00 -1.504207e-01 1.702866e-01 -1.172788e+00 -9.765746e-02 1.702856e-01
2454004.848812 2.040272e-01 -2.174013e+00 -1.505010e-01 1.703288e-01 -1.172792e+00 -9.759433e-02 1.703277e-01
2454004.857162 2.237137e-01 -2.174007e+00 -1.505810e-01 1.703708e-01 -1.172796e+00 -9.753142e-02 1.703698e-01
2454004.865502 2.237161e-01 -2.174001e+00 -1.506609e-01 1.704128e-01 -1.172800e+00 -9.746859e-02 1.704117e-01
2454010.797242 2.273872e-01 -2.168708e+00 -2.074132e-01 2.001666e-01 -1.179746e+00 -5.314625e-02 2.001660e-01
2454010.805662 2.073869e-01 -2.168699e+00 -2.074937e-01 2.002087e-01 -1.179762e+00 -5.308409e-02 2.002081e-01
2454010.814102 2.073942e-01 -2.168690e+00 -2.075743e-01 2.002509e-01 -1.179778e+00 -5.302179e-02 2.002503e-01
2454010.822492 2.493515e-01 -2.168681e+00 -2.076544e-01 2.002928e-01 -1.179793e+00 -5.295986e-02 2.002923e-01
2454029.676785 2.010765e-01 -2.137568e+00 -3.864078e-01 2.934043e-01 -1.254819e+00 7.386598e-02 2.934054e-01
2454029.687104 2.417757e-01 -2.137545e+00 -3.865048e-01 2.934546e-01 -1.254881e+00 7.392579e-02 2.934557e-01
2454029.697424 2.011239e-01 -2.137522e+00 -3.866017e-01 2.935048e-01 -1.254944e+00 7.398559e-02 2.935059e-01
2454029.707743 1.834489e-01 -2.137499e+00 -3.866986e-01 2.935551e-01 -1.255006e+00 7.404538e-02 2.935561e-01
2454036.668491 1.997989e-01 -2.120579e+00 -4.518077e-01 3.272364e-01 -1.301738e+00 1.110388e-01 3.272380e-01
2454036.675591 1.662008e-01 -2.120560e+00 -4.518738e-01 3.272705e-01 -1.301791e+00 1.110729e-01 3.272721e-01
2454036.682670 1.998357e-01 -2.120542e+00 -4.519397e-01 3.273045e-01 -1.301843e+00 1.111069e-01 3.273062e-01
2454036.689710 1.998540e-01 -2.120523e+00 -4.520053e-01 3.273384e-01 -1.301895e+00 1.111407e-01 3.273400e-01
2454452.998632 5.475950e-02 1.585087e+00 -6.170987e-01 2.595582e-01 1.652600e+00 3.645409e-01 2.595599e-01
2454453.005293 1.508061e-01 1.585116e+00 -6.170220e-01 2.595165e-01 1.652513e+00 3.646251e-01 2.595182e-01
2454453.011973 1.375239e-01 1.585145e+00 -6.169450e-01 2.594746e-01 1.652425e+00 3.647095e-01 2.594763e-01
2454453.018804 1.043125e-01 1.585175e+00 -6.168663e-01 2.594318e-01 1.652336e+00 3.647958e-01 2.594335e-01
2454496.953647 1.707618e-01 1.681478e+00 -8.519282e-02 -2.539835e-02 1.037425e+00 6.602685e-01 -2.539563e-02
2454496.958537 9.825464e-02 1.681478e+00 -8.513191e-02 -2.543051e-02 1.037360e+00 6.602740e-01 -2.542779e-02
2454496.963467 1.077246e-01 1.681478e+00 -8.507051e-02 -2.546293e-02 1.037294e+00 6.602797e-01 -2.546021e-02
2454503.988905 1.142241e-01 1.678646e+00 2.509840e-03 -7.159955e-02 9.461886e-01 6.628952e-01 -7.159681e-02
2454503.996476 8.663605e-02 1.678640e+00 2.604250e-03 -7.164917e-02 9.460934e-01 6.628924e-01 -7.164644e-02
2454504.004086 1.252100e-01 1.678634e+00 2.699170e-03 -7.169906e-02 9.459977e-01 6.628896e-01 -7.169632e-02
2454504.011636 1.505151e-01 1.678628e+00 2.793340e-03 -7.174855e-02 9.459028e-01 6.628867e-01 -7.174581e-02
2454525.007187 9.467344e-02 1.639329e+00 2.634094e-01 -2.077464e-01 7.135467e-01 6.156057e-01 -2.077439e-01
2454525.015067 1.138074e-01 1.639306e+00 2.635063e-01 -2.077966e-01 7.134729e-01 6.155753e-01 -2.077941e-01
2454525.022907 1.037799e-01 1.639283e+00 2.636027e-01 -2.078466e-01 7.133995e-01 6.155452e-01 -2.078440e-01
2454525.030698 1.247546e-01 1.639260e+00 2.636985e-01 -2.078962e-01 7.133265e-01 6.155152e-01 -2.078936e-01
2454530.843393 1.244268e-01 1.620259e+00 3.348608e-01 -2.446849e-01 6.619891e-01 5.911749e-01 -2.446824e-01
2454530.851433 1.244111e-01 1.620230e+00 3.349588e-01 -2.447354e-01 6.619224e-01 5.911387e-01 -2.447330e-01
2454530.859464 1.495561e-01 1.620201e+00 3.350566e-01 -2.447859e-01 6.618558e-01 5.911026e-01 -2.447835e-01
2454530.867504 1.243797e-01 1.620172e+00 3.351546e-01 -2.448364e-01 6.617892e-01 5.910664e-01 -2.448340e-01
2454557.931360 1.461100e-01 1.486903e+00 6.546484e-01 -4.079978e-01 5.091368e-01 4.476221e-01 -4.079961e-01
2454557.939530 1.461041e-01 1.486852e+00 6.547410e-01 -4.080445e-01 5.091126e-01 4.475766e-01 -4.080429e-01
2454557.955931 1.332377e-01 1.486750e+00 6.549269e-01 -4.081384e-01 5.090642e-01 4.474855e-01 -4.081368e-01
2454566.898530 1.883065e-01 1.427255e+00 7.545539e-01 -4.582657e-01 4.904121e-01 3.990775e-01 -4.582644e-01
2454566.904250 1.566264e-01 1.427215e+00 7.546165e-01 -4.582971e-01 4.904050e-01 3.990477e-01 -4.582958e-01
2454566.909970 1.566264e-01 1.427175e+00 7.546791e-01 -4.583284e-01 4.903980e-01 3.990179e-01 -4.583272e-01
2454566.915720 1.428449e-01 1.427134e+00 7.547420e-01 -4.583599e-01 4.903909e-01 3.989879e-01 -4.583587e-01
2454571.939242 2.077909e-01 1.390549e+00 8.090766e-01 -4.855251e-01 4.865137e-01 3.736216e-01 -4.855241e-01
2454571.945712 1.895107e-01 1.390500e+00 8.091458e-01 -4.855596e-01 4.865116e-01 3.735901e-01 -4.855586e-01
2454571.952192 1.437610e-01 1.390452e+00 8.092151e-01 -4.855942e-01 4.865096e-01 3.735585e-01 -4.855931e-01
2454571.958662 1.576335e-01 1.390403e+00 8.092843e-01 -4.856287e-01 4.865076e-01 3.735270e-01 -4.856276e-01
2454589.776947 1.227061e-01 1.243461e+00 9.912030e-01 -5.755574e-01 5.072248e-01 3.024176e-01 -5.755571e-01
2454589.785277 1.227164e-01 1.243387e+00 9.912838e-01 -5.755969e-01 5.072457e-01 3.023932e-01 -5.755966e-01
2454589.793587 1.227266e-01 1.243312e+00 9.913643e-01 -5.756364e-01 5.072667e-01 3.023688e-01 -5.756361e-01
2454589.801927 1.345783e-01 1.243238e+00 9.914452e-01 -5.756760e-01 5.072877e-01 3.023444e-01 -5.756756e-01
2454596.705348 1.324150e-01 1.179611e+00 1.056913e+00 -6.075888e-01 5.277701e-01 2.856000e-01 -6.075888e-01
2454596.712338 1.207740e-01 1.179545e+00 1.056978e+00 -6.076202e-01 5.277939e-01 2.855868e-01 -6.076202e-01
2454596.719317 1.207840e-01 1.179479e+00 1.057042e+00 -6.076516e-01 5.278175e-01 2.855735e-01 -6.076516e-01
2454596.726297 1.207940e-01 1.179413e+00 1.057107e+00 -6.076830e-01 5.278412e-01 2.855602e-01 -6.076830e-01
2454600.745344 1.269015e-01 1.140781e+00 1.093820e+00 -6.254555e-01 5.423797e-01 2.792252e-01 -6.254556e-01
2454600.752524 9.627337e-02 1.140711e+00 1.093885e+00 -6.254867e-01 5.424072e-01 2.792163e-01 -6.254869e-01
2454600.759653 1.269245e-01 1.140642e+00 1.093949e+00 -6.255177e-01 5.424346e-01 2.792074e-01 -6.255178e-01
2454600.766723 1.157669e-01 1.140573e+00 1.094012e+00 -6.255484e-01 5.424617e-01 2.791986e-01 -6.255486e-01
2454640.793391 1.071797e-01 7.027840e-01 1.397521e+00 -7.675140e-01 7.395422e-01 3.817700e-01 -7.675156e-01
2454640.800451 1.413047e-01 7.026999e-01 1.397564e+00 -7.675331e-01 7.395774e-01 3.818169e-01 -7.675348e-01
2454640.807510 1.288845e-01 7.026157e-01 1.397607e+00 -7.675523e-01 7.396126e-01 3.818638e-01 -7.675539e-01
2454640.814580 9.777883e-02 7.025314e-01 1.397650e+00 -7.675714e-01 7.396479e-01 3.819108e-01 -7.675731e-01
2455069.910246 2.207639e-01 -1.905719e+00 -9.120261e-01 5.619627e-01 -1.004003e+00 -1.368146e+00 5.619609e-01
2455069.916207 1.836090e-01 -1.905685e+00 -9.120756e-01 5.619874e-01 -1.003925e+00 -1.368104e+00 5.619857e-01
2455069.922307 2.207291e-01 -1.905651e+00 -9.121262e-01 5.620128e-01 -1.003845e+00 -1.368062e+00 5.620110e-01
2455069.928347 2.012915e-01 -1.905617e+00 -9.121764e-01 5.620378e-01 -1.003766e+00 -1.368020e+00 5.620361e-01
2455094.868994 2.100466e-01 -1.749628e+00 -1.110681e+00 6.603562e-01 -7.464379e-01 -1.156226e+00 6.603533e-01
2455094.877285 1.593200e-01 -1.749571e+00 -1.110744e+00 6.603870e-01 -7.463766e-01 -1.156147e+00 6.603841e-01
2455094.885665 1.915245e-01 -1.749513e+00 -1.110808e+00 6.604182e-01 -7.463146e-01 -1.156067e+00 6.604152e-01
2455094.894026 1.592864e-01 -1.749455e+00 -1.110871e+00 6.604492e-01 -7.462528e-01 -1.155987e+00 6.604463e-01
2455100.973116 1.121228e-01 -1.706591e+00 -1.156384e+00 6.826932e-01 -7.058149e-01 -1.097352e+00 6.826900e-01
2455100.976776 1.347954e-01 -1.706565e+00 -1.156411e+00 6.827063e-01 -7.057933e-01 -1.097316e+00 6.827032e-01
2455100.980486 1.948300e-01 -1.706538e+00 -1.156439e+00 6.827197e-01 -7.057714e-01 -1.097280e+00 6.827166e-01
2455100.984126 1.121080e-01 -1.706512e+00 -1.156465e+00 6.827328e-01 -7.057499e-01 -1.097244e+00 6.827297e-01
2455127.845032 1.512219e-01 -1.495824e+00 -1.342032e+00 7.719174e-01 -6.335886e-01 -8.456824e-01 7.719136e-01
2455127.851092 1.658054e-01 -1.495773e+00 -1.342071e+00 7.719357e-01 -6.335910e-01 -8.456313e-01 7.719320e-01
2455127.857152 1.512108e-01 -1.495721e+00 -1.342110e+00 7.719540e-01 -6.335934e-01 -8.455801e-01 7.719503e-01
2455127.863223 2.185580e-01 -1.495670e+00 -1.342149e+00 7.719724e-01 -6.335959e-01 -8.455289e-01 7.719687e-01
2455146.809757 1.428424e-01 -1.327588e+00 -1.456025e+00 8.250718e-01 -6.768040e-01 -7.099259e-01 8.250681e-01
2455146.816387 2.064703e-01 -1.327527e+00 -1.456062e+00 8.250889e-01 -6.768304e-01 -7.098885e-01 8.250851e-01
2455146.823037 1.883032e-01 -1.327465e+00 -1.456100e+00 8.251060e-01 -6.768569e-01 -7.098511e-01 8.251022e-01
2455146.829667 2.482322e-01 -1.327404e+00 -1.456137e+00 8.251230e-01 -6.768833e-01 -7.098137e-01 8.251192e-01
2455153.807023 1.731812e-01 -1.261775e+00 -1.494152e+00 8.424492e-01 -7.082966e-01 -6.751419e-01 8.424456e-01
2455153.815192 1.092720e-01 -1.261697e+00 -1.494196e+00 8.424688e-01 -7.083373e-01 -6.751070e-01 8.424651e-01
2455153.823512 1.092740e-01 -1.261618e+00 -1.494240e+00 8.424887e-01 -7.083789e-01 -6.750714e-01 8.424850e-01
2455153.831632 1.731909e-01 -1.261540e+00 -1.494283e+00 8.425081e-01 -7.084194e-01 -6.750367e-01 8.425045e-01
1 0.5
