2	0.5	1000	 1	period_start period_step period_end fixed/free
0.0				initial epoch
0.0				initial rotation angle      
0.1				convexity weight      
3 3				degree and order of spherical harmonics      
6				number of rows        
0.5	1			scattering parameters
0.1	1
-0.5	1     
0.1	0			LS coeff                 
50				iteration stop condidion
10				minimum number of iterations (only if the above value < 1)
5				Alamda multiplicative factor
0.1				Alamda initial value
1
116 0 0.12 2006.10-2009.8 V 703_CATALINA
2454029.802294 1.996551e+00 -2.088605e+00 -1.900126e+00 1.040373e+00 -1.206892e+00 -1.437947e+00 1.040374e+00
2454029.813115 1.996451e+00 -2.088537e+00 -1.900208e+00 1.040353e+00 -1.206914e+00 -1.437865e+00 1.040354e+00
2454029.823925 2.188955e+00 -2.088470e+00 -1.900290e+00 1.040333e+00 -1.206936e+00 -1.437782e+00 1.040335e+00
2454029.834725 2.188846e+00 -2.088402e+00 -1.900371e+00 1.040314e+00 -1.206958e+00 -1.437700e+00 1.040315e+00
2454029.889837 2.188288e+00 -2.088058e+00 -1.900788e+00 1.040213e+00 -1.207070e+00 -1.437281e+00 1.040214e+00
2454029.901017 2.188175e+00 -2.087989e+00 -1.900873e+00 1.040193e+00 -1.207093e+00 -1.437196e+00 1.040194e+00
2454029.912177 1.995536e+00 -2.087919e+00 -1.900957e+00 1.040172e+00 -1.207116e+00 -1.437111e+00 1.040173e+00
2454029.923538 2.187947e+00 -2.087848e+00 -1.901043e+00 1.040151e+00 -1.207140e+00 -1.437025e+00 1.040153e+00
2454040.798678 2.107810e+00 -2.018646e+00 -1.982011e+00 1.019613e+00 -1.243286e+00 -1.362372e+00 1.019615e+00
2454040.805929 2.534104e+00 -2.018599e+00 -1.982064e+00 1.019599e+00 -1.243319e+00 -1.362328e+00 1.019601e+00
2454040.813169 2.534064e+00 -2.018552e+00 -1.982117e+00 1.019585e+00 -1.243352e+00 -1.362285e+00 1.019587e+00
2454040.820399 2.107710e+00 -2.018505e+00 -1.982170e+00 1.019571e+00 -1.243385e+00 -1.362241e+00 1.019573e+00
2454056.763398 2.303184e+00 -1.912377e+00 -2.096222e+00 9.870933e-01 -1.340525e+00 -1.289640e+00 9.870963e-01
2454056.769817 2.303210e+00 -1.912333e+00 -2.096267e+00 9.870796e-01 -1.340573e+00 -1.289621e+00 9.870827e-01
2454056.776237 2.303237e+00 -1.912289e+00 -2.096312e+00 9.870660e-01 -1.340622e+00 -1.289603e+00 9.870691e-01
2454056.782677 2.100601e+00 -1.912245e+00 -2.096357e+00 9.870523e-01 -1.340670e+00 -1.289584e+00 9.870554e-01
2454062.745162 1.773457e+00 -1.871174e+00 -2.137533e+00 9.741967e-01 -1.387929e+00 -1.276343e+00 9.742001e-01
2454062.753082 1.944607e+00 -1.871119e+00 -2.137587e+00 9.741794e-01 -1.387995e+00 -1.276331e+00 9.741828e-01
2454062.760932 1.773547e+00 -1.871064e+00 -2.137641e+00 9.741622e-01 -1.388061e+00 -1.276319e+00 9.741656e-01
2454062.768841 1.617535e+00 -1.871009e+00 -2.137695e+00 9.741449e-01 -1.388127e+00 -1.276307e+00 9.741483e-01
2454085.599828 1.675584e+00 -1.707152e+00 -2.287531e+00 9.214584e-01 -1.602309e+00 -1.308953e+00 9.214627e-01
2454085.607598 1.837349e+00 -1.707094e+00 -2.287580e+00 9.214395e-01 -1.602387e+00 -1.308988e+00 9.214439e-01
2454085.615367 2.014731e+00 -1.707037e+00 -2.287629e+00 9.214207e-01 -1.602465e+00 -1.309023e+00 9.214250e-01
2454085.623197 2.912345e+00 -1.706979e+00 -2.287678e+00 9.214017e-01 -1.602543e+00 -1.309059e+00 9.214060e-01
2454091.678224 2.541902e+00 -1.661845e+00 -2.325256e+00 9.065316e-01 -1.663085e+00 -1.341559e+00 9.065361e-01
2454091.684183 1.603911e+00 -1.661800e+00 -2.325293e+00 9.065168e-01 -1.663144e+00 -1.341596e+00 9.065213e-01
2454091.690163 1.758741e+00 -1.661755e+00 -2.325329e+00 9.065019e-01 -1.663204e+00 -1.341633e+00 9.065064e-01
2454153.589170 1.961921e+00 -1.165234e+00 -2.653165e+00 7.346295e-01 -2.046285e+00 -2.203645e+00 7.346326e-01
2454153.596659 1.962044e+00 -1.165171e+00 -2.653198e+00 7.346066e-01 -2.046282e+00 -2.203794e+00 7.346097e-01
2454153.604139 1.357488e+00 -1.165108e+00 -2.653231e+00 7.345838e-01 -2.046279e+00 -2.203942e+00 7.345869e-01
2454153.611668 1.962291e+00 -1.165044e+00 -2.653265e+00 7.345609e-01 -2.046276e+00 -2.204091e+00 7.345640e-01
2454386.939878 1.984838e+00 9.545652e-01 -2.818209e+00 -1.186985e-01 1.894513e+00 -2.483404e+00 -1.187000e-01
2454386.947489 1.984708e+00 9.546319e-01 -2.818186e+00 -1.187281e-01 1.894534e+00 -2.483257e+00 -1.187296e-01
2454386.962710 1.650592e+00 9.547653e-01 -2.818139e+00 -1.187874e-01 1.894575e+00 -2.482965e+00 -1.187889e-01
2454393.933480 1.551739e+00 1.015573e+00 -2.795787e+00 -1.458878e-01 1.906433e+00 -2.350802e+00 -1.458889e-01
2454393.939991 1.290603e+00 1.015629e+00 -2.795765e+00 -1.459131e-01 1.906437e+00 -2.350681e+00 -1.459142e-01
2454393.946542 1.290526e+00 1.015686e+00 -2.795744e+00 -1.459385e-01 1.906442e+00 -2.350559e+00 -1.459397e-01
2454393.953082 1.414950e+00 1.015743e+00 -2.795722e+00 -1.459639e-01 1.906447e+00 -2.350437e+00 -1.459651e-01
2454421.872634 9.792981e-01 1.253418e+00 -2.691065e+00 -2.535629e-01 1.827379e+00 -1.885969e+00 -2.535626e-01
2454421.880784 8.930546e-01 1.253486e+00 -2.691031e+00 -2.535940e-01 1.827331e+00 -1.885854e+00 -2.535937e-01
2454421.888935 1.415276e+00 1.253554e+00 -2.690997e+00 -2.536251e-01 1.827282e+00 -1.885739e+00 -2.536248e-01
2454440.851638 1.839800e+00 1.408868e+00 -2.606469e+00 -3.255002e-01 1.685132e+00 -1.660664e+00 -3.254990e-01
2454440.857678 1.395545e+00 1.408917e+00 -2.606441e+00 -3.255229e-01 1.685079e+00 -1.660606e+00 -3.255217e-01
2454440.863709 1.677710e+00 1.408965e+00 -2.606412e+00 -3.255456e-01 1.685026e+00 -1.660549e+00 -3.255443e-01
2454440.869719 1.395373e+00 1.409014e+00 -2.606383e+00 -3.255682e-01 1.684973e+00 -1.660492e+00 -3.255669e-01
2454449.906166 1.844023e+00 1.481071e+00 -2.562391e+00 -3.593769e-01 1.602405e+00 -1.585657e+00 -3.593753e-01
2454449.913377 1.681654e+00 1.481128e+00 -2.562355e+00 -3.594037e-01 1.602337e+00 -1.585607e+00 -3.594021e-01
2454449.920587 1.843770e+00 1.481185e+00 -2.562319e+00 -3.594306e-01 1.602268e+00 -1.585556e+00 -3.594290e-01
2454449.927778 2.021514e+00 1.481242e+00 -2.562283e+00 -3.594574e-01 1.602200e+00 -1.585505e+00 -3.594558e-01
2454476.815163 2.391463e+00 1.687398e+00 -2.417730e+00 -4.579925e-01 1.345682e+00 -1.495614e+00 -4.579901e-01
2454476.824114 2.180949e+00 1.687464e+00 -2.417679e+00 -4.580248e-01 1.345601e+00 -1.495617e+00 -4.580224e-01
2454476.833024 2.391265e+00 1.687530e+00 -2.417628e+00 -4.580569e-01 1.345521e+00 -1.495620e+00 -4.580545e-01
2454476.841924 2.180770e+00 1.687596e+00 -2.417577e+00 -4.580889e-01 1.345441e+00 -1.495622e+00 -4.580865e-01
2454495.832301 1.747507e+00 1.825103e+00 -2.303664e+00 -5.255060e-01 1.196088e+00 -1.545664e+00 -5.255033e-01
2454495.839801 1.593755e+00 1.825156e+00 -2.303617e+00 -5.255322e-01 1.196040e+00 -1.545700e+00 -5.255295e-01
2454495.847331 1.747528e+00 1.825209e+00 -2.303570e+00 -5.255585e-01 1.195991e+00 -1.545737e+00 -5.255558e-01
2454495.854901 1.916139e+00 1.825263e+00 -2.303523e+00 -5.255850e-01 1.195942e+00 -1.545773e+00 -5.255823e-01
2454499.920499 1.927253e+00 1.853765e+00 -2.277918e+00 -5.397522e-01 1.171150e+00 -1.567017e+00 -5.397495e-01
2454499.925109 2.317089e+00 1.853797e+00 -2.277889e+00 -5.397682e-01 1.171123e+00 -1.567043e+00 -5.397655e-01
2454499.929669 2.113230e+00 1.853829e+00 -2.277860e+00 -5.397841e-01 1.171097e+00 -1.567069e+00 -5.397814e-01
2454499.934239 2.113249e+00 1.853861e+00 -2.277831e+00 -5.398000e-01 1.171071e+00 -1.567094e+00 -5.397972e-01
2454509.681489 2.394627e+00 1.920796e+00 -2.214745e+00 -5.733562e-01 1.124926e+00 -1.630638e+00 -5.733535e-01
2454509.687479 2.394694e+00 1.920836e+00 -2.214706e+00 -5.733767e-01 1.124903e+00 -1.630682e+00 -5.733739e-01
2454509.693548 2.184049e+00 1.920878e+00 -2.214665e+00 -5.733974e-01 1.124881e+00 -1.630726e+00 -5.733947e-01
2454509.699518 2.394828e+00 1.920918e+00 -2.214626e+00 -5.734177e-01 1.124859e+00 -1.630770e+00 -5.734150e-01
2454524.666695 1.822217e+00 2.019732e+00 -2.113222e+00 -6.237563e-01 1.096144e+00 -1.755534e+00 -6.237538e-01
2454524.673915 1.661975e+00 2.019779e+00 -2.113171e+00 -6.237802e-01 1.096144e+00 -1.755601e+00 -6.237777e-01
2454524.681134 1.662069e+00 2.019825e+00 -2.113121e+00 -6.238042e-01 1.096143e+00 -1.755667e+00 -6.238016e-01
2454524.688354 1.662163e+00 2.019872e+00 -2.113071e+00 -6.238281e-01 1.096143e+00 -1.755733e+00 -6.238255e-01
2454557.670638 1.572973e+00 2.219590e+00 -1.871487e+00 -7.291159e-01 1.240978e+00 -2.074107e+00 -7.291142e-01
2454557.679537 1.724888e+00 2.219640e+00 -1.871419e+00 -7.291431e-01 1.241057e+00 -2.074189e+00 -7.291415e-01
2454557.688357 2.274051e+00 2.219690e+00 -1.871351e+00 -7.291702e-01 1.241135e+00 -2.074270e+00 -7.291685e-01
2454557.697186 9.927491e-01 2.219740e+00 -1.871283e+00 -7.291972e-01 1.241213e+00 -2.074352e+00 -7.291956e-01
2454572.638888 2.414049e+00 2.301575e+00 -1.754260e+00 -7.740843e-01 1.402632e+00 -2.200573e+00 -7.740833e-01
2454572.647607 2.008092e+00 2.301621e+00 -1.754191e+00 -7.741100e-01 1.402742e+00 -2.200639e+00 -7.741089e-01
2454572.656387 1.831562e+00 2.301667e+00 -1.754121e+00 -7.741358e-01 1.402853e+00 -2.200704e+00 -7.741348e-01
2454572.665136 1.155738e+00 2.301714e+00 -1.754051e+00 -7.741615e-01 1.402964e+00 -2.200770e+00 -7.741605e-01
2454832.009632 1.711952e+00 2.724259e+00 6.765721e-01 -1.182679e+00 2.552258e+00 1.644702e+00 -1.182678e+00
2454832.017862 1.877008e+00 2.724241e+00 6.766511e-01 -1.182680e+00 2.552098e+00 1.644756e+00 -1.182678e+00
2454832.026203 1.711750e+00 2.724223e+00 6.767313e-01 -1.182680e+00 2.551937e+00 1.644810e+00 -1.182678e+00
2454832.034383 9.849513e-01 2.724205e+00 6.768099e-01 -1.182680e+00 2.551778e+00 1.644864e+00 -1.182679e+00
2454908.898438 1.888305e+00 2.475907e+00 1.387050e+00 -1.149574e+00 1.481270e+00 1.425323e+00 -1.149571e+00
2454908.911299 1.721991e+00 2.475852e+00 1.387163e+00 -1.149563e+00 1.481204e+00 1.425214e+00 -1.149560e+00
2454908.924239 1.887946e+00 2.475797e+00 1.387277e+00 -1.149551e+00 1.481136e+00 1.425104e+00 -1.149548e+00
2454908.937170 1.721663e+00 2.475742e+00 1.387390e+00 -1.149540e+00 1.481069e+00 1.424995e+00 -1.149537e+00
2454924.858842 1.871327e+00 2.404782e+00 1.525308e+00 -1.133783e+00 1.432902e+00 1.290190e+00 -1.133780e+00
2454924.866082 1.706607e+00 2.404748e+00 1.525370e+00 -1.133775e+00 1.432895e+00 1.290130e+00 -1.133772e+00
2454924.873412 1.871187e+00 2.404714e+00 1.525433e+00 -1.133767e+00 1.432889e+00 1.290070e+00 -1.133764e+00
2454924.880593 1.871118e+00 2.404681e+00 1.525494e+00 -1.133760e+00 1.432882e+00 1.290011e+00 -1.133757e+00
2454939.939748 2.333460e+00 2.331792e+00 1.652277e+00 -1.116135e+00 1.448453e+00 1.174653e+00 -1.116132e+00
2454939.944568 2.558561e+00 2.331768e+00 1.652317e+00 -1.116129e+00 1.448467e+00 1.174620e+00 -1.116125e+00
2454939.949438 2.333412e+00 2.331743e+00 1.652358e+00 -1.116122e+00 1.448481e+00 1.174586e+00 -1.116119e+00
2454939.954348 2.128074e+00 2.331719e+00 1.652398e+00 -1.116116e+00 1.448495e+00 1.174552e+00 -1.116113e+00
2454945.871847 1.923941e+00 2.301583e+00 1.701179e+00 -1.108477e+00 1.469574e+00 1.136002e+00 -1.108474e+00
2454945.877347 2.109551e+00 2.301554e+00 1.701224e+00 -1.108470e+00 1.469597e+00 1.135969e+00 -1.108467e+00
2454945.882747 2.109541e+00 2.301526e+00 1.701268e+00 -1.108463e+00 1.469620e+00 1.135936e+00 -1.108459e+00
2454945.888157 2.109532e+00 2.301498e+00 1.701312e+00 -1.108455e+00 1.469643e+00 1.135903e+00 -1.108452e+00
2454964.734405 2.371233e+00 2.200067e+00 1.852535e+00 -1.081490e+00 1.584577e+00 1.051148e+00 -1.081487e+00
2454964.740445 2.600058e+00 2.200033e+00 1.852583e+00 -1.081480e+00 1.584624e+00 1.051132e+00 -1.081477e+00
2454964.746535 2.162679e+00 2.199999e+00 1.852630e+00 -1.081471e+00 1.584671e+00 1.051115e+00 -1.081468e+00
2454964.752575 1.640593e+00 2.199966e+00 1.852678e+00 -1.081462e+00 1.584718e+00 1.051099e+00 -1.081459e+00
2454974.656756 2.059730e+00 2.143439e+00 1.929482e+00 -1.065711e+00 1.668587e+00 1.035232e+00 -1.065709e+00
2454974.662176 1.878551e+00 2.143408e+00 1.929524e+00 -1.065702e+00 1.668636e+00 1.035230e+00 -1.065700e+00
2454974.667556 2.059848e+00 2.143377e+00 1.929565e+00 -1.065693e+00 1.668685e+00 1.035227e+00 -1.065691e+00
2454974.672905 2.715486e+00 2.143345e+00 1.929606e+00 -1.065685e+00 1.668734e+00 1.035225e+00 -1.065682e+00
2454983.712835 2.868085e+00 2.089880e+00 1.998023e+00 -1.050378e+00 1.755108e+00 1.040824e+00 -1.050375e+00
2454983.719404 2.615841e+00 2.089841e+00 1.998072e+00 -1.050366e+00 1.755173e+00 1.040836e+00 -1.050364e+00
2454983.732764 2.385890e+00 2.089760e+00 1.998172e+00 -1.050343e+00 1.755306e+00 1.040859e+00 -1.050341e+00
2454998.706926 1.687639e+00 1.997388e+00 2.107827e+00 -1.023070e+00 1.909990e+00 1.095727e+00 -1.023068e+00
2454998.712326 1.403780e+00 1.997354e+00 2.107865e+00 -1.023060e+00 1.910047e+00 1.095757e+00 -1.023058e+00
2454998.717835 1.539286e+00 1.997319e+00 2.107905e+00 -1.023049e+00 1.910105e+00 1.095788e+00 -1.023047e+00
2454998.723275 1.280380e+00 1.997284e+00 2.107944e+00 -1.023039e+00 1.910163e+00 1.095819e+00 -1.023037e+00
2455044.651685 1.940640e+00 1.686646e+00 2.413388e+00 -9.251948e-01 2.324097e+00 1.623590e+00 -9.251952e-01
2455044.656095 1.769953e+00 1.686614e+00 2.413415e+00 -9.251844e-01 2.324123e+00 1.623665e+00 -9.251848e-01
2455044.660544 1.940792e+00 1.686582e+00 2.413442e+00 -9.251740e-01 2.324150e+00 1.623740e+00 -9.251744e-01
2455044.664884 7.726729e-01 1.686551e+00 2.413469e+00 -9.251638e-01 2.324175e+00 1.623813e+00 -9.251642e-01
1 0.5
