2	0.5	1000	 1	period_start period_step period_end fixed/free
0.0				initial epoch
0.0				initial rotation angle      
0.1				convexity weight      
3 3				degree and order of spherical harmonics      
6				number of rows        
0.5	1			scattering parameters
0.1	1
-0.5	1     
0.1	0			LS coeff                 
50				iteration stop condidion
10				minimum number of iterations (only if the above value < 1)
5				Alamda multiplicative factor
0.1				Alamda initial value
1
100 0 0.12 2006.1-2009.6 V 703_CATALINA
2453761.956818 7.880498e-01 2.324548e+00 4.458041e-01 -2.173943e-01 1.742084e+00 1.239685e+00 -2.173884e-01
2453761.963889 5.977496e-01 2.324537e+00 4.458809e-01 -2.173865e-01 1.741973e+00 1.239689e+00 -2.173806e-01
2453761.970949 6.553673e-01 2.324527e+00 4.459575e-01 -2.173788e-01 1.741863e+00 1.239694e+00 -2.173729e-01
2453761.978020 9.472192e-01 2.324516e+00 4.460342e-01 -2.173710e-01 1.741752e+00 1.239698e+00 -2.173651e-01
2453831.868486 1.106266e+00 2.098141e+00 1.167866e+00 -1.305889e-01 1.137835e+00 8.864201e-01 -1.305885e-01
2453831.874966 1.106222e+00 2.098110e+00 1.167929e+00 -1.305801e-01 1.137833e+00 8.863751e-01 -1.305797e-01
2453831.881446 1.212901e+00 2.098078e+00 1.167991e+00 -1.305712e-01 1.137831e+00 8.863301e-01 -1.305709e-01
2453831.888166 1.212851e+00 2.098045e+00 1.168056e+00 -1.305621e-01 1.137829e+00 8.862834e-01 -1.305617e-01
2453844.864529 1.519912e+00 2.030898e+00 1.290816e+00 -1.126529e-01 1.153115e+00 8.027044e-01 -1.126538e-01
2453844.872620 1.264191e+00 2.030854e+00 1.290891e+00 -1.126416e-01 1.153137e+00 8.026573e-01 -1.126425e-01
2453844.880700 1.519874e+00 2.030810e+00 1.290966e+00 -1.126303e-01 1.153158e+00 8.026104e-01 -1.126312e-01
2453844.888820 1.666487e+00 2.030766e+00 1.291042e+00 -1.126189e-01 1.153179e+00 8.025632e-01 -1.126199e-01
2453874.754220 1.181619e+00 1.849204e+00 1.555430e+00 -6.998504e-02 1.313938e+00 6.969549e-01 -6.998857e-02
2453874.762920 9.829022e-01 1.849146e+00 1.555503e+00 -6.997240e-02 1.314005e+00 6.969481e-01 -6.997593e-02
2453874.771589 1.181797e+00 1.849088e+00 1.555575e+00 -6.995979e-02 1.314071e+00 6.969414e-01 -6.996332e-02
2453874.780249 1.077893e+00 1.849031e+00 1.555648e+00 -6.994720e-02 1.314137e+00 6.969347e-01 -6.995073e-02
2453874.786169 1.295979e+00 1.848991e+00 1.555698e+00 -6.993859e-02 1.314182e+00 6.969302e-01 -6.994212e-02
2453874.793699 1.296064e+00 1.848941e+00 1.555761e+00 -6.992764e-02 1.314240e+00 6.969244e-01 -6.993117e-02
2453881.731717 1.050085e+00 1.801665e+00 1.613183e+00 -5.980565e-02 1.369795e+00 6.968475e-01 -5.980966e-02
2453881.742926 1.050205e+00 1.801588e+00 1.613274e+00 -5.978925e-02 1.369888e+00 6.968561e-01 -5.979325e-02
2453881.754146 8.736230e-01 1.801510e+00 1.613366e+00 -5.977283e-02 1.369982e+00 6.968647e-01 -5.977683e-02
2453881.765335 8.737230e-01 1.801432e+00 1.613457e+00 -5.975645e-02 1.370075e+00 6.968733e-01 -5.976046e-02
2454348.807453 1.184791e+00 -2.194771e+00 6.120378e-01 2.937745e-01 -1.234344e+00 3.048854e-01 2.937715e-01
2454348.813983 1.184773e+00 -2.194788e+00 6.119655e-01 2.937702e-01 -1.234328e+00 3.049196e-01 2.937672e-01
2454348.820703 1.299058e+00 -2.194805e+00 6.118910e-01 2.937657e-01 -1.234313e+00 3.049549e-01 2.937627e-01
2454348.827583 1.299038e+00 -2.194823e+00 6.118148e-01 2.937611e-01 -1.234296e+00 3.049910e-01 2.937581e-01
2454357.782734 1.293113e+00 -2.215926e+00 5.120549e-01 2.875277e-01 -1.222323e+00 3.544012e-01 2.875250e-01
2454357.789184 1.293123e+00 -2.215939e+00 5.119827e-01 2.875230e-01 -1.222321e+00 3.544382e-01 2.875203e-01
2454357.795704 9.809417e-01 -2.215953e+00 5.119096e-01 2.875183e-01 -1.222319e+00 3.544755e-01 2.875156e-01
2454357.802214 9.809495e-01 -2.215967e+00 5.118367e-01 2.875135e-01 -1.222317e+00 3.545128e-01 2.875108e-01
2454384.632662 8.694330e-01 -2.252800e+00 2.076821e-01 2.654848e-01 -1.299633e+00 5.049880e-01 2.654832e-01
2454384.639712 7.929857e-01 -2.252804e+00 2.076014e-01 2.654783e-01 -1.299675e+00 5.050227e-01 2.654767e-01
2454384.646752 7.930389e-01 -2.252808e+00 2.075209e-01 2.654719e-01 -1.299718e+00 5.050573e-01 2.654703e-01
2454384.653811 7.233088e-01 -2.252813e+00 2.074402e-01 2.654655e-01 -1.299760e+00 5.050920e-01 2.654639e-01
2454411.609167 7.451101e-01 -2.248954e+00 -1.018710e-01 2.385210e-01 -1.538322e+00 5.890146e-01 2.385207e-01
2454411.616666 8.170724e-01 -2.248947e+00 -1.019571e-01 2.385128e-01 -1.538407e+00 5.890206e-01 2.385126e-01
2454411.624186 6.796742e-01 -2.248940e+00 -1.020434e-01 2.385047e-01 -1.538493e+00 5.890265e-01 2.385044e-01
2454411.631685 8.172236e-01 -2.248933e+00 -1.021294e-01 2.384966e-01 -1.538578e+00 5.890325e-01 2.384963e-01
2454466.572569 5.054546e-01 -2.112308e+00 -7.204350e-01 1.704625e-01 -2.281258e+00 2.482254e-01 1.704647e-01
2454466.578019 4.610042e-01 -2.112286e+00 -7.204943e-01 1.704550e-01 -2.281330e+00 2.481496e-01 1.704572e-01
2454466.583449 7.306805e-01 -2.112264e+00 -7.205534e-01 1.704476e-01 -2.281402e+00 2.480741e-01 1.704497e-01
2454466.588958 9.632754e-01 -2.112241e+00 -7.206133e-01 1.704400e-01 -2.281474e+00 2.479975e-01 1.704421e-01
2454477.556716 6.128957e-01 -2.064540e+00 -8.387553e-01 1.550662e-01 -2.418398e+00 7.880101e-02 1.550686e-01
2454477.560895 6.129181e-01 -2.064521e+00 -8.387999e-01 1.550603e-01 -2.418447e+00 7.873033e-02 1.550627e-01
2454477.565065 6.720759e-01 -2.064501e+00 -8.388443e-01 1.550543e-01 -2.418495e+00 7.865981e-02 1.550567e-01
2454477.569255 8.860010e-01 -2.064482e+00 -8.388889e-01 1.550483e-01 -2.418544e+00 7.858895e-02 1.550508e-01
2454478.559522 4.689969e-01 -2.059848e+00 -8.494294e-01 1.536352e-01 -2.430029e+00 6.171108e-02 1.536376e-01
2454478.563782 3.244785e-01 -2.059828e+00 -8.494747e-01 1.536291e-01 -2.430078e+00 6.163793e-02 1.536315e-01
2454478.568071 4.277620e-01 -2.059808e+00 -8.495203e-01 1.536230e-01 -2.430127e+00 6.156425e-02 1.536254e-01
2454478.572361 5.639211e-01 -2.059787e+00 -8.495659e-01 1.536168e-01 -2.430176e+00 6.149057e-02 1.536193e-01
2454766.939193 5.581987e-01 7.645925e-01 -2.079551e+00 -2.623391e-01 1.585891e+00 -1.520184e+00 -2.623403e-01
2454766.947493 5.581525e-01 7.646844e-01 -2.079520e+00 -2.623465e-01 1.585900e+00 -1.520035e+00 -2.623477e-01
2454766.956804 6.709845e-01 7.647875e-01 -2.079485e+00 -2.623548e-01 1.585910e+00 -1.519868e+00 -2.623560e-01
2454766.965035 8.066344e-01 7.648786e-01 -2.079454e+00 -2.623621e-01 1.585919e+00 -1.519720e+00 -2.623633e-01
2454777.922835 8.653858e-01 8.848829e-01 -2.034818e+00 -2.717271e-01 1.582454e+00 -1.331097e+00 -2.717278e-01
2454777.935256 6.563742e-01 8.850174e-01 -2.034764e+00 -2.717372e-01 1.582434e+00 -1.330893e+00 -2.717380e-01
2454777.947717 5.985399e-01 8.851524e-01 -2.034709e+00 -2.717474e-01 1.582413e+00 -1.330689e+00 -2.717481e-01
2454777.960198 7.195061e-01 8.852875e-01 -2.034655e+00 -2.717576e-01 1.582392e+00 -1.330484e+00 -2.717583e-01
2454793.006221 9.619811e-01 1.045398e+00 -1.962836e+00 -2.832005e-01 1.532534e+00 -1.103795e+00 -2.832004e-01
2454793.010961 7.296966e-01 1.045448e+00 -1.962811e+00 -2.832038e-01 1.532511e+00 -1.103731e+00 -2.832038e-01
2454793.015741 5.535003e-01 1.045498e+00 -1.962786e+00 -2.832072e-01 1.532488e+00 -1.103666e+00 -2.832072e-01
2454793.020612 7.296137e-01 1.045549e+00 -1.962761e+00 -2.832106e-01 1.532465e+00 -1.103599e+00 -2.832106e-01
2454859.729694 1.001933e+00 1.669377e+00 -1.512500e+00 -3.131796e-01 1.058967e+00 -7.396554e-01 -3.131770e-01
2454859.735114 1.001911e+00 1.669421e+00 -1.512456e+00 -3.131807e-01 1.058936e+00 -7.396692e-01 -3.131780e-01
2454859.740544 1.001888e+00 1.669464e+00 -1.512412e+00 -3.131817e-01 1.058905e+00 -7.396831e-01 -3.131790e-01
2454859.746014 1.098524e+00 1.669509e+00 -1.512367e+00 -3.131827e-01 1.058874e+00 -7.396970e-01 -3.131800e-01
2454866.755792 9.822648e-01 1.725219e+00 -1.454096e+00 -3.143104e-01 1.022880e+00 -7.623334e-01 -3.143076e-01
2454866.764812 9.822519e-01 1.725290e+00 -1.454020e+00 -3.143116e-01 1.022839e+00 -7.623684e-01 -3.143088e-01
2454866.773832 1.180912e+00 1.725360e+00 -1.453944e+00 -3.143128e-01 1.022798e+00 -7.624034e-01 -3.143100e-01
2454883.769965 1.113531e+00 1.851509e+00 -1.305385e+00 -3.154419e-01 9.731620e-01 -8.507843e-01 -3.154389e-01
2454883.783205 1.113609e+00 1.851602e+00 -1.305266e+00 -3.154419e-01 9.731468e-01 -8.508680e-01 -3.154389e-01
2454883.789935 1.113649e+00 1.851649e+00 -1.305205e+00 -3.154419e-01 9.731391e-01 -8.509105e-01 -3.154389e-01
2454884.663798 1.118970e+00 1.857783e+00 -1.297304e+00 -3.154387e-01 9.722246e-01 -8.564730e-01 -3.154357e-01
2454884.669258 1.119005e+00 1.857821e+00 -1.297255e+00 -3.154386e-01 9.722194e-01 -8.565080e-01 -3.154357e-01
2454884.674728 1.227003e+00 1.857860e+00 -1.297205e+00 -3.154386e-01 9.722142e-01 -8.565431e-01 -3.154356e-01
2454884.680068 1.227039e+00 1.857897e+00 -1.297157e+00 -3.154385e-01 9.722092e-01 -8.565774e-01 -3.154356e-01
2454892.809150 1.080532e+00 1.913259e+00 -1.222503e+00 -3.151231e-01 9.721296e-01 -9.116806e-01 -3.151201e-01
2454892.815840 1.080592e+00 1.913303e+00 -1.222440e+00 -3.151226e-01 9.721359e-01 -9.117280e-01 -3.151196e-01
2454892.822570 1.080653e+00 1.913347e+00 -1.222378e+00 -3.151221e-01 9.721423e-01 -9.117758e-01 -3.151191e-01
2454892.829340 9.856226e-01 1.913392e+00 -1.222315e+00 -3.151216e-01 9.721487e-01 -9.118238e-01 -3.151187e-01
2454914.688635 7.199165e-01 2.046653e+00 -1.012094e+00 -3.117450e-01 1.051561e+00 -1.073763e+00 -3.117419e-01
2454914.700934 6.566749e-01 2.046721e+00 -1.011972e+00 -3.117420e-01 1.051639e+00 -1.073853e+00 -3.117390e-01
2454914.712983 6.567759e-01 2.046788e+00 -1.011853e+00 -3.117392e-01 1.051716e+00 -1.073941e+00 -3.117362e-01
2454914.725263 7.897421e-01 2.046857e+00 -1.011731e+00 -3.117362e-01 1.051794e+00 -1.074031e+00 -3.117332e-01
2454939.666955 9.189709e-01 2.169956e+00 -7.577251e-01 -3.034880e-01 1.284470e+00 -1.231198e+00 -3.034849e-01
2454939.671814 6.971568e-01 2.169977e+00 -7.576744e-01 -3.034859e-01 1.284529e+00 -1.231221e+00 -3.034829e-01
2454939.676714 8.382226e-01 2.169998e+00 -7.576232e-01 -3.034839e-01 1.284589e+00 -1.231245e+00 -3.034808e-01
2454939.681514 7.645179e-01 2.170018e+00 -7.575732e-01 -3.034818e-01 1.284647e+00 -1.231268e+00 -3.034788e-01
2454964.675200 3.846053e-01 2.261243e+00 -4.918087e-01 -2.907212e-01 1.644962e+00 -1.292571e+00 -2.907183e-01
2454964.683150 4.624427e-01 2.261266e+00 -4.917228e-01 -2.907165e-01 1.645092e+00 -1.292569e+00 -2.907135e-01
2454964.691109 5.071079e-01 2.261290e+00 -4.916368e-01 -2.907117e-01 1.645222e+00 -1.292567e+00 -2.907088e-01
2454964.699069 6.097374e-01 2.261314e+00 -4.915508e-01 -2.907070e-01 1.645352e+00 -1.292565e+00 -2.907040e-01
2454976.668987 7.706633e-01 2.293362e+00 -3.614865e-01 -2.830770e-01 1.848791e+00 -1.271583e+00 -2.830743e-01
2454976.676856 7.029163e-01 2.293380e+00 -3.614006e-01 -2.830717e-01 1.848929e+00 -1.271557e+00 -2.830690e-01
2454976.684636 6.411244e-01 2.293399e+00 -3.613156e-01 -2.830664e-01 1.849065e+00 -1.271531e+00 -2.830637e-01
2454976.692535 6.411823e-01 2.293417e+00 -3.612293e-01 -2.830610e-01 1.849204e+00 -1.271505e+00 -2.830583e-01
2454998.649912 8.866334e-01 2.332415e+00 -1.198380e-01 -2.666488e-01 2.244056e+00 -1.131850e+00 -2.666468e-01
2454998.655421 7.375091e-01 2.332421e+00 -1.197771e-01 -2.666443e-01 2.244156e+00 -1.131797e+00 -2.666423e-01
2454998.660921 4.244147e-01 2.332428e+00 -1.197164e-01 -2.666398e-01 2.244255e+00 -1.131745e+00 -2.666378e-01
2454998.666311 6.134983e-01 2.332434e+00 -1.196569e-01 -2.666354e-01 2.244352e+00 -1.131694e+00 -2.666334e-01
1 0.5
