2	0.5	1000	 1	period_start period_step period_end fixed/free
0.0				initial epoch
0.0				initial rotation angle      
0.1				convexity weight      
3 3				degree and order of spherical harmonics      
6				number of rows        
0.5	1			scattering parameters
0.1	1
-0.5	1     
0.1	0			LS coeff                 
50				iteration stop condidion
10				minimum number of iterations (only if the above value < 1)
5				Alamda multiplicative factor
0.1				Alamda initial value
1
102 0 0.12 2005.10-2008.4 V 703_CATALINA
2453670.799350 4.951437e+00 -2.271081e+00 -1.823109e+00 6.975442e-01 -1.446176e+00 -1.268950e+00 6.975477e-01
2453670.807921 4.515664e+00 -2.271026e+00 -1.823176e+00 6.975272e-01 -1.446206e+00 -1.268894e+00 6.975307e-01
2453670.816681 4.515563e+00 -2.270971e+00 -1.823243e+00 6.975099e-01 -1.446236e+00 -1.268838e+00 6.975134e-01
2453670.825241 3.755802e+00 -2.270916e+00 -1.823310e+00 6.974929e-01 -1.446266e+00 -1.268782e+00 6.974965e-01
2453675.807704 5.378568e+00 -2.238866e+00 -1.861676e+00 6.875297e-01 -1.466473e+00 -1.238496e+00 6.875337e-01
2453675.816414 5.378512e+00 -2.238809e+00 -1.861742e+00 6.875121e-01 -1.466513e+00 -1.238447e+00 6.875161e-01
2453675.825154 4.473603e+00 -2.238752e+00 -1.861809e+00 6.874944e-01 -1.466553e+00 -1.238397e+00 6.874985e-01
2453675.833904 5.378401e+00 -2.238696e+00 -1.861876e+00 6.874768e-01 -1.466593e+00 -1.238348e+00 6.874808e-01
2453678.789531 4.893899e+00 -2.219391e+00 -1.884393e+00 6.814767e-01 -1.481072e+00 -1.222334e+00 6.814810e-01
2453678.795351 5.366041e+00 -2.219352e+00 -1.884437e+00 6.814648e-01 -1.481102e+00 -1.222304e+00 6.814691e-01
2453678.801161 5.366030e+00 -2.219314e+00 -1.884481e+00 6.814529e-01 -1.481132e+00 -1.222274e+00 6.814573e-01
2453678.806961 5.883721e+00 -2.219276e+00 -1.884525e+00 6.814411e-01 -1.481162e+00 -1.222244e+00 6.814455e-01
2453704.764444 4.827221e+00 -2.040683e+00 -2.074167e+00 6.259671e-01 -1.672308e+00 -1.159350e+00 6.259734e-01
2453704.773023 4.402708e+00 -2.040622e+00 -2.074227e+00 6.259480e-01 -1.672386e+00 -1.159356e+00 6.259543e-01
2453704.781593 3.339970e+00 -2.040560e+00 -2.074287e+00 6.259288e-01 -1.672463e+00 -1.159362e+00 6.259351e-01
2453704.790193 3.340144e+00 -2.040498e+00 -2.074347e+00 6.259096e-01 -1.672541e+00 -1.159367e+00 6.259159e-01
2453710.730186 3.473984e+00 -1.997413e+00 -2.115594e+00 6.125351e-01 -1.727765e+00 -1.167910e+00 6.125417e-01
2453710.738196 3.474183e+00 -1.997355e+00 -2.115649e+00 6.125169e-01 -1.727841e+00 -1.167928e+00 6.125235e-01
2453710.746245 3.809584e+00 -1.997296e+00 -2.115705e+00 6.124986e-01 -1.727918e+00 -1.167946e+00 6.125052e-01
2453710.754265 3.809802e+00 -1.997237e+00 -2.115760e+00 6.124804e-01 -1.727994e+00 -1.167964e+00 6.124870e-01
2453729.644992 3.711024e+00 -1.855012e+00 -2.241247e+00 5.683496e-01 -1.912617e+00 -1.259404e+00 5.683565e-01
2453729.652971 3.384744e+00 -1.854950e+00 -2.241298e+00 5.683304e-01 -1.912695e+00 -1.259464e+00 5.683374e-01
2453729.660971 3.087152e+00 -1.854888e+00 -2.241350e+00 5.683112e-01 -1.912772e+00 -1.259524e+00 5.683182e-01
2453729.668920 3.087379e+00 -1.854827e+00 -2.241401e+00 5.682922e-01 -1.912850e+00 -1.259583e+00 5.682991e-01
2453733.652655 3.204998e+00 -1.823855e+00 -2.266720e+00 5.586857e-01 -1.951211e+00 -1.291620e+00 5.586927e-01
2453733.659714 2.923189e+00 -1.823800e+00 -2.266765e+00 5.586686e-01 -1.951278e+00 -1.291680e+00 5.586756e-01
2453733.666574 3.205422e+00 -1.823746e+00 -2.266808e+00 5.586520e-01 -1.951343e+00 -1.291739e+00 5.586589e-01
2453733.673903 3.205645e+00 -1.823689e+00 -2.266854e+00 5.586342e-01 -1.951413e+00 -1.291802e+00 5.586412e-01
2453741.606575 3.794002e+00 -1.761038e+00 -2.316043e+00 5.392054e-01 -2.024603e+00 -1.368696e+00 5.392122e-01
2453741.615104 3.794316e+00 -1.760970e+00 -2.316095e+00 5.391843e-01 -2.024679e+00 -1.368788e+00 5.391911e-01
2453741.623624 2.394250e+00 -1.760902e+00 -2.316147e+00 5.391632e-01 -2.024755e+00 -1.368880e+00 5.391700e-01
2453763.585588 3.558819e+00 -1.580962e+00 -2.443519e+00 4.833877e-01 -2.186233e+00 -1.666644e+00 4.833935e-01
2453763.593667 2.960321e+00 -1.580894e+00 -2.443564e+00 4.833666e-01 -2.186277e+00 -1.666774e+00 4.833725e-01
2453763.601787 3.559360e+00 -1.580826e+00 -2.443609e+00 4.833455e-01 -2.186321e+00 -1.666905e+00 4.833513e-01
2453999.962884 2.908815e+00 6.839564e-01 -2.846827e+00 -2.164658e-01 1.687474e+00 -2.877634e+00 -2.164673e-01
2453999.967584 3.497055e+00 6.840020e-01 -2.846816e+00 -2.164799e-01 1.687521e+00 -2.877542e+00 -2.164814e-01
2453999.972265 3.189252e+00 6.840475e-01 -2.846805e+00 -2.164939e-01 1.687567e+00 -2.877451e+00 -2.164954e-01
2453999.976965 3.834204e+00 6.840931e-01 -2.846794e+00 -2.165080e-01 1.687614e+00 -2.877360e+00 -2.165095e-01
2454009.947460 3.259258e+00 7.805060e-01 -2.822297e+00 -2.462220e-01 1.771853e+00 -2.682436e+00 -2.462226e-01
2454009.956090 2.710759e+00 7.805891e-01 -2.822274e+00 -2.462476e-01 1.771913e+00 -2.682267e+00 -2.462482e-01
2454009.964711 2.710586e+00 7.806720e-01 -2.822251e+00 -2.462732e-01 1.771973e+00 -2.682098e+00 -2.462738e-01
2454009.973392 2.254422e+00 7.807556e-01 -2.822229e+00 -2.462989e-01 1.772033e+00 -2.681928e+00 -2.462995e-01
2454029.934981 3.040662e+00 9.709376e-01 -2.763381e+00 -3.048928e-01 1.851551e+00 -2.299189e+00 -3.048918e-01
2454029.944952 2.772876e+00 9.710316e-01 -2.763348e+00 -3.049218e-01 1.851562e+00 -2.299006e+00 -3.049207e-01
2454029.954943 2.772635e+00 9.711257e-01 -2.763315e+00 -3.049508e-01 1.851573e+00 -2.298822e+00 -3.049497e-01
2454029.965673 2.528436e+00 9.712268e-01 -2.763280e+00 -3.049819e-01 1.851585e+00 -2.298624e+00 -3.049808e-01
2454036.939562 2.605182e+00 1.036655e+00 -2.739688e+00 -3.251336e-01 1.852768e+00 -2.173022e+00 -3.251319e-01
2454036.946142 2.375812e+00 1.036716e+00 -2.739665e+00 -3.251525e-01 1.852763e+00 -2.172906e+00 -3.251508e-01
2454054.938176 2.640142e+00 1.202739e+00 -2.671726e+00 -3.762722e-01 1.800422e+00 -1.883596e+00 -3.762693e-01
2454054.944747 2.407684e+00 1.202799e+00 -2.671700e+00 -3.762907e-01 1.800390e+00 -1.883502e+00 -3.762877e-01
2454054.951317 2.195693e+00 1.202859e+00 -2.671673e+00 -3.763091e-01 1.800358e+00 -1.883407e+00 -3.763062e-01
2454054.957858 3.479715e+00 1.202918e+00 -2.671646e+00 -3.763274e-01 1.800326e+00 -1.883313e+00 -3.763245e-01
2454062.906986 2.676815e+00 1.274875e+00 -2.638446e+00 -3.984765e-01 1.755644e+00 -1.775907e+00 -3.984731e-01
2454062.913576 3.218031e+00 1.274934e+00 -2.638417e+00 -3.984948e-01 1.755602e+00 -1.775823e+00 -3.984914e-01
2454062.920177 2.676468e+00 1.274993e+00 -2.638389e+00 -3.985130e-01 1.755561e+00 -1.775740e+00 -3.985096e-01
2454062.926827 2.934496e+00 1.275053e+00 -2.638360e+00 -3.985315e-01 1.755519e+00 -1.775656e+00 -3.985281e-01
2454094.835205 3.175887e+00 1.554134e+00 -2.486204e+00 -4.843924e-01 1.497727e+00 -1.504302e+00 -4.843879e-01
2454094.845656 3.482020e+00 1.554223e+00 -2.486149e+00 -4.844197e-01 1.497633e+00 -1.504259e+00 -4.844152e-01
2454094.856116 3.481748e+00 1.554312e+00 -2.486095e+00 -4.844470e-01 1.497539e+00 -1.504215e+00 -4.844425e-01
2454094.866617 4.185654e+00 1.554401e+00 -2.486040e+00 -4.844744e-01 1.497445e+00 -1.504171e+00 -4.844698e-01
2454117.788201 4.474250e+00 1.744030e+00 -2.358982e+00 -5.427707e-01 1.302367e+00 -1.479946e+00 -5.427662e-01
2454117.794721 4.474181e+00 1.744083e+00 -2.358943e+00 -5.427868e-01 1.302318e+00 -1.479959e+00 -5.427823e-01
2454117.801211 4.905769e+00 1.744135e+00 -2.358905e+00 -5.428029e-01 1.302269e+00 -1.479971e+00 -5.427984e-01
2454117.807731 4.474044e+00 1.744187e+00 -2.358867e+00 -5.428190e-01 1.302219e+00 -1.479984e+00 -5.428145e-01
2454125.677906 3.360511e+00 1.806989e+00 -2.312005e+00 -5.621168e-01 1.246488e+00 -1.502706e+00 -5.621125e-01
2454125.688986 4.430008e+00 1.807077e+00 -2.311938e+00 -5.621437e-01 1.246415e+00 -1.502748e+00 -5.621394e-01
2454125.700086 4.430002e+00 1.807165e+00 -2.311871e+00 -5.621706e-01 1.246343e+00 -1.502790e+00 -5.621663e-01
2454125.711206 4.857396e+00 1.807253e+00 -2.311804e+00 -5.621976e-01 1.246271e+00 -1.502833e+00 -5.621933e-01
2454149.649355 3.626820e+00 1.990469e+00 -2.159653e+00 -6.184671e-01 1.143394e+00 -1.650617e+00 -6.184638e-01
2454149.658005 3.627016e+00 1.990533e+00 -2.159596e+00 -6.184867e-01 1.143379e+00 -1.650688e+00 -6.184834e-01
2454156.665682 3.808486e+00 2.041849e+00 -2.112438e+00 -6.342383e-01 1.137168e+00 -1.710891e+00 -6.342354e-01
2454156.672922 3.167936e+00 2.041902e+00 -2.112388e+00 -6.342544e-01 1.137168e+00 -1.710956e+00 -6.342515e-01
2454156.690141 3.168354e+00 2.042026e+00 -2.112271e+00 -6.342927e-01 1.137168e+00 -1.711111e+00 -6.342898e-01
2454156.697401 3.474224e+00 2.042079e+00 -2.112222e+00 -6.343088e-01 1.137167e+00 -1.711176e+00 -6.343059e-01
2454259.635072 4.066901e+00 2.659686e+00 -1.305844e+00 -8.234400e-01 2.429417e+00 -2.294325e+00 -8.234440e-01
2454259.643051 3.382904e+00 2.659724e+00 -1.305775e+00 -8.234513e-01 2.429586e+00 -2.294287e+00 -8.234553e-01
2454259.651021 4.459803e+00 2.659761e+00 -1.305705e+00 -8.234627e-01 2.429755e+00 -2.294249e+00 -8.234667e-01
2454259.659000 4.460071e+00 2.659798e+00 -1.305636e+00 -8.234741e-01 2.429923e+00 -2.294212e+00 -8.234781e-01
2454455.007151 3.001854e+00 3.040550e+00 5.256778e-01 -9.375655e-01 3.072990e+00 1.508943e+00 -9.375638e-01
2454455.011781 3.608920e+00 3.040547e+00 5.257217e-01 -9.375644e-01 3.072906e+00 1.508989e+00 -9.375626e-01
2454455.016392 2.737569e+00 3.040543e+00 5.257654e-01 -9.375632e-01 3.072821e+00 1.509035e+00 -9.375614e-01
2454455.021052 2.737491e+00 3.040540e+00 5.258095e-01 -9.375620e-01 3.072736e+00 1.509082e+00 -9.375602e-01
2454498.011394 2.886129e+00 2.983296e+00 9.277675e-01 -9.191347e-01 2.325289e+00 1.661135e+00 -9.191320e-01
2454498.017875 3.164408e+00 2.983284e+00 9.278272e-01 -9.191308e-01 2.325191e+00 1.661120e+00 -9.191281e-01
2454498.024355 3.804251e+00 2.983272e+00 9.278868e-01 -9.191269e-01 2.325094e+00 1.661105e+00 -9.191242e-01
2454498.030806 2.400191e+00 2.983260e+00 9.279462e-01 -9.191230e-01 2.324998e+00 1.661090e+00 -9.191203e-01
2454529.884977 3.524385e+00 2.910231e+00 1.216647e+00 -8.960368e-01 1.956624e+00 1.488916e+00 -8.960343e-01
2454529.896938 3.213987e+00 2.910198e+00 1.216754e+00 -8.960266e-01 1.956532e+00 1.488824e+00 -8.960242e-01
2454529.908858 3.863715e+00 2.910166e+00 1.216860e+00 -8.960165e-01 1.956440e+00 1.488732e+00 -8.960141e-01
2454529.920819 2.930663e+00 2.910134e+00 1.216967e+00 -8.960064e-01 1.956349e+00 1.488640e+00 -8.960039e-01
2454555.848736 3.624568e+00 2.832321e+00 1.444402e+00 -8.715588e-01 1.848347e+00 1.272688e+00 -8.715571e-01
2454555.855836 3.624465e+00 2.832297e+00 1.444463e+00 -8.715514e-01 1.848343e+00 1.272628e+00 -8.715497e-01
2454555.862957 3.974034e+00 2.832274e+00 1.444524e+00 -8.715440e-01 1.848339e+00 1.272569e+00 -8.715423e-01
2454555.870077 3.624259e+00 2.832250e+00 1.444586e+00 -8.715366e-01 1.848334e+00 1.272509e+00 -8.715349e-01
2454563.917136 4.656694e+00 2.804865e+00 1.513593e+00 -8.629533e-01 1.851894e+00 1.206709e+00 -8.629519e-01
2454563.922566 3.532418e+00 2.804846e+00 1.513640e+00 -8.629473e-01 1.851902e+00 1.206666e+00 -8.629459e-01
2454563.927976 3.532374e+00 2.804827e+00 1.513686e+00 -8.629414e-01 1.851910e+00 1.206623e+00 -8.629400e-01
2454563.933406 3.221522e+00 2.804808e+00 1.513732e+00 -8.629354e-01 1.851918e+00 1.206580e+00 -8.629340e-01
2454572.800522 3.826704e+00 2.772900e+00 1.588834e+00 -8.529445e-01 1.875151e+00 1.140022e+00 -8.529435e-01
2454572.806062 4.600702e+00 2.772879e+00 1.588881e+00 -8.529381e-01 1.875172e+00 1.139983e+00 -8.529371e-01
2454572.811612 4.600693e+00 2.772859e+00 1.588928e+00 -8.529317e-01 1.875192e+00 1.139944e+00 -8.529307e-01
2454572.817152 3.826682e+00 2.772838e+00 1.588974e+00 -8.529253e-01 1.875213e+00 1.139905e+00 -8.529243e-01
1 0.5
