2	0.5	1000	 1	period_start period_step period_end fixed/free
0.0				initial epoch
0.0				initial rotation angle      
0.1				convexity weight      
3 3				degree and order of spherical harmonics      
6				number of rows        
0.5	1			scattering parameters
0.1	1
-0.5	1     
0.1	0			LS coeff                 
50				iteration stop condidion
10				minimum number of iterations (only if the above value < 1)
5				Alamda multiplicative factor
0.1				Alamda initial value
1
102 0 0.12 2006.9-2010.9 V 703_CATALINA
2454008.873610 5.237812e+00 -2.312470e+00 -1.967965e+00 1.467858e-01 -1.318409e+00 -1.846351e+00 1.467851e-01
2454008.885321 6.296582e+00 -2.312399e+00 -1.968050e+00 1.467728e-01 -1.318366e+00 -1.846237e+00 1.467721e-01
2454008.897042 6.295927e+00 -2.312327e+00 -1.968135e+00 1.467598e-01 -1.318322e+00 -1.846123e+00 1.467591e-01
2454008.908772 5.741353e+00 -2.312256e+00 -1.968221e+00 1.467468e-01 -1.318279e+00 -1.846009e+00 1.467461e-01
2454024.828989 6.101110e+00 -2.212682e+00 -2.081291e+00 1.288960e-01 -1.293167e+00 -1.696192e+00 1.288967e-01
2454024.836040 6.100835e+00 -2.212637e+00 -2.081340e+00 1.288881e-01 -1.293170e+00 -1.696130e+00 1.288887e-01
2454041.933571 6.806641e+00 -2.099131e+00 -2.196579e+00 1.093355e-01 -1.336430e+00 -1.561883e+00 1.093376e-01
2454041.937421 7.463272e+00 -2.099105e+00 -2.196604e+00 1.093311e-01 -1.336447e+00 -1.561857e+00 1.093331e-01
2454041.941281 7.463210e+00 -2.099079e+00 -2.196629e+00 1.093266e-01 -1.336464e+00 -1.561832e+00 1.093287e-01
2454041.945131 8.183178e+00 -2.099052e+00 -2.196655e+00 1.093222e-01 -1.336481e+00 -1.561806e+00 1.093242e-01
2454050.777486 8.903573e+00 -2.037862e+00 -2.253557e+00 9.908590e-02 -1.383607e+00 -1.510457e+00 9.908858e-02
2454050.788556 9.762615e+00 -2.037784e+00 -2.253627e+00 9.907301e-02 -1.383676e+00 -1.510402e+00 9.907569e-02
2454050.799626 9.762659e+00 -2.037707e+00 -2.253697e+00 9.906013e-02 -1.383744e+00 -1.510347e+00 9.906281e-02
2454050.810676 8.120264e+00 -2.037629e+00 -2.253767e+00 9.904727e-02 -1.383812e+00 -1.510293e+00 9.904995e-02
2454056.793469 8.182891e+00 -1.995222e+00 -2.291258e+00 9.206651e-02 -1.423801e+00 -1.484378e+00 9.206957e-02
2454056.800469 8.183014e+00 -1.995172e+00 -2.291301e+00 9.205832e-02 -1.423851e+00 -1.484353e+00 9.206138e-02
2454056.807468 8.183137e+00 -1.995122e+00 -2.291345e+00 9.205013e-02 -1.423901e+00 -1.484327e+00 9.205320e-02
2454056.814518 8.183261e+00 -1.995071e+00 -2.291388e+00 9.204188e-02 -1.423952e+00 -1.484301e+00 9.204495e-02
2454081.751754 6.463730e+00 -1.810380e+00 -2.438177e+00 6.260064e-02 -1.638924e+00 -1.468645e+00 6.260486e-02
2454081.758664 6.464085e+00 -1.810327e+00 -2.438216e+00 6.259242e-02 -1.638990e+00 -1.468663e+00 6.259664e-02
2454081.765573 7.088117e+00 -1.810274e+00 -2.438254e+00 6.258419e-02 -1.639056e+00 -1.468682e+00 6.258842e-02
2454081.772403 7.772391e+00 -1.810222e+00 -2.438292e+00 6.257607e-02 -1.639121e+00 -1.468700e+00 6.258029e-02
2454130.623145 4.156998e+00 -1.415131e+00 -2.678594e+00 3.891940e-03 -2.044749e+00 -1.921059e+00 3.896120e-03
2454130.628494 4.558299e+00 -1.415086e+00 -2.678617e+00 3.885480e-03 -2.044776e+00 -1.921141e+00 3.889660e-03
2454130.633894 2.876247e+00 -1.415040e+00 -2.678640e+00 3.878960e-03 -2.044803e+00 -1.921223e+00 3.883140e-03
2454130.639263 4.157663e+00 -1.414995e+00 -2.678663e+00 3.872480e-03 -2.044830e+00 -1.921306e+00 3.876650e-03
2454144.584337 5.209408e+00 -1.295181e+00 -2.735050e+00 -1.296289e-02 -2.092680e+00 -2.153096e+00 -1.295928e-02
2454144.590797 5.712341e+00 -1.295124e+00 -2.735075e+00 -1.297069e-02 -2.092691e+00 -2.153211e+00 -1.296708e-02
2454144.597256 4.333510e+00 -1.295068e+00 -2.735100e+00 -1.297848e-02 -2.092703e+00 -2.153326e+00 -1.297488e-02
2454144.603686 3.604668e+00 -1.295012e+00 -2.735124e+00 -1.298624e-02 -2.092714e+00 -2.153441e+00 -1.298263e-02
2454157.585208 5.319959e+00 -1.181052e+00 -2.782507e+00 -2.863475e-02 -2.092292e+00 -2.395530e+00 -2.863188e-02
2454157.592448 4.425213e+00 -1.180988e+00 -2.782532e+00 -2.864346e-02 -2.092279e+00 -2.395670e+00 -2.864059e-02
2454157.599677 3.357068e+00 -1.180924e+00 -2.782557e+00 -2.865216e-02 -2.092265e+00 -2.395810e+00 -2.864930e-02
2454157.606927 4.425741e+00 -1.180860e+00 -2.782582e+00 -2.866089e-02 -2.092252e+00 -2.395951e+00 -2.865802e-02
2454168.597102 5.797373e+00 -1.082705e+00 -2.818768e+00 -4.186947e-02 -2.053858e+00 -2.612924e+00 -4.186734e-02
2454168.601292 5.287431e+00 -1.082667e+00 -2.818781e+00 -4.187449e-02 -2.053836e+00 -2.613008e+00 -4.187237e-02
2454168.605511 5.287595e+00 -1.082629e+00 -2.818794e+00 -4.187955e-02 -2.053814e+00 -2.613093e+00 -4.187743e-02
2454168.609731 5.287760e+00 -1.082591e+00 -2.818807e+00 -4.188462e-02 -2.053793e+00 -2.613177e+00 -4.188249e-02
2454172.579707 5.966370e+00 -1.046783e+00 -2.830981e+00 -4.664344e-02 -2.030920e+00 -2.692864e+00 -4.664160e-02
2454172.582897 4.962723e+00 -1.046754e+00 -2.830990e+00 -4.664726e-02 -2.030899e+00 -2.692928e+00 -4.664542e-02
2454172.586096 5.966639e+00 -1.046725e+00 -2.831000e+00 -4.665109e-02 -2.030879e+00 -2.692992e+00 -4.664926e-02
2454172.589286 4.526260e+00 -1.046696e+00 -2.831010e+00 -4.665491e-02 -2.030859e+00 -2.693056e+00 -4.665308e-02
2454380.937463 4.486608e+00 9.290663e-01 -2.755368e+00 -2.656603e-01 1.900255e+00 -2.519075e+00 -2.656621e-01
2454380.942893 5.393830e+00 9.291160e-01 -2.755347e+00 -2.656647e-01 1.900281e+00 -2.518964e+00 -2.656665e-01
2454380.948304 6.484500e+00 9.291655e-01 -2.755326e+00 -2.656691e-01 1.900307e+00 -2.518853e+00 -2.656709e-01
2454380.953704 5.913652e+00 9.292149e-01 -2.755306e+00 -2.656735e-01 1.900333e+00 -2.518743e+00 -2.656753e-01
2454384.934944 3.947236e+00 9.655375e-01 -2.739854e+00 -2.688799e-01 1.917058e+00 -2.437607e+00 -2.688815e-01
2454384.942294 3.599679e+00 9.656044e-01 -2.739825e+00 -2.688857e-01 1.917084e+00 -2.437458e+00 -2.688873e-01
2454384.949615 3.946705e+00 9.656710e-01 -2.739796e+00 -2.688916e-01 1.917111e+00 -2.437310e+00 -2.688932e-01
2454384.956865 4.327189e+00 9.657370e-01 -2.739768e+00 -2.688974e-01 1.917137e+00 -2.437163e+00 -2.688990e-01
2454393.932652 4.356923e+00 1.046945e+00 -2.703030e+00 -2.759381e-01 1.937811e+00 -2.258058e+00 -2.759393e-01
2454393.939153 4.356644e+00 1.047003e+00 -2.703003e+00 -2.759431e-01 1.937818e+00 -2.257931e+00 -2.759443e-01
2454393.945703 3.623466e+00 1.047062e+00 -2.702975e+00 -2.759481e-01 1.937824e+00 -2.257803e+00 -2.759493e-01
2454393.952244 3.623233e+00 1.047121e+00 -2.702947e+00 -2.759532e-01 1.937831e+00 -2.257675e+00 -2.759543e-01
2454403.947515 4.729904e+00 1.136357e+00 -2.658960e+00 -2.834792e-01 1.934428e+00 -2.067952e+00 -2.834798e-01
2454403.952386 4.729662e+00 1.136400e+00 -2.658937e+00 -2.834828e-01 1.934420e+00 -2.067863e+00 -2.834834e-01
2454403.957256 4.313281e+00 1.136443e+00 -2.658915e+00 -2.834863e-01 1.934412e+00 -2.067774e+00 -2.834870e-01
2454403.962156 3.933556e+00 1.136487e+00 -2.658893e+00 -2.834900e-01 1.934404e+00 -2.067684e+00 -2.834906e-01
2454410.931057 3.035444e+00 1.197899e+00 -2.626322e+00 -2.885355e-01 1.916804e+00 -1.943806e+00 -2.885358e-01
2454410.935917 3.035282e+00 1.197941e+00 -2.626299e+00 -2.885389e-01 1.916787e+00 -1.943722e+00 -2.885392e-01
2454410.940778 3.327943e+00 1.197984e+00 -2.626276e+00 -2.885424e-01 1.916771e+00 -1.943639e+00 -2.885427e-01
2454410.945658 3.648822e+00 1.198027e+00 -2.626253e+00 -2.885458e-01 1.916754e+00 -1.943555e+00 -2.885462e-01
2454417.932861 4.449157e+00 1.258890e+00 -2.592042e+00 -2.934337e-01 1.887744e+00 -1.827917e+00 -2.934336e-01
2454417.940581 4.877976e+00 1.258957e+00 -2.592003e+00 -2.934390e-01 1.887706e+00 -1.827795e+00 -2.934389e-01
2454417.948342 4.056967e+00 1.259024e+00 -2.591964e+00 -2.934443e-01 1.887668e+00 -1.827672e+00 -2.934442e-01
2454417.956132 4.056609e+00 1.259092e+00 -2.591925e+00 -2.934497e-01 1.887630e+00 -1.827548e+00 -2.934496e-01
2454437.868344 3.526543e+00 1.428294e+00 -2.486015e+00 -3.064079e-01 1.754260e+00 -1.555702e+00 -3.064068e-01
2454437.881145 4.239197e+00 1.428401e+00 -2.485943e+00 -3.064157e-01 1.754155e+00 -1.555558e+00 -3.064146e-01
2454437.893916 3.865612e+00 1.428507e+00 -2.485871e+00 -3.064236e-01 1.754050e+00 -1.555414e+00 -3.064225e-01
2454437.906717 3.865029e+00 1.428613e+00 -2.485799e+00 -3.064314e-01 1.753945e+00 -1.555270e+00 -3.064303e-01
2454496.774073 6.475376e+00 1.884485e+00 -2.103163e+00 -3.356720e-01 1.242823e+00 -1.355674e+00 -3.356693e-01
2454496.778383 6.475326e+00 1.884515e+00 -2.103131e+00 -3.356736e-01 1.242797e+00 -1.355691e+00 -3.356709e-01
2454496.782693 6.475276e+00 1.884546e+00 -2.103099e+00 -3.356752e-01 1.242770e+00 -1.355708e+00 -3.356725e-01
2454496.787003 6.475226e+00 1.884576e+00 -2.103068e+00 -3.356769e-01 1.242743e+00 -1.355725e+00 -3.356741e-01
2454502.733925 7.063654e+00 1.926330e+00 -2.058967e+00 -3.378270e-01 1.208860e+00 -1.382627e+00 -3.378242e-01
2454502.741555 6.442134e+00 1.926383e+00 -2.058910e+00 -3.378296e-01 1.208820e+00 -1.382666e+00 -3.378269e-01
2454502.749145 5.875298e+00 1.926435e+00 -2.058853e+00 -3.378323e-01 1.208781e+00 -1.382704e+00 -3.378296e-01
2454502.756785 6.442141e+00 1.926488e+00 -2.058795e+00 -3.378350e-01 1.208742e+00 -1.382743e+00 -3.378322e-01
2454502.794365 6.442159e+00 1.926749e+00 -2.058514e+00 -3.378481e-01 1.208550e+00 -1.382935e+00 -3.378453e-01
2454502.801145 6.442163e+00 1.926796e+00 -2.058463e+00 -3.378504e-01 1.208515e+00 -1.382969e+00 -3.378477e-01
2454502.807905 7.063693e+00 1.926843e+00 -2.058412e+00 -3.378528e-01 1.208480e+00 -1.383004e+00 -3.378500e-01
2454502.814665 7.063697e+00 1.926890e+00 -2.058362e+00 -3.378551e-01 1.208446e+00 -1.383038e+00 -3.378524e-01
2454508.754177 6.480408e+00 1.967700e+00 -2.013364e+00 -3.398464e-01 1.181635e+00 -1.416413e+00 -3.398436e-01
2454508.760757 5.910275e+00 1.967745e+00 -2.013314e+00 -3.398485e-01 1.181609e+00 -1.416453e+00 -3.398458e-01
2454508.767327 5.910349e+00 1.967790e+00 -2.013264e+00 -3.398506e-01 1.181584e+00 -1.416493e+00 -3.398479e-01
2454508.773907 5.910422e+00 1.967835e+00 -2.013213e+00 -3.398527e-01 1.181558e+00 -1.416534e+00 -3.398500e-01
2454523.668344 5.716055e+00 2.066162e+00 -1.896342e+00 -3.441574e-01 1.149197e+00 -1.522629e+00 -3.441548e-01
2454523.675564 5.716294e+00 2.066208e+00 -1.896284e+00 -3.441592e-01 1.149194e+00 -1.522687e+00 -3.441567e-01
2454523.682764 5.213539e+00 2.066254e+00 -1.896226e+00 -3.441611e-01 1.149192e+00 -1.522744e+00 -3.441585e-01
2454523.689953 5.213756e+00 2.066300e+00 -1.896169e+00 -3.441629e-01 1.149189e+00 -1.522801e+00 -3.441603e-01
2454538.678309 5.297218e+00 2.159163e+00 -1.772993e+00 -3.474820e-01 1.172863e+00 -1.649372e+00 -3.474797e-01
2454538.685409 5.297532e+00 2.159206e+00 -1.772934e+00 -3.474833e-01 1.172889e+00 -1.649434e+00 -3.474811e-01
2454538.692499 4.831695e+00 2.159248e+00 -1.772874e+00 -3.474847e-01 1.172914e+00 -1.649496e+00 -3.474824e-01
2454538.699588 4.831982e+00 2.159290e+00 -1.772815e+00 -3.474860e-01 1.172939e+00 -1.649558e+00 -3.474837e-01
2454582.641832 4.214715e+00 2.393241e+00 -1.382493e+00 -3.511837e-01 1.580758e+00 -1.976337e+00 -3.511831e-01
2454582.648282 3.844098e+00 2.393271e+00 -1.382433e+00 -3.511836e-01 1.580852e+00 -1.976366e+00 -3.511830e-01
2454582.654862 3.844334e+00 2.393301e+00 -1.382372e+00 -3.511835e-01 1.580947e+00 -1.976397e+00 -3.511828e-01
2454582.661281 3.506285e+00 2.393331e+00 -1.382312e+00 -3.511833e-01 1.581040e+00 -1.976426e+00 -3.511827e-01
2455456.765727 6.922702e+00 -2.785943e+00 8.344853e-01 3.634797e-01 -1.786083e+00 7.315067e-01 3.634763e-01
2455456.772086 5.758242e+00 -2.785965e+00 8.344262e-01 3.634787e-01 -1.786095e+00 7.315560e-01 3.634753e-01
2455456.778496 6.313995e+00 -2.785987e+00 8.343666e-01 3.634777e-01 -1.786108e+00 7.316057e-01 3.634743e-01
2455456.784896 5.251923e+00 -2.786009e+00 8.343071e-01 3.634767e-01 -1.786120e+00 7.316553e-01 3.634733e-01
1 0.5
