2	0.5	1000	 1	period_start period_step period_end fixed/free
0.0				initial epoch
0.0				initial rotation angle      
0.1				convexity weight      
3 3				degree and order of spherical harmonics      
6				number of rows        
0.5	1			scattering parameters
0.1	1
-0.5	1     
0.1	0			LS coeff                 
50				iteration stop condidion
10				minimum number of iterations (only if the above value < 1)
5				Alamda multiplicative factor
0.1				Alamda initial value
1
101 0 0.12 2005.11-2009.5 V 703_CATALINA
2453704.558886 1.743498e+00 -2.625702e+00 1.387460e+00 2.476230e-03 -2.253991e+00 2.300962e+00 2.482520e-03
2453704.563615 1.322624e+00 -2.625722e+00 1.387416e+00 2.467650e-03 -2.254087e+00 2.300949e+00 2.473930e-03
2453704.567915 2.096282e+00 -2.625740e+00 1.387376e+00 2.459840e-03 -2.254175e+00 2.300937e+00 2.466130e-03
2453704.572415 1.911893e+00 -2.625758e+00 1.387335e+00 2.451670e-03 -2.254267e+00 2.300924e+00 2.457960e-03
2453997.766728 4.362001e+00 -2.421115e+00 -1.524166e+00 -4.436887e-01 -1.418849e+00 -1.592566e+00 -4.436904e-01
2453997.777279 4.361584e+00 -2.421057e+00 -1.524260e+00 -4.436988e-01 -1.418781e+00 -1.592480e+00 -4.437004e-01
2453997.787869 4.781923e+00 -2.420998e+00 -1.524355e+00 -4.437088e-01 -1.418712e+00 -1.592393e+00 -4.437105e-01
2453997.798110 4.360762e+00 -2.420941e+00 -1.524446e+00 -4.437186e-01 -1.418646e+00 -1.592309e+00 -4.437203e-01
2454006.884887 6.394813e+00 -2.369203e+00 -1.604539e+00 -4.521577e-01 -1.371009e+00 -1.516823e+00 -4.521586e-01
2454006.891367 6.394482e+00 -2.369165e+00 -1.604596e+00 -4.521636e-01 -1.370983e+00 -1.516769e+00 -4.521644e-01
2454006.897807 6.394154e+00 -2.369127e+00 -1.604652e+00 -4.521694e-01 -1.370957e+00 -1.516715e+00 -4.521702e-01
2454006.904348 5.831233e+00 -2.369089e+00 -1.604709e+00 -4.521753e-01 -1.370931e+00 -1.516661e+00 -4.521762e-01
2454027.791636 6.776142e+00 -2.241220e+00 -1.782578e+00 -4.698373e-01 -1.343422e+00 -1.351181e+00 -4.698364e-01
2454027.801836 6.775886e+00 -2.241155e+00 -1.782663e+00 -4.698454e-01 -1.343435e+00 -1.351109e+00 -4.698445e-01
2454027.812047 6.775629e+00 -2.241089e+00 -1.782748e+00 -4.698534e-01 -1.343449e+00 -1.351036e+00 -4.698525e-01
2454027.822217 6.775374e+00 -2.241024e+00 -1.782832e+00 -4.698614e-01 -1.343462e+00 -1.350963e+00 -4.698605e-01
2454035.780234 3.817724e+00 -2.189144e+00 -1.848166e+00 -4.759404e-01 -1.361496e+00 -1.297922e+00 -4.759389e-01
2454035.787474 4.186007e+00 -2.189096e+00 -1.848224e+00 -4.759458e-01 -1.361519e+00 -1.297877e+00 -4.759442e-01
2454035.794694 4.589814e+00 -2.189049e+00 -1.848283e+00 -4.759511e-01 -1.361542e+00 -1.297833e+00 -4.759496e-01
2454035.801894 4.185914e+00 -2.189001e+00 -1.848342e+00 -4.759565e-01 -1.361565e+00 -1.297789e+00 -4.759549e-01
2454054.715500 6.188863e+00 -2.059055e+00 -1.997850e+00 -4.889346e-01 -1.458261e+00 -1.212027e+00 -4.889317e-01
2454054.722060 6.189021e+00 -2.059008e+00 -1.997901e+00 -4.889387e-01 -1.458306e+00 -1.212009e+00 -4.889358e-01
2454054.728640 6.786299e+00 -2.058962e+00 -1.997951e+00 -4.889429e-01 -1.458351e+00 -1.211991e+00 -4.889400e-01
2454061.758216 4.429666e+00 -2.008375e+00 -2.051362e+00 -4.932329e-01 -1.510119e+00 -1.198546e+00 -4.932295e-01
2454061.769836 3.684680e+00 -2.008290e+00 -2.051450e+00 -4.932397e-01 -1.510211e+00 -1.198533e+00 -4.932364e-01
2454061.781545 4.040441e+00 -2.008205e+00 -2.051538e+00 -4.932466e-01 -1.510303e+00 -1.198520e+00 -4.932433e-01
2454110.636198 4.445671e+00 -1.625687e+00 -2.387756e+00 -5.149223e-01 -1.952186e+00 -1.460146e+00 -5.149177e-01
2454110.643178 3.698036e+00 -1.625628e+00 -2.387799e+00 -5.149244e-01 -1.952243e+00 -1.460230e+00 -5.149198e-01
2454110.650187 4.875343e+00 -1.625570e+00 -2.387843e+00 -5.149265e-01 -1.952300e+00 -1.460314e+00 -5.149219e-01
2454110.657177 4.055450e+00 -1.625512e+00 -2.387887e+00 -5.149285e-01 -1.952357e+00 -1.460398e+00 -5.149240e-01
2454116.677781 4.337017e+00 -1.574977e+00 -2.424848e+00 -5.166061e-01 -1.999174e+00 -1.537334e+00 -5.166016e-01
2454116.683880 4.337310e+00 -1.574925e+00 -2.424885e+00 -5.166077e-01 -1.999219e+00 -1.537416e+00 -5.166032e-01
2454116.689850 4.337598e+00 -1.574875e+00 -2.424922e+00 -5.166092e-01 -1.999263e+00 -1.537497e+00 -5.166047e-01
2454116.695850 4.337887e+00 -1.574824e+00 -2.424958e+00 -5.166108e-01 -1.999307e+00 -1.537578e+00 -5.166063e-01
2454140.573051 2.937813e+00 -1.368065e+00 -2.561319e+00 -5.211092e-01 -2.121822e+00 -1.924846e+00 -5.211054e-01
2454140.579481 2.228704e+00 -1.368008e+00 -2.561353e+00 -5.211100e-01 -2.121838e+00 -1.924965e+00 -5.211062e-01
2454140.585900 3.221666e+00 -1.367951e+00 -2.561388e+00 -5.211107e-01 -2.121854e+00 -1.925085e+00 -5.211069e-01
2454140.592320 1.853995e+00 -1.367894e+00 -2.561422e+00 -5.211115e-01 -2.121870e+00 -1.925204e+00 -5.211077e-01
2454152.626119 3.970945e+00 -1.260186e+00 -2.623803e+00 -5.220783e-01 -2.133312e+00 -2.159527e+00 -5.220752e-01
2454152.630969 3.971125e+00 -1.260142e+00 -2.623828e+00 -5.220785e-01 -2.133308e+00 -2.159625e+00 -5.220754e-01
2454152.635799 3.971303e+00 -1.260098e+00 -2.623852e+00 -5.220787e-01 -2.133305e+00 -2.159723e+00 -5.220756e-01
2454152.640658 4.774773e+00 -1.260054e+00 -2.623876e+00 -5.220790e-01 -2.133302e+00 -2.159821e+00 -5.220758e-01
2454158.598310 5.041315e+00 -1.205944e+00 -2.653152e+00 -5.222366e-01 -2.124138e+00 -2.282344e+00 -5.222338e-01
2454158.604260 5.527985e+00 -1.205890e+00 -2.653181e+00 -5.222367e-01 -2.124124e+00 -2.282468e+00 -5.222339e-01
2454158.610200 4.598222e+00 -1.205836e+00 -2.653210e+00 -5.222367e-01 -2.124110e+00 -2.282592e+00 -5.222339e-01
2454158.616139 5.042116e+00 -1.205782e+00 -2.653238e+00 -5.222368e-01 -2.124095e+00 -2.282716e+00 -5.222340e-01
2454358.962532 6.038933e+00 7.492311e-01 -2.993081e+00 -4.137187e-01 1.745483e+00 -3.130733e+00 -4.137213e-01
2454358.965842 6.038829e+00 7.492632e-01 -2.993076e+00 -4.137153e-01 1.745521e+00 -3.130672e+00 -4.137179e-01
2454358.969152 7.260144e+00 7.492952e-01 -2.993071e+00 -4.137119e-01 1.745560e+00 -3.130611e+00 -4.137145e-01
2454358.972472 6.038621e+00 7.493273e-01 -2.993067e+00 -4.137085e-01 1.745599e+00 -3.130550e+00 -4.137111e-01
2454380.935818 4.827565e+00 9.600411e-01 -2.955386e+00 -3.901904e-01 1.931237e+00 -2.719120e+00 -3.901922e-01
2454380.941258 4.827387e+00 9.600928e-01 -2.955374e+00 -3.901843e-01 1.931265e+00 -2.719019e+00 -3.901861e-01
2454380.946658 4.402468e+00 9.601441e-01 -2.955363e+00 -3.901783e-01 1.931293e+00 -2.718918e+00 -3.901801e-01
2454380.952059 5.292737e+00 9.601954e-01 -2.955353e+00 -3.901723e-01 1.931321e+00 -2.718817e+00 -3.901741e-01
2454393.930911 3.041143e+00 1.082673e+00 -2.926598e+00 -3.754122e-01 1.973554e+00 -2.481652e+00 -3.754133e-01
2454393.937431 3.040992e+00 1.082735e+00 -2.926582e+00 -3.754046e-01 1.973563e+00 -2.481537e+00 -3.754058e-01
2454393.943982 2.773279e+00 1.082796e+00 -2.926566e+00 -3.753970e-01 1.973572e+00 -2.481421e+00 -3.753981e-01
2454393.950512 1.918545e+00 1.082857e+00 -2.926551e+00 -3.753894e-01 1.973581e+00 -2.481305e+00 -3.753906e-01
2454464.936752 6.201227e+00 1.717558e+00 -2.688953e+00 -2.848091e-01 1.576858e+00 -1.715755e+00 -2.848070e-01
2454464.942892 5.655387e+00 1.717610e+00 -2.688927e+00 -2.848006e-01 1.576804e+00 -1.715745e+00 -2.847985e-01
2454464.949002 5.655188e+00 1.717662e+00 -2.688901e+00 -2.847922e-01 1.576750e+00 -1.715734e+00 -2.847901e-01
2454464.955123 5.654988e+00 1.717713e+00 -2.688875e+00 -2.847838e-01 1.576696e+00 -1.715724e+00 -2.847816e-01
2454495.709983 8.354674e+00 1.969957e+00 -2.546924e+00 -2.412250e-01 1.342598e+00 -1.787574e+00 -2.412223e-01
2454495.716583 8.354767e+00 1.970010e+00 -2.546892e+00 -2.412155e-01 1.342561e+00 -1.787614e+00 -2.412128e-01
2454495.723093 9.160922e+00 1.970061e+00 -2.546859e+00 -2.412060e-01 1.342524e+00 -1.787654e+00 -2.412033e-01
2454495.729633 8.354950e+00 1.970113e+00 -2.546827e+00 -2.411965e-01 1.342488e+00 -1.787693e+00 -2.411938e-01
2454499.679469 7.686631e+00 2.001356e+00 -2.527024e+00 -2.354481e-01 1.321805e+00 -1.813242e+00 -2.354454e-01
2454499.685789 7.686764e+00 2.001406e+00 -2.526992e+00 -2.354389e-01 1.321775e+00 -1.813286e+00 -2.354362e-01
2454499.692119 9.241683e+00 2.001455e+00 -2.526960e+00 -2.354296e-01 1.321744e+00 -1.813329e+00 -2.354269e-01
2454499.698449 7.010656e+00 2.001505e+00 -2.526928e+00 -2.354204e-01 1.321713e+00 -1.813373e+00 -2.354177e-01
2454506.774912 4.977340e+00 2.056789e+00 -2.490587e+00 -2.250415e-01 1.292343e+00 -1.866755e+00 -2.250388e-01
2454506.781612 6.561609e+00 2.056841e+00 -2.490552e+00 -2.250316e-01 1.292320e+00 -1.866810e+00 -2.250289e-01
2454506.788292 6.561809e+00 2.056893e+00 -2.490517e+00 -2.250218e-01 1.292298e+00 -1.866865e+00 -2.250191e-01
2454528.592335 4.807575e+00 2.221509e+00 -2.371791e+00 -1.924447e-01 1.274612e+00 -2.078126e+00 -1.924422e-01
2454528.599915 4.807894e+00 2.221565e+00 -2.371748e+00 -1.924332e-01 1.274627e+00 -2.078208e+00 -1.924308e-01
2454528.607494 6.949981e+00 2.221620e+00 -2.371705e+00 -1.924218e-01 1.274642e+00 -2.078290e+00 -1.924193e-01
2454528.615094 6.950444e+00 2.221676e+00 -2.371662e+00 -1.924103e-01 1.274657e+00 -2.078372e+00 -1.924078e-01
2454581.652896 2.069495e+00 2.583313e+00 -2.043825e+00 -1.101816e-01 1.761184e+00 -2.623785e+00 -1.101809e-01
2454581.658276 2.991490e+00 2.583347e+00 -2.043789e+00 -1.101731e-01 1.761270e+00 -2.623825e+00 -1.101724e-01
2454581.663675 3.943764e+00 2.583381e+00 -2.043753e+00 -1.101646e-01 1.761356e+00 -2.623865e+00 -1.101639e-01
2454581.669085 3.943976e+00 2.583415e+00 -2.043717e+00 -1.101560e-01 1.761442e+00 -2.623906e+00 -1.101553e-01
2454592.637040 2.300548e+00 2.650904e+00 -1.969664e+00 -9.276297e-02 1.948338e+00 -2.693739e+00 -9.276275e-02
2454592.643060 1.745242e+00 2.650941e+00 -1.969623e+00 -9.275340e-02 1.948446e+00 -2.693770e+00 -9.275318e-02
2454592.649039 3.325675e+00 2.650977e+00 -1.969582e+00 -9.274389e-02 1.948555e+00 -2.693801e+00 -9.274367e-02
2454592.655069 2.522924e+00 2.651013e+00 -1.969541e+00 -9.273430e-02 1.948664e+00 -2.693832e+00 -9.273409e-02
2454830.000444 3.455188e+00 3.416852e+00 -4.076170e-02 2.777872e-01 3.279551e+00 9.329355e-01 2.777889e-01
2454830.005894 2.390298e+00 3.416854e+00 -4.071384e-02 2.777949e-01 3.279458e+00 9.329699e-01 2.777967e-01
2454830.011415 3.788194e+00 3.416856e+00 -4.066536e-02 2.778028e-01 3.279364e+00 9.330048e-01 2.778045e-01
2454830.016855 2.620672e+00 3.416857e+00 -4.061759e-02 2.778105e-01 3.279272e+00 9.330391e-01 2.778123e-01
2454921.761742 7.872741e+00 3.338788e+00 7.580778e-01 3.983683e-01 2.356633e+00 5.752583e-01 3.983714e-01
2454921.770532 7.872693e+00 3.338771e+00 7.581529e-01 3.983789e-01 2.356641e+00 5.751841e-01 3.983819e-01
2454921.779382 7.872644e+00 3.338753e+00 7.582285e-01 3.983894e-01 2.356649e+00 5.751095e-01 3.983924e-01
2454921.788252 7.872596e+00 3.338736e+00 7.583043e-01 3.984000e-01 2.356657e+00 5.750346e-01 3.984030e-01
2454939.781193 4.649123e+00 3.299272e+00 9.110329e-01 4.194126e-01 2.414683e+00 4.358204e-01 4.194157e-01
2454939.786083 5.097750e+00 3.299261e+00 9.110741e-01 4.194182e-01 2.414710e+00 4.357872e-01 4.194213e-01
2454939.791072 4.649284e+00 3.299249e+00 9.111162e-01 4.194239e-01 2.414737e+00 4.357533e-01 4.194270e-01
2454939.795942 5.097925e+00 3.299237e+00 9.111573e-01 4.194294e-01 2.414764e+00 4.357202e-01 4.194325e-01
2454952.695267 5.943717e+00 3.266191e+00 1.019360e+00 4.338929e-01 2.503706e+00 3.606722e-01 4.338960e-01
2454952.703706 6.517482e+00 3.266168e+00 1.019430e+00 4.339022e-01 2.503775e+00 3.606322e-01 4.339053e-01
2454952.712296 6.517814e+00 3.266144e+00 1.019502e+00 4.339116e-01 2.503846e+00 3.605915e-01 4.339147e-01
2454952.720895 5.944619e+00 3.266121e+00 1.019574e+00 4.339211e-01 2.503917e+00 3.605508e-01 4.339242e-01
1 0.5
