2	0.5	1000	 1	period_start period_step period_end fixed/free
0.0				initial epoch
0.0				initial rotation angle      
0.1				convexity weight      
3 3				degree and order of spherical harmonics      
6				number of rows        
0.5	1			scattering parameters
0.1	1
-0.5	1     
0.1	0			LS coeff                 
50				iteration stop condidion
10				minimum number of iterations (only if the above value < 1)
5				Alamda multiplicative factor
0.1				Alamda initial value
1
119 0 0.12 2005.12-2010.5 V 703_CATALINA
2453732.956530 2.087549e+00 1.416304e+00 -1.938558e+00 2.967231e-01 1.301028e+00 -9.619352e-01 2.967301e-01
2453732.963790 2.087390e+00 1.416369e+00 -1.938510e+00 2.967394e-01 1.300967e+00 -9.619031e-01 2.967463e-01
2453732.970730 1.736088e+00 1.416431e+00 -1.938465e+00 2.967550e-01 1.300909e+00 -9.618724e-01 2.967619e-01
2453732.977571 1.443912e+00 1.416492e+00 -1.938421e+00 2.967703e-01 1.300851e+00 -9.618423e-01 2.967772e-01
2453739.842827 1.621647e+00 1.477172e+00 -1.892847e+00 3.120152e-01 1.243457e+00 -9.377140e-01 3.120220e-01
2453739.849227 1.348747e+00 1.477228e+00 -1.892804e+00 3.120292e-01 1.243404e+00 -9.376973e-01 3.120360e-01
2453739.855667 1.121772e+00 1.477284e+00 -1.892760e+00 3.120434e-01 1.243351e+00 -9.376804e-01 3.120502e-01
2453739.862068 7.760307e-01 1.477340e+00 -1.892717e+00 3.120575e-01 1.243298e+00 -9.376636e-01 3.120643e-01
2453758.756725 8.196704e-01 1.636678e+00 -1.757826e+00 3.523883e-01 1.100400e+00 -9.324486e-01 3.523944e-01
2453758.763205 8.987276e-01 1.636731e+00 -1.757777e+00 3.524017e-01 1.100357e+00 -9.324612e-01 3.524078e-01
2453758.769675 8.987045e-01 1.636783e+00 -1.757729e+00 3.524151e-01 1.100314e+00 -9.324738e-01 3.524211e-01
2453758.776145 1.184693e+00 1.636836e+00 -1.757680e+00 3.524284e-01 1.100272e+00 -9.324864e-01 3.524345e-01
2453765.769395 2.214777e+00 1.692796e+00 -1.704398e+00 3.667091e-01 1.057731e+00 -9.513223e-01 3.667149e-01
2453765.776855 2.428429e+00 1.692855e+00 -1.704341e+00 3.667242e-01 1.057689e+00 -9.513478e-01 3.667299e-01
2453765.784325 2.662690e+00 1.692914e+00 -1.704283e+00 3.667392e-01 1.057648e+00 -9.513733e-01 3.667450e-01
2453765.791805 2.662661e+00 1.692973e+00 -1.704225e+00 3.667543e-01 1.057606e+00 -9.513988e-01 3.667600e-01
2453765.832536 1.842004e+00 1.693294e+00 -1.703909e+00 3.668364e-01 1.057381e+00 -9.515382e-01 3.668421e-01
2453765.836916 1.397294e+00 1.693328e+00 -1.703876e+00 3.668452e-01 1.057356e+00 -9.515532e-01 3.668510e-01
2453765.841316 8.816276e-01 1.693363e+00 -1.703841e+00 3.668541e-01 1.057332e+00 -9.515682e-01 3.668598e-01
2453765.845686 1.162204e+00 1.693397e+00 -1.703808e+00 3.668629e-01 1.057308e+00 -9.515832e-01 3.668686e-01
2453773.769124 1.680769e+00 1.754713e+00 -1.641344e+00 3.825907e-01 1.018823e+00 -9.846541e-01 3.825960e-01
2453773.774484 1.532892e+00 1.754754e+00 -1.641301e+00 3.826012e-01 1.018800e+00 -9.846802e-01 3.826065e-01
2453773.779824 1.162827e+00 1.754794e+00 -1.641258e+00 3.826116e-01 1.018778e+00 -9.847063e-01 3.826170e-01
2453773.785154 1.162837e+00 1.754835e+00 -1.641215e+00 3.826220e-01 1.018756e+00 -9.847324e-01 3.826274e-01
2453845.648954 1.479290e+00 2.200107e+00 -9.895553e-01 5.007360e-01 1.328743e+00 -1.489469e+00 5.007350e-01
2453845.658493 1.479465e+00 2.200152e+00 -9.894605e-01 5.007485e-01 1.328867e+00 -1.489517e+00 5.007475e-01
2453845.668033 1.349448e+00 2.200197e+00 -9.893656e-01 5.007610e-01 1.328991e+00 -1.489565e+00 5.007600e-01
2453845.677542 1.779128e+00 2.200242e+00 -9.892710e-01 5.007734e-01 1.329114e+00 -1.489613e+00 5.007725e-01
2453856.620782 1.169301e+00 2.249104e+00 -8.792912e-01 5.144922e-01 1.483299e+00 -1.533959e+00 5.144901e-01
2453856.626692 1.066490e+00 2.249129e+00 -8.792312e-01 5.144992e-01 1.483388e+00 -1.533977e+00 5.144972e-01
2453856.632611 7.378828e-01 2.249154e+00 -8.791711e-01 5.145063e-01 1.483478e+00 -1.533994e+00 5.145043e-01
2453856.638501 4.246370e-01 2.249179e+00 -8.791113e-01 5.145134e-01 1.483567e+00 -1.534012e+00 5.145114e-01
2454626.922442 1.916172e+00 -2.328543e+00 9.389540e-01 -5.325625e-01 -2.525258e+00 -5.702697e-02 -5.325638e-01
2454626.927372 1.325601e+00 -2.328560e+00 9.389044e-01 -5.325674e-01 -2.525193e+00 -5.709334e-02 -5.325686e-01
2454626.932323 1.915981e+00 -2.328576e+00 9.388546e-01 -5.325722e-01 -2.525127e+00 -5.715998e-02 -5.325734e-01
2454626.937253 1.747309e+00 -2.328592e+00 9.388050e-01 -5.325770e-01 -2.525061e+00 -5.722633e-02 -5.325783e-01
2454630.919772 1.530175e+00 -2.341430e+00 8.985947e-01 -5.364019e-01 -2.471403e+00 -1.087098e-01 -5.364032e-01
2454630.922312 1.395499e+00 -2.341438e+00 8.985690e-01 -5.364043e-01 -2.471369e+00 -1.087413e-01 -5.364056e-01
2454630.924882 1.272677e+00 -2.341446e+00 8.985429e-01 -5.364067e-01 -2.471334e+00 -1.087732e-01 -5.364081e-01
2454630.927412 1.395426e+00 -2.341454e+00 8.985173e-01 -5.364091e-01 -2.471299e+00 -1.088045e-01 -5.364104e-01
2454718.797613 2.357517e+00 -2.451656e+00 -3.215923e-02 -5.807026e-01 -1.470899e+00 -2.611605e-01 -5.807052e-01
2454718.803553 2.357426e+00 -2.451652e+00 -3.222347e-02 -5.807028e-01 -1.470873e+00 -2.611256e-01 -5.807055e-01
2454718.809464 2.149915e+00 -2.451648e+00 -3.228739e-02 -5.807031e-01 -1.470847e+00 -2.610909e-01 -5.807058e-01
2454718.815394 2.149831e+00 -2.451644e+00 -3.235152e-02 -5.807034e-01 -1.470822e+00 -2.610561e-01 -5.807061e-01
2454732.687137 1.272884e+00 -2.437605e+00 -1.822246e-01 -5.803152e-01 -1.434252e+00 -1.751974e-01 -5.803176e-01
2454732.695947 1.160859e+00 -2.437593e+00 -1.823197e-01 -5.803143e-01 -1.434243e+00 -1.751414e-01 -5.803167e-01
2454732.704767 1.160833e+00 -2.437582e+00 -1.824148e-01 -5.803133e-01 -1.434235e+00 -1.750854e-01 -5.803158e-01
2454745.758564 2.201262e+00 -2.416368e+00 -3.228619e-01 -5.780431e-01 -1.443307e+00 -9.384936e-02 -5.780452e-01
2454745.765704 2.007599e+00 -2.416354e+00 -3.229385e-01 -5.780414e-01 -1.443324e+00 -9.380683e-02 -5.780434e-01
2454745.772964 1.669869e+00 -2.416340e+00 -3.230164e-01 -5.780396e-01 -1.443340e+00 -9.376359e-02 -5.780416e-01
2454745.780154 1.388954e+00 -2.416327e+00 -3.230935e-01 -5.780379e-01 -1.443357e+00 -9.372077e-02 -5.780399e-01
2454749.607986 2.221193e+00 -2.408632e+00 -3.641011e-01 -5.770201e-01 -1.453948e+00 -7.142178e-02 -5.770220e-01
2454749.615226 2.221240e+00 -2.408617e+00 -3.641786e-01 -5.770180e-01 -1.453972e+00 -7.138063e-02 -5.770199e-01
2454749.622496 2.025838e+00 -2.408602e+00 -3.642564e-01 -5.770159e-01 -1.453995e+00 -7.133932e-02 -5.770178e-01
2454749.629806 1.685055e+00 -2.408587e+00 -3.643346e-01 -5.770138e-01 -1.454019e+00 -7.129778e-02 -5.770157e-01
2454764.759191 1.995268e+00 -2.371652e+00 -5.253170e-01 -5.714259e-01 -1.529224e+00 2.799780e-03 -5.714272e-01
2454764.766521 1.659678e+00 -2.371632e+00 -5.253945e-01 -5.714226e-01 -1.529272e+00 2.828650e-03 -5.714239e-01
2454764.773891 1.513722e+00 -2.371611e+00 -5.254724e-01 -5.714193e-01 -1.529321e+00 2.857670e-03 -5.714206e-01
2454764.781250 1.047294e+00 -2.371591e+00 -5.255502e-01 -5.714160e-01 -1.529370e+00 2.886640e-03 -5.714172e-01
2454775.699171 1.988347e+00 -2.338503e+00 -6.403361e-01 -5.658340e-01 -1.613669e+00 3.607364e-02 -5.658348e-01
2454775.705141 1.988455e+00 -2.338484e+00 -6.403985e-01 -5.658306e-01 -1.613721e+00 3.608595e-02 -5.658314e-01
2454775.710951 1.654012e+00 -2.338465e+00 -6.404592e-01 -5.658273e-01 -1.613772e+00 3.609793e-02 -5.658281e-01
2454775.718120 1.508575e+00 -2.338441e+00 -6.405342e-01 -5.658232e-01 -1.613835e+00 3.611270e-02 -5.658240e-01
2454777.635409 1.683558e+00 -2.332076e+00 -6.605479e-01 -5.647089e-01 -1.630921e+00 3.970140e-02 -5.647096e-01
2454777.650308 1.535636e+00 -2.332026e+00 -6.607032e-01 -5.647001e-01 -1.631056e+00 3.972643e-02 -5.647008e-01
2454777.657668 9.689877e-01 -2.332001e+00 -6.607799e-01 -5.646957e-01 -1.631123e+00 3.973879e-02 -5.646964e-01
2454804.569274 1.856885e+00 -2.225399e+00 -9.360988e-01 -5.448624e-01 -1.923343e+00 2.035050e-03 -5.448618e-01
2454804.575313 1.544592e+00 -2.225372e+00 -9.361592e-01 -5.448571e-01 -1.923416e+00 2.006040e-03 -5.448565e-01
2454804.581383 1.408779e+00 -2.225344e+00 -9.362200e-01 -5.448517e-01 -1.923490e+00 1.976880e-03 -5.448511e-01
2454804.587333 1.284906e+00 -2.225317e+00 -9.362795e-01 -5.448465e-01 -1.923562e+00 1.948290e-03 -5.448459e-01
2454849.558004 1.067413e+00 -1.977741e+00 -1.364824e+00 -4.946581e-01 -2.438946e+00 -4.958051e-01 -4.946557e-01
2454849.565383 7.385178e-01 -1.977694e+00 -1.364890e+00 -4.946482e-01 -2.439013e+00 -4.959314e-01 -4.946458e-01
2454849.572753 3.876051e-01 -1.977646e+00 -1.364956e+00 -4.946383e-01 -2.439079e+00 -4.960575e-01 -4.946359e-01
2454849.580062 3.535230e-01 -1.977599e+00 -1.365022e+00 -4.946285e-01 -2.439145e+00 -4.961826e-01 -4.946260e-01
2454875.575279 1.197406e+00 -1.797397e+00 -1.588673e+00 -4.563703e-01 -2.599846e+00 -1.013432e+00 -4.563674e-01
2454875.580679 1.578549e+00 -1.797357e+00 -1.588717e+00 -4.563617e-01 -2.599861e+00 -1.013552e+00 -4.563588e-01
2454875.586048 1.578608e+00 -1.797317e+00 -1.588761e+00 -4.563531e-01 -2.599877e+00 -1.013671e+00 -4.563502e-01
2454875.591538 1.730976e+00 -1.797276e+00 -1.588806e+00 -4.563444e-01 -2.599893e+00 -1.013793e+00 -4.563415e-01
2455085.966152 1.196479e+00 3.006863e-01 -2.378057e+00 2.457895e-02 1.287868e+00 -2.574928e+00 2.457640e-02
2455085.970383 6.884817e-01 3.007327e-01 -2.378051e+00 2.459006e-02 1.287928e+00 -2.574851e+00 2.458751e-02
2455085.974653 1.091138e+00 3.007797e-01 -2.378045e+00 2.460127e-02 1.287988e+00 -2.574774e+00 2.459872e-02
2455085.978933 4.762849e-01 3.008267e-01 -2.378039e+00 2.461252e-02 1.288048e+00 -2.574696e+00 2.460996e-02
2455103.965194 2.622818e+00 4.971431e-01 -2.344967e+00 7.170575e-02 1.492737e+00 -2.234838e+00 7.170253e-02
2455103.968154 1.654846e+00 4.971752e-01 -2.344960e+00 7.171347e-02 1.492763e+00 -2.234781e+00 7.171025e-02
2455103.971164 1.989513e+00 4.972078e-01 -2.344953e+00 7.172132e-02 1.492789e+00 -2.234723e+00 7.171809e-02
2455103.974054 1.814414e+00 4.972391e-01 -2.344946e+00 7.172886e-02 1.492814e+00 -2.234667e+00 7.172563e-02
2455126.958529 1.767543e+00 7.429163e-01 -2.279046e+00 1.311421e-01 1.612906e+00 -1.795915e+00 1.311383e-01
2455126.963949 1.017060e+00 7.429734e-01 -2.279028e+00 1.311559e-01 1.612916e+00 -1.795815e+00 1.311522e-01
2455126.969520 4.867682e-01 7.430320e-01 -2.279009e+00 1.311702e-01 1.612927e+00 -1.795713e+00 1.311664e-01
2455126.975030 7.035550e-01 7.430900e-01 -2.278990e+00 1.311843e-01 1.612937e+00 -1.795611e+00 1.311805e-01
2455151.917478 1.618316e+00 1.000113e+00 -2.178389e+00 1.939607e-01 1.580747e+00 -1.377903e+00 1.939570e-01
2455151.929229 1.618093e+00 1.000232e+00 -2.178334e+00 1.939898e-01 1.580698e+00 -1.377730e+00 1.939861e-01
2455151.940990 1.773961e+00 1.000350e+00 -2.178280e+00 1.940188e-01 1.580649e+00 -1.377558e+00 1.940151e-01
2455151.952681 1.617650e+00 1.000468e+00 -2.178226e+00 1.940477e-01 1.580601e+00 -1.377387e+00 1.940440e-01
2455161.967434 3.954928e-01 1.100124e+00 -2.129615e+00 2.185758e-01 1.529757e+00 -1.241143e+00 2.185723e-01
2455161.972944 5.716228e-01 1.100178e+00 -2.129587e+00 2.185892e-01 1.529724e+00 -1.241074e+00 2.185857e-01
2455161.978384 9.059019e-01 1.100232e+00 -2.129559e+00 2.186024e-01 1.529692e+00 -1.241006e+00 2.185989e-01
2455161.983855 9.058421e-01 1.100285e+00 -2.129531e+00 2.186157e-01 1.529659e+00 -1.240938e+00 2.186122e-01
2455203.848556 1.296295e+00 1.489262e+00 -1.878734e+00 3.155475e-01 1.205334e+00 -9.372687e-01 3.155459e-01
2455203.853116 1.558428e+00 1.489302e+00 -1.878703e+00 3.155575e-01 1.205298e+00 -9.372604e-01 3.155559e-01
2455203.857706 1.708715e+00 1.489342e+00 -1.878671e+00 3.155675e-01 1.205261e+00 -9.372520e-01 3.155659e-01
2455203.862266 1.873497e+00 1.489382e+00 -1.878640e+00 3.155775e-01 1.205224e+00 -9.372437e-01 3.155759e-01
2455236.786153 1.268266e+00 1.757655e+00 -1.632520e+00 3.838597e-01 9.989092e-01 -1.001884e+00 3.838604e-01
2455236.792843 1.268287e+00 1.757706e+00 -1.632466e+00 3.838728e-01 9.988844e-01 -1.001919e+00 3.838735e-01
2455236.799553 1.671955e+00 1.757756e+00 -1.632412e+00 3.838859e-01 9.988596e-01 -1.001954e+00 3.838865e-01
2455236.806293 1.833293e+00 1.757808e+00 -1.632358e+00 3.838990e-01 9.988347e-01 -1.001990e+00 3.838997e-01
2455236.816003 2.649977e+00 1.757881e+00 -1.632280e+00 3.839180e-01 9.987988e-01 -1.002040e+00 3.839186e-01
2455236.821503 2.416841e+00 1.757923e+00 -1.632235e+00 3.839287e-01 9.987785e-01 -1.002069e+00 3.839294e-01
2455236.827093 2.416874e+00 1.757965e+00 -1.632190e+00 3.839396e-01 9.987579e-01 -1.002099e+00 3.839402e-01
2455236.832653 2.416907e+00 1.758007e+00 -1.632145e+00 3.839504e-01 9.987374e-01 -1.002128e+00 3.839511e-01
2455243.709034 2.479236e+00 1.809238e+00 -1.575912e+00 3.971704e-01 9.782047e-01 -1.041740e+00 3.971716e-01
2455243.716433 2.479326e+00 1.809292e+00 -1.575850e+00 3.971844e-01 9.781880e-01 -1.041787e+00 3.971856e-01
2455243.723913 2.062289e+00 1.809347e+00 -1.575788e+00 3.971986e-01 9.781711e-01 -1.041833e+00 3.971998e-01
2455243.731303 1.715400e+00 1.809401e+00 -1.575727e+00 3.972126e-01 9.781545e-01 -1.041880e+00 3.972137e-01
2455320.651233 1.591097e+00 2.253929e+00 -8.568381e-01 5.164337e-01 1.521855e+00 -1.550108e+00 5.164385e-01
2455320.656443 1.451186e+00 2.253951e+00 -8.567849e-01 5.164399e-01 1.521937e+00 -1.550121e+00 5.164446e-01
2455320.661642 1.451274e+00 2.253972e+00 -8.567319e-01 5.164460e-01 1.522019e+00 -1.550133e+00 5.164507e-01
2455320.666882 1.591388e+00 2.253994e+00 -8.566784e-01 5.164522e-01 1.522101e+00 -1.550145e+00 5.164569e-01
2455320.672112 1.323740e+00 2.254016e+00 -8.566251e-01 5.164584e-01 1.522183e+00 -1.550158e+00 5.164631e-01
1 0.5
