2	0.5	1000	 1	period_start period_step period_end fixed/free
0.0				initial epoch
0.0				initial rotation angle      
0.1				convexity weight      
3 3				degree and order of spherical harmonics      
6				number of rows        
0.5	1			scattering parameters
0.1	1
-0.5	1     
0.1	0			LS coeff                 
50				iteration stop condidion
10				minimum number of iterations (only if the above value < 1)
5				Alamda multiplicative factor
0.1				Alamda initial value
1
111 0 0.12 2003.4-2010.5 V 703_CATALINA
2452750.834222 1.726413e+00 2.212235e+00 1.615544e+00 -1.637918e-02 1.348894e+00 1.101353e+00 -1.638544e-02
2452750.843972 1.726370e+00 2.212179e+00 1.615621e+00 -1.638025e-02 1.348921e+00 1.101286e+00 -1.638651e-02
2452750.853682 1.435896e+00 2.212123e+00 1.615698e+00 -1.638131e-02 1.348948e+00 1.101218e+00 -1.638758e-02
2452750.863343 1.726284e+00 2.212067e+00 1.615774e+00 -1.638237e-02 1.348974e+00 1.101151e+00 -1.638864e-02
2452765.754934 1.191273e+00 2.122744e+00 1.731005e+00 -1.799093e-02 1.412976e+00 1.014215e+00 -1.799953e-02
2452765.765964 1.570442e+00 2.122675e+00 1.731088e+00 -1.799210e-02 1.413039e+00 1.014165e+00 -1.800070e-02
2452765.777014 1.570481e+00 2.122606e+00 1.731171e+00 -1.799328e-02 1.413103e+00 1.014114e+00 -1.800188e-02
2452765.788064 1.306301e+00 2.122538e+00 1.731255e+00 -1.799445e-02 1.413166e+00 1.014063e+00 -1.800305e-02
2453745.916796 2.176892e+00 1.290486e+00 -2.037886e+00 2.793770e-02 9.551041e-01 -1.113408e+00 2.794431e-02
2453745.923856 1.985298e+00 1.290557e+00 -2.037851e+00 2.793739e-02 9.550590e-01 -1.113415e+00 2.794400e-02
2453745.930907 2.386794e+00 1.290628e+00 -2.037817e+00 2.793708e-02 9.550139e-01 -1.113423e+00 2.794370e-02
2453745.937897 2.176727e+00 1.290698e+00 -2.037783e+00 2.793678e-02 9.549692e-01 -1.113430e+00 2.794339e-02
2453786.685122 1.468572e+00 1.676015e+00 -1.804030e+00 2.568082e-02 8.086595e-01 -1.329328e+00 2.568527e-02
2453786.692642 1.468689e+00 1.676082e+00 -1.803981e+00 2.568032e-02 8.086616e-01 -1.329393e+00 2.568477e-02
2453786.700191 1.468808e+00 1.676148e+00 -1.803931e+00 2.567982e-02 8.086637e-01 -1.329458e+00 2.568427e-02
2453786.707721 1.610645e+00 1.676214e+00 -1.803882e+00 2.567932e-02 8.086659e-01 -1.329523e+00 2.568377e-02
2453827.637427 1.214691e+00 2.007935e+00 -1.509360e+00 2.256389e-02 1.030896e+00 -1.719996e+00 2.256467e-02
2453827.643886 1.332004e+00 2.007982e+00 -1.509310e+00 2.256333e-02 1.030965e+00 -1.720054e+00 2.256411e-02
2453827.650326 8.405142e-01 2.008030e+00 -1.509259e+00 2.256278e-02 1.031034e+00 -1.720113e+00 2.256356e-02
2453827.656765 8.405910e-01 2.008077e+00 -1.509209e+00 2.256224e-02 1.031103e+00 -1.720171e+00 2.256301e-02
2453834.644662 5.336470e-01 2.058609e+00 -1.453853e+00 2.195558e-02 1.112047e+00 -1.780976e+00 2.195567e-02
2453834.652401 1.222646e+00 2.058664e+00 -1.453791e+00 2.195490e-02 1.112144e+00 -1.781040e+00 2.195499e-02
2453834.660141 4.439638e-01 2.058719e+00 -1.453729e+00 2.195422e-02 1.112240e+00 -1.781104e+00 2.195430e-02
2453834.667890 5.853214e-01 2.058774e+00 -1.453666e+00 2.195353e-02 1.112336e+00 -1.781169e+00 2.195362e-02
2453843.628707 1.260721e+00 2.120842e+00 -1.380765e+00 2.114663e-02 1.233268e+00 -1.850108e+00 2.114584e-02
2453843.634046 1.382451e+00 2.120878e+00 -1.380721e+00 2.114614e-02 1.233346e+00 -1.850145e+00 2.114535e-02
2453843.639356 1.382550e+00 2.120914e+00 -1.380677e+00 2.114565e-02 1.233423e+00 -1.850182e+00 2.114487e-02
2453843.644655 1.260990e+00 2.120949e+00 -1.380634e+00 2.114517e-02 1.233500e+00 -1.850220e+00 2.114438e-02
2453874.635551 1.275339e+00 2.311335e+00 -1.113727e+00 1.812557e-02 1.774371e+00 -1.971112e+00 1.812205e-02
2453874.640891 1.275414e+00 2.311365e+00 -1.113679e+00 1.812503e-02 1.774476e+00 -1.971114e+00 1.812150e-02
2453874.646250 8.824228e-01 2.311394e+00 -1.113631e+00 1.812447e-02 1.774583e+00 -1.971115e+00 1.812095e-02
2453874.651620 7.340104e-01 2.311424e+00 -1.113583e+00 1.812392e-02 1.774689e+00 -1.971116e+00 1.812040e-02
2453886.648427 1.446537e+00 2.374758e+00 -1.004928e+00 1.686942e-02 2.019426e+00 -1.954454e+00 1.686512e-02
2453886.657767 1.203290e+00 2.374805e+00 -1.004843e+00 1.686843e-02 2.019621e+00 -1.954426e+00 1.686413e-02
2453886.667146 1.319504e+00 2.374853e+00 -1.004757e+00 1.686743e-02 2.019817e+00 -1.954397e+00 1.686313e-02
2453886.676535 6.316132e-01 2.374900e+00 -1.004671e+00 1.686643e-02 2.020013e+00 -1.954368e+00 1.686213e-02
2454130.000900 1.555000e+00 2.384863e+00 1.340787e+00 -1.263078e-02 1.763690e+00 2.105160e+00 -1.262658e-02
2454130.005840 9.810917e-01 2.384840e+00 1.340830e+00 -1.263136e-02 1.763600e+00 2.105148e+00 -1.262716e-02
2454130.010730 7.441989e-01 2.384817e+00 1.340872e+00 -1.263193e-02 1.763510e+00 2.105137e+00 -1.262773e-02
2454130.015621 1.417974e+00 2.384794e+00 1.340914e+00 -1.263250e-02 1.763421e+00 2.105126e+00 -1.262830e-02
2454227.843695 2.662383e+00 1.775508e+00 2.073867e+00 -2.294084e-02 1.078562e+00 1.344277e+00 -2.294316e-02
2454227.852385 2.428077e+00 1.775442e+00 2.073920e+00 -2.294163e-02 1.078601e+00 1.344227e+00 -2.294395e-02
2454227.861085 2.919138e+00 1.775376e+00 2.073974e+00 -2.294243e-02 1.078640e+00 1.344177e+00 -2.294475e-02
2454227.869775 2.427987e+00 1.775309e+00 2.074028e+00 -2.294322e-02 1.078680e+00 1.344126e+00 -2.294555e-02
2454259.769704 1.673272e+00 1.518872e+00 2.255451e+00 -2.568275e-02 1.290821e+00 1.266438e+00 -2.568675e-02
2454259.776164 1.526112e+00 1.518817e+00 2.255484e+00 -2.568327e-02 1.290873e+00 1.266446e+00 -2.568727e-02
2454259.782584 1.526181e+00 1.518763e+00 2.255517e+00 -2.568378e-02 1.290925e+00 1.266454e+00 -2.568778e-02
2454259.788984 1.391956e+00 1.518709e+00 2.255550e+00 -2.568429e-02 1.290977e+00 1.266462e+00 -2.568829e-02
2454738.778731 2.307182e+00 -2.239942e+00 2.139068e-01 -6.645930e-03 -1.244483e+00 3.251121e-01 -6.648170e-03
2454738.786601 2.307273e+00 -2.239945e+00 2.138127e-01 -6.644750e-03 -1.244503e+00 3.251522e-01 -6.646990e-03
2454738.794541 2.104342e+00 -2.239947e+00 2.137179e-01 -6.643560e-03 -1.244523e+00 3.251925e-01 -6.645800e-03
2454738.802410 1.919259e+00 -2.239949e+00 2.136238e-01 -6.642380e-03 -1.244543e+00 3.252325e-01 -6.644620e-03
2454748.614178 1.178559e+00 -2.240211e+00 9.616625e-02 -5.164130e-03 -1.280377e+00 3.725208e-01 -5.166060e-03
2454748.621568 1.178630e+00 -2.240209e+00 9.607766e-02 -5.163010e-03 -1.280412e+00 3.725539e-01 -5.164940e-03
2454748.628768 1.074985e+00 -2.240207e+00 9.599135e-02 -5.161920e-03 -1.280447e+00 3.725861e-01 -5.163850e-03
2454748.636027 1.178767e+00 -2.240205e+00 9.590432e-02 -5.160820e-03 -1.280481e+00 3.726186e-01 -5.162750e-03
2454789.576063 1.551057e+00 -2.179796e+00 -3.933657e-01 1.105460e-03 -1.641273e+00 4.352523e-01 1.105320e-03
2454789.583362 1.073167e+00 -2.179776e+00 -3.934520e-01 1.106590e-03 -1.641361e+00 4.352339e-01 1.106440e-03
2454789.590722 1.073265e+00 -2.179756e+00 -3.935391e-01 1.107720e-03 -1.641449e+00 4.352154e-01 1.107570e-03
2454789.597931 1.176917e+00 -2.179737e+00 -3.936243e-01 1.108820e-03 -1.641536e+00 4.351973e-01 1.108680e-03
2454801.574443 1.243547e+00 -2.143224e+00 -5.343565e-01 2.945010e-03 -1.791725e+00 3.868879e-01 2.945450e-03
2454801.582552 1.243669e+00 -2.143196e+00 -5.344512e-01 2.946250e-03 -1.791830e+00 3.868424e-01 2.946690e-03
2454801.590502 1.134348e+00 -2.143169e+00 -5.345439e-01 2.947470e-03 -1.791933e+00 3.867979e-01 2.947910e-03
2454801.598631 1.134460e+00 -2.143141e+00 -5.346388e-01 2.948710e-03 -1.792038e+00 3.867523e-01 2.949150e-03
2454821.595158 1.084536e+00 -2.063402e+00 -7.646333e-01 5.984940e-03 -2.054178e+00 2.190415e-01 5.986310e-03
2454821.601288 9.021386e-01 -2.063374e+00 -7.647026e-01 5.985860e-03 -2.054257e+00 2.189728e-01 5.987230e-03
2454821.607407 9.021992e-01 -2.063346e+00 -7.647718e-01 5.986780e-03 -2.054336e+00 2.189041e-01 5.988150e-03
2454821.613437 9.893072e-01 -2.063318e+00 -7.648400e-01 5.987690e-03 -2.054414e+00 2.188365e-01 5.989060e-03
2454864.570017 1.628899e+00 -1.815858e+00 -1.226915e+00 1.224161e-02 -2.490684e+00 -5.087367e-01 1.224439e-02
2454864.579636 1.235741e+00 -1.815792e+00 -1.227013e+00 1.224295e-02 -2.490741e+00 -5.089478e-01 1.224574e-02
2454864.584436 1.355014e+00 -1.815759e+00 -1.227061e+00 1.224362e-02 -2.490769e+00 -5.090532e-01 1.224641e-02
2454866.567270 1.144809e+00 -1.801958e+00 -1.247034e+00 1.251942e-02 -2.501964e+00 -5.529519e-01 1.252224e-02
2454866.572100 1.144852e+00 -1.801924e+00 -1.247083e+00 1.252009e-02 -2.501990e+00 -5.530597e-01 1.252291e-02
2454866.576900 1.814536e+00 -1.801890e+00 -1.247131e+00 1.252075e-02 -2.502016e+00 -5.531669e-01 1.252358e-02
2454866.581789 1.044197e+00 -1.801856e+00 -1.247180e+00 1.252143e-02 -2.502042e+00 -5.532760e-01 1.252426e-02
2455090.967028 9.130892e-01 5.481712e-01 -2.265033e+00 2.948103e-02 1.547180e+00 -2.377239e+00 2.947826e-02
2455090.970019 4.791887e-01 5.482054e-01 -2.265028e+00 2.948103e-02 1.547219e+00 -2.377183e+00 2.947826e-02
2455090.972959 9.130619e-01 5.482391e-01 -2.265023e+00 2.948103e-02 1.547258e+00 -2.377128e+00 2.947826e-02
2455090.975809 6.926183e-01 5.482717e-01 -2.265019e+00 2.948103e-02 1.547295e+00 -2.377075e+00 2.947826e-02
2455103.965994 1.347157e+00 6.958881e-01 -2.239520e+00 2.942019e-02 1.691480e+00 -2.129378e+00 2.941696e-02
2455103.968974 1.120497e+00 6.959216e-01 -2.239513e+00 2.942016e-02 1.691507e+00 -2.129321e+00 2.941694e-02
2455103.971934 1.347109e+00 6.959550e-01 -2.239507e+00 2.942014e-02 1.691534e+00 -2.129264e+00 2.941691e-02
2455103.974884 1.228557e+00 6.959882e-01 -2.239500e+00 2.942011e-02 1.691561e+00 -2.129207e+00 2.941688e-02
2455127.984259 7.891453e-01 9.613781e-01 -2.169767e+00 2.900990e-02 1.822377e+00 -1.671352e+00 2.900615e-02
2455127.988099 9.487327e-01 9.614197e-01 -2.169754e+00 2.900980e-02 1.822384e+00 -1.671281e+00 2.900605e-02
2455127.991909 9.487042e-01 9.614609e-01 -2.169740e+00 2.900971e-02 1.822392e+00 -1.671211e+00 2.900596e-02
2455127.995869 5.459052e-01 9.615038e-01 -2.169726e+00 2.900961e-02 1.822399e+00 -1.671139e+00 2.900586e-02
2455150.922949 1.479458e+00 1.203539e+00 -2.077276e+00 2.827224e-02 1.798213e+00 -1.286893e+00 2.826853e-02
2455150.929069 1.479371e+00 1.203602e+00 -2.077248e+00 2.827200e-02 1.798190e+00 -1.286802e+00 2.826829e-02
2455150.935189 1.230415e+00 1.203665e+00 -2.077220e+00 2.827176e-02 1.798167e+00 -1.286711e+00 2.826805e-02
2455150.941170 1.621910e+00 1.203727e+00 -2.077193e+00 2.827152e-02 1.798144e+00 -1.286622e+00 2.826781e-02
2455161.931192 1.103713e+00 1.315091e+00 -2.024471e+00 2.780399e-02 1.745295e+00 -1.136269e+00 2.780048e-02
2455161.939742 1.103617e+00 1.315176e+00 -2.024428e+00 2.780360e-02 1.745246e+00 -1.136162e+00 2.780009e-02
2455161.948173 1.006425e+00 1.315260e+00 -2.024386e+00 2.780321e-02 1.745197e+00 -1.136057e+00 2.779971e-02
2455161.956673 1.006338e+00 1.315345e+00 -2.024343e+00 2.780282e-02 1.745148e+00 -1.135951e+00 2.779932e-02
2455162.938099 1.092438e+00 1.325130e+00 -2.019381e+00 2.775759e-02 1.739396e+00 -1.123831e+00 2.775410e-02
2455162.946700 8.286264e-01 1.325216e+00 -2.019337e+00 2.775719e-02 1.739345e+00 -1.123726e+00 2.775371e-02
2455162.955261 1.092247e+00 1.325301e+00 -2.019293e+00 2.775679e-02 1.739294e+00 -1.123621e+00 2.775331e-02
2455162.963751 9.084126e-01 1.325386e+00 -2.019250e+00 2.775640e-02 1.739244e+00 -1.123517e+00 2.775291e-02
2455259.751267 1.641344e+00 2.137468e+00 -1.356136e+00 2.083780e-02 1.187210e+00 -1.073020e+00 2.084006e-02
2455259.756936 1.135591e+00 2.137506e+00 -1.356089e+00 2.083727e-02 1.187219e+00 -1.073066e+00 2.083953e-02
2455259.762666 1.365353e+00 2.137544e+00 -1.356041e+00 2.083673e-02 1.187227e+00 -1.073113e+00 2.083899e-02
2455259.768446 1.799980e+00 2.137583e+00 -1.355993e+00 2.083620e-02 1.187235e+00 -1.073161e+00 2.083845e-02
2455329.663884 8.319791e-01 2.503733e+00 -7.232052e-01 1.351239e-02 1.883898e+00 -1.521109e+00 1.351710e-02
2455329.671364 1.202686e+00 2.503761e+00 -7.231333e-01 1.351154e-02 1.884026e+00 -1.521117e+00 1.351625e-02
2455329.678813 1.585594e+00 2.503790e+00 -7.230616e-01 1.351069e-02 1.884153e+00 -1.521124e+00 1.351539e-02
2455329.686322 1.585740e+00 2.503818e+00 -7.229893e-01 1.350983e-02 1.884282e+00 -1.521132e+00 1.351453e-02
2455341.632626 1.665314e+00 2.546199e+00 -6.072406e-01 1.212677e-02 2.097204e+00 -1.515079e+00 1.213129e-02
2455341.639246 1.263365e+00 2.546221e+00 -6.071761e-01 1.212599e-02 2.097326e+00 -1.515065e+00 1.213052e-02
2455341.646395 2.002460e+00 2.546244e+00 -6.071064e-01 1.212515e-02 2.097458e+00 -1.515050e+00 1.212968e-02
2455341.653074 1.665701e+00 2.546266e+00 -6.070412e-01 1.212437e-02 2.097581e+00 -1.515036e+00 1.212890e-02
1 0.5
