2	0.5	1000	 1	period_start period_step period_end fixed/free
0.0				initial epoch
0.0				initial rotation angle      
0.1				convexity weight      
3 3				degree and order of spherical harmonics      
6				number of rows        
0.5	1			scattering parameters
0.1	1
-0.5	1     
0.1	0			LS coeff                 
50				iteration stop condidion
10				minimum number of iterations (only if the above value < 1)
5				Alamda multiplicative factor
0.1				Alamda initial value
2
78 0   0.088   2010-07-17.6   R   Oey
2455394.944262  9.972201e-01    -1.14839413   1.70625743  -0.18237871   -0.72507785   0.78227190  -0.18237294
2455394.947853  1.217842e+00    -1.14843510   1.70623385  -0.18237724   -0.72506366   0.78227381  -0.18237148
2455394.951444  9.691500e-01    -1.14847608   1.70621026  -0.18237578   -0.72504947   0.78227573  -0.18237002
2455394.955034  1.119930e+00    -1.14851702   1.70618669  -0.18237432   -0.72503529   0.78227766  -0.18236856
2455394.958624  1.062652e+00    -1.14855798   1.70616311  -0.18237286   -0.72502111   0.78227958  -0.18236710
2455394.962225  1.042296e+00    -1.14859907   1.70613945  -0.18237140   -0.72500688   0.78228151  -0.18236563
2455394.969429  1.072484e+00    -1.14868126   1.70609213  -0.18236847   -0.72497843   0.78228539  -0.18236270
2455394.973024  1.203347e+00    -1.14872227   1.70606851  -0.18236700   -0.72496423   0.78228733  -0.18236124
2455394.976616  1.182472e+00    -1.14876325   1.70604492  -0.18236554   -0.72495004   0.78228927  -0.18235978
2455394.980210  1.082408e+00    -1.14880426   1.70602130  -0.18236408   -0.72493585   0.78229121  -0.18235831
2455394.983799  1.107621e+00    -1.14884520   1.70599772  -0.18236262   -0.72492168   0.78229315  -0.18235685
2455394.987396  9.246791e-01    -1.14888624   1.70597409  -0.18236115   -0.72490748   0.78229510  -0.18235539
2455394.990988  1.031789e+00    -1.14892721   1.70595049  -0.18235969   -0.72489330   0.78229705  -0.18235393
2455395.026907  9.638090e-01    -1.14933695   1.70571445  -0.18234507   -0.72475155   0.78231669  -0.18233931
2455395.030504  1.030839e+00    -1.14937797   1.70569081  -0.18234360   -0.72473736   0.78231867  -0.18233784
2455395.034098  1.007375e+00    -1.14941897   1.70566719  -0.18234214   -0.72472319   0.78232065  -0.18233638
2455395.037685  1.081412e+00    -1.14945988   1.70564361  -0.18234068   -0.72470904   0.78232263  -0.18233492
2455395.041290  1.072484e+00    -1.14950100   1.70561991  -0.18233921   -0.72469482   0.78232463  -0.18233345
2455395.044880  1.191217e+00    -1.14954195   1.70559632  -0.18233775   -0.72468066   0.78232662  -0.18233199
2455395.048478  1.179209e+00    -1.14958299   1.70557266  -0.18233628   -0.72466648   0.78232861  -0.18233052
2455395.052077  1.172711e+00    -1.14962404   1.70554900  -0.18233481   -0.72465228   0.78233061  -0.18232906
2455395.055667  1.150247e+00    -1.14966498   1.70552540  -0.18233335   -0.72463813   0.78233260  -0.18232759
2455395.059264  1.079421e+00    -1.14970601   1.70550176  -0.18233188   -0.72462395   0.78233461  -0.18232613
2455395.064206  1.109663e+00    -1.14976237   1.70546926  -0.18232987   -0.72460447   0.78233736  -0.18232411
2455395.067806  1.011093e+00    -1.14980343   1.70544559  -0.18232840   -0.72459028   0.78233937  -0.18232265
2455395.071400  9.718317e-01    -1.14984442   1.70542196  -0.18232694   -0.72457611   0.78234138  -0.18232118
2455395.075001  9.963021e-01    -1.14988549   1.70539829  -0.18232547   -0.72456192   0.78234340  -0.18231972
2455395.078585  9.349557e-01    -1.14992636   1.70537472  -0.18232401   -0.72454780   0.78234541  -0.18231826
2455395.082177  8.717481e-01    -1.14996733   1.70535110  -0.18232255   -0.72453364   0.78234742  -0.18231679
2455395.085770  1.043256e+00    -1.15000831   1.70532747  -0.18232108   -0.72451948   0.78234944  -0.18231533
2455395.089362  1.105582e+00    -1.15004927   1.70530385  -0.18231962   -0.72450533   0.78235146  -0.18231386
2455395.092962  1.000901e+00    -1.15009032   1.70528018  -0.18231815   -0.72449115   0.78235349  -0.18231240
2455395.096562  1.003670e+00    -1.15013138   1.70525650  -0.18231668   -0.72447697   0.78235552  -0.18231093
2455395.100150  1.144962e+00    -1.15017230   1.70523291  -0.18231522   -0.72446283   0.78235755  -0.18230947
2455395.103751  1.027995e+00    -1.15021335   1.70520923  -0.18231375   -0.72444865   0.78235958  -0.18230800
2455395.107342  1.192315e+00    -1.15025430   1.70518561  -0.18231229   -0.72443451   0.78236162  -0.18230654
2455395.151759  1.000901e+00    -1.15076077   1.70489341  -0.18229417   -0.72425966   0.78238699  -0.18228842
2455395.159549  9.462175e-01    -1.15084959   1.70484216  -0.18229099   -0.72422901   0.78239148  -0.18228524
2455395.163547  9.963021e-01    -1.15089518   1.70481585  -0.18228936   -0.72421328   0.78239379  -0.18228361
2455395.167385  9.162016e-01    -1.15093893   1.70479059  -0.18228779   -0.72419818   0.78239601  -0.18228205
2455395.171307  9.532153e-01    -1.15098365   1.70476478  -0.18228619   -0.72418276   0.78239828  -0.18228045
2455395.175155  1.014825e+00    -1.15102752   1.70473946  -0.18228462   -0.72416762   0.78240052  -0.18227888
2455395.179066  1.038463e+00    -1.15107210   1.70471373  -0.18228302   -0.72415225   0.78240279  -0.18227728
2455395.182907  9.972201e-01    -1.15111589   1.70468845  -0.18228146   -0.72413714   0.78240502  -0.18227571
2455395.186759  1.026103e+00    -1.15115980   1.70466310  -0.18227988   -0.72412200   0.78240726  -0.18227414
2455395.190608  8.978235e-01    -1.15120368   1.70463776  -0.18227831   -0.72410686   0.78240951  -0.18227257
2455395.194452  9.315174e-01    -1.15124751   1.70461246  -0.18227674   -0.72409175   0.78241175  -0.18227100
2455395.198294  9.044634e-01    -1.15129130   1.70458717  -0.18227517   -0.72407665   0.78241400  -0.18226943
2455395.206076  9.926383e-01    -1.15138002   1.70453595  -0.18227200   -0.72404606   0.78241856  -0.18226625
2455395.209989  8.994789e-01    -1.15142463   1.70451019  -0.18227040   -0.72403068   0.78242086  -0.18226466
2455395.213831  9.817277e-01    -1.15146842   1.70448489  -0.18226883   -0.72401558   0.78242312  -0.18226309
2455395.217747  1.012957e+00    -1.15151306   1.70445911  -0.18226723   -0.72400019   0.78242542  -0.18226149
2455395.221662  9.153580e-01    -1.15155769   1.70443334  -0.18226563   -0.72398481   0.78242773  -0.18225989
2455395.225508  1.072484e+00    -1.15160153   1.70440802  -0.18226406   -0.72396970   0.78243000  -0.18225832
2455395.229362  9.772169e-01    -1.15164546   1.70438264  -0.18226248   -0.72395456   0.78243228  -0.18225675
2455395.234732  8.936985e-01    -1.15170667   1.70434728  -0.18226029   -0.72393347   0.78243546  -0.18225455
2455395.238579  8.090792e-01    -1.15175052   1.70432195  -0.18225872   -0.72391836   0.78243774  -0.18225298
2455395.242418  8.677428e-01    -1.15179428   1.70429667  -0.18225715   -0.72390328   0.78244002  -0.18225141
2455395.246244  8.717481e-01    -1.15183789   1.70427148  -0.18225559   -0.72388825   0.78244229  -0.18224985
2455395.250072  8.677428e-01    -1.15188152   1.70424627  -0.18225402   -0.72387322   0.78244457  -0.18224829
2455395.253902  1.080416e+00    -1.15192518   1.70422105  -0.18225246   -0.72385818   0.78244685  -0.18224672
2455395.257738  1.098477e+00    -1.15196889   1.70419579  -0.18225089   -0.72384312   0.78244914  -0.18224515
2455395.261565  9.289472e-01    -1.15201251   1.70417059  -0.18224933   -0.72382810   0.78245143  -0.18224359
2455395.265387  1.003670e+00    -1.15205607   1.70414542  -0.18224776   -0.72381310   0.78245372  -0.18224203
2455395.269211  8.233623e-01    -1.15209965   1.70412023  -0.18224620   -0.72379809   0.78245601  -0.18224047
2455395.273157  9.315174e-01    -1.15214463   1.70409424  -0.18224459   -0.72378260   0.78245837  -0.18223885
2455395.277045  1.059720e+00    -1.15218894   1.70406863  -0.18224300   -0.72376734   0.78246071  -0.18223726
2455395.280863  9.272375e-01    -1.15223245   1.70404348  -0.18224144   -0.72375236   0.78246301  -0.18223570
2455395.284710  1.041336e+00    -1.15227630   1.70401814  -0.18223986   -0.72373726   0.78246532  -0.18223413
2455395.288547  1.082408e+00    -1.15232002   1.70399286  -0.18223829   -0.72372220   0.78246764  -0.18223256
2455395.292374  7.365309e-01    -1.15236364   1.70396765  -0.18223673   -0.72370719   0.78246995  -0.18223100
2455395.296322  7.324720e-01    -1.15240863   1.70394164  -0.18223512   -0.72369170   0.78247233  -0.18222938
2455395.300154  8.798144e-01    -1.15245230   1.70391640  -0.18223355   -0.72367667   0.78247465  -0.18222782
2455395.303991  8.621662e-01    -1.15249603   1.70389112  -0.18223198   -0.72366162   0.78247698  -0.18222625
2455395.307826  8.317465e-01    -1.15253973   1.70386585  -0.18223041   -0.72364658   0.78247931  -0.18222468
2455395.311651  9.817277e-01    -1.15258332   1.70384065  -0.18222885   -0.72363158   0.78248163  -0.18222312
2455395.315475  9.602649e-01    -1.15262690   1.70381545  -0.18222728   -0.72361658   0.78248396  -0.18222155
2455395.319302  8.961712e-01    -1.15267051   1.70379024  -0.18222572   -0.72360157   0.78248629  -0.18221999
31 0 0.12 2006.8-2010.6 V 703_CATALINA
2453975.794065 7.243979e-01 -2.205978e+00 5.321378e-01 -9.144264e-02 -1.292235e+00 1.014305e-01 -9.144594e-02
2453975.803095 6.606533e-01 -2.206022e+00 5.320380e-01 -9.143406e-02 -1.292216e+00 1.014706e-01 -9.143736e-02
2453975.812205 6.606479e-01 -2.206067e+00 5.319373e-01 -9.142540e-02 -1.292197e+00 1.015111e-01 -9.142870e-02
2453975.821265 6.606425e-01 -2.206112e+00 5.318371e-01 -9.141680e-02 -1.292177e+00 1.015514e-01 -9.142009e-02
2453990.845005 8.965734e-01 -2.273971e+00 3.644213e-01 -7.689732e-02 -1.284845e+00 1.784121e-01 -7.689953e-02
2453990.849795 8.177037e-01 -2.273991e+00 3.643675e-01 -7.689262e-02 -1.284851e+00 1.784390e-01 -7.689483e-02
2453990.854575 6.801522e-01 -2.274010e+00 3.643139e-01 -7.688792e-02 -1.284856e+00 1.784659e-01 -7.689014e-02
2453990.859415 7.457897e-01 -2.274030e+00 3.642596e-01 -7.688317e-02 -1.284862e+00 1.784931e-01 -7.688539e-02
2453997.714044 8.533757e-01 -2.300851e+00 2.871506e-01 -7.011282e-02 -1.298631e+00 2.178499e-01 -7.011449e-02
2453997.725314 8.534483e-01 -2.300893e+00 2.870235e-01 -7.010162e-02 -1.298663e+00 2.179155e-01 -7.010329e-02
2453997.736644 8.535213e-01 -2.300935e+00 2.868958e-01 -7.009036e-02 -1.298695e+00 2.179815e-01 -7.009203e-02
2453997.747923 9.359474e-01 -2.300977e+00 2.867686e-01 -7.007915e-02 -1.298727e+00 2.180472e-01 -7.008082e-02
2454050.645402 3.132917e-01 -2.423819e+00 -3.125434e-01 -1.585716e-02 -1.767824e+00 4.290610e-01 -1.585448e-02
2454050.655111 2.376954e-01 -2.423829e+00 -3.126528e-01 -1.584701e-02 -1.767961e+00 4.290616e-01 -1.584434e-02
2454050.664851 5.446194e-01 -2.423838e+00 -3.127625e-01 -1.583684e-02 -1.768099e+00 4.290622e-01 -1.583417e-02
2454050.674580 4.967812e-01 -2.423848e+00 -3.128722e-01 -1.582668e-02 -1.768236e+00 4.290628e-01 -1.582400e-02
2454878.836990 9.149922e-01 2.584170e+00 -1.271311e+00 1.680995e-01 1.749440e+00 -7.428039e-01 1.681024e-01
2454878.843671 1.100019e+00 2.584187e+00 -1.271249e+00 1.680940e-01 1.749393e+00 -7.428398e-01 1.680969e-01
2454878.850321 6.329701e-01 2.584203e+00 -1.271187e+00 1.680885e-01 1.749346e+00 -7.428756e-01 1.680914e-01
2454888.767878 8.758250e-01 2.607347e+00 -1.178920e+00 1.598181e-01 1.691474e+00 -8.026431e-01 1.598210e-01
2454888.778208 8.757990e-01 2.607369e+00 -1.178823e+00 1.598093e-01 1.691427e+00 -8.027113e-01 1.598123e-01
2454888.788698 1.052910e+00 2.607392e+00 -1.178725e+00 1.598005e-01 1.691378e+00 -8.027806e-01 1.598035e-01
2454888.799068 1.265839e+00 2.607414e+00 -1.178627e+00 1.597917e-01 1.691330e+00 -8.028490e-01 1.597947e-01
2454907.727885 5.525188e-01 2.642541e+00 -9.985526e-01 1.434630e-01 1.649212e+00 -9.400902e-01 1.434660e-01
2454907.732765 6.642823e-01 2.642548e+00 -9.985055e-01 1.434587e-01 1.649213e+00 -9.401273e-01 1.434617e-01
2454907.737624 5.525331e-01 2.642556e+00 -9.984587e-01 1.434544e-01 1.649214e+00 -9.401642e-01 1.434574e-01
2454907.742414 5.525402e-01 2.642563e+00 -9.984125e-01 1.434502e-01 1.649215e+00 -9.402006e-01 1.434532e-01
2455352.876575 3.219350e-01 -6.387712e-01 1.928492e+00 -1.938377e-01 -9.104893e-01 9.509505e-01 -1.938335e-01
2455352.884425 3.219028e-01 -6.388710e-01 1.928461e+00 -1.938366e-01 -9.104610e-01 9.508830e-01 -1.938324e-01
2455352.891865 3.218724e-01 -6.389655e-01 1.928431e+00 -1.938356e-01 -9.104343e-01 9.508190e-01 -1.938314e-01
2455352.899346 3.528925e-01 -6.390605e-01 1.928402e+00 -1.938346e-01 -9.104074e-01 9.507547e-01 -1.938304e-01
1 1
2 0.15
