2	0.5	1000	 1	period_start period_step period_end fixed/free
0.0				initial epoch
0.0				initial rotation angle      
0.1				convexity weight      
3 3				degree and order of spherical harmonics      
6				number of rows        
0.5	1			scattering parameters
0.1	1
-0.5	1     
0.1	0			LS coeff                 
50				iteration stop condidion
10				minimum number of iterations (only if the above value < 1)
5				Alamda multiplicative factor
0.1				Alamda initial value
3
61 0   0.014   2010-03-13.2   R   Warner
2455268.579556  9.256508e-01     1.57855732  -1.30122600  -0.14006941    0.59383325  -1.16700544  -0.14006720
2455268.591018  8.607488e-01     1.57861280  -1.30110171  -0.14001683    0.59385891  -1.16707727  -0.14001462
2455268.594820  8.473954e-01     1.57863120  -1.30106048  -0.13999939    0.59386743  -1.16710110  -0.13999717
2455268.598666  8.840888e-01     1.57864983  -1.30101876  -0.13998174    0.59387606  -1.16712521  -0.13997953
2455268.602460  9.113927e-01     1.57866819  -1.30097761  -0.13996433    0.59388457  -1.16714898  -0.13996212
2455268.606262  9.114130e-01     1.57868659  -1.30093638  -0.13994689    0.59389310  -1.16717281  -0.13994468
2455268.613825  9.984685e-01     1.57872319  -1.30085436  -0.13991220    0.59391008  -1.16722021  -0.13990998
2455268.618756  1.014254e+00     1.57874705  -1.30080088  -0.13988957    0.59392116  -1.16725111  -0.13988736
2455268.622540  1.025549e+00     1.57876536  -1.30075984  -0.13987221    0.59392967  -1.16727482  -0.13987000
2455268.626362  1.005927e+00     1.57878386  -1.30071837  -0.13985467    0.59393827  -1.16729878  -0.13985246
2455268.630161  1.031278e+00     1.57880224  -1.30067717  -0.13983725    0.59394681  -1.16732259  -0.13983503
2455268.633947  1.012478e+00     1.57882056  -1.30063611  -0.13981988    0.59395533  -1.16734631  -0.13981766
2455268.637758  1.002294e+00     1.57883900  -1.30059477  -0.13980239    0.59396391  -1.16737019  -0.13980017
2455268.641577  1.034201e+00     1.57885748  -1.30055335  -0.13978487    0.59397252  -1.16739413  -0.13978265
2455268.645397  1.034224e+00     1.57887596  -1.30051191  -0.13976735    0.59398113  -1.16741806  -0.13976512
2455268.657906  1.067201e+00     1.57893647  -1.30037622  -0.13970995    0.59400934  -1.16749646  -0.13970773
2455268.661724  1.094098e+00     1.57895494  -1.30033480  -0.13969243    0.59401796  -1.16752038  -0.13969021
2455268.665509  1.092108e+00     1.57897324  -1.30029374  -0.13967507    0.59402651  -1.16754410  -0.13967285
2455268.669320  1.098185e+00     1.57899167  -1.30025240  -0.13965758    0.59403512  -1.16756798  -0.13965536
2455268.673097  1.079158e+00     1.57900994  -1.30021143  -0.13964026    0.59404365  -1.16759165  -0.13963803
2455268.676874  1.057535e+00     1.57902821  -1.30017045  -0.13962293    0.59405219  -1.16761532  -0.13962070
2455268.680720  1.060485e+00     1.57904680  -1.30012873  -0.13960528    0.59406089  -1.16763942  -0.13960306
2455268.684552  1.050786e+00     1.57906534  -1.30008715  -0.13958770    0.59406957  -1.16766344  -0.13958547
2455268.688331  1.046945e+00     1.57908361  -1.30004615  -0.13957036    0.59407812  -1.16768712  -0.13956813
2455268.692145  1.019374e+00     1.57910205  -1.30000477  -0.13955286    0.59408676  -1.16771102  -0.13955063
2455268.697004  9.637087e-01     1.57912555  -1.29995206  -0.13953056    0.59409777  -1.16774147  -0.13952834
2455268.700795  9.540157e-01     1.57914388  -1.29991093  -0.13951317    0.59410637  -1.16776523  -0.13951094
2455268.704570  9.628641e-01     1.57916213  -1.29986997  -0.13949585    0.59411493  -1.16778888  -0.13949362
2455268.708378  9.375073e-01     1.57918053  -1.29982866  -0.13947838    0.59412357  -1.16781274  -0.13947615
2455268.712160  9.383922e-01     1.57919882  -1.29978761  -0.13946102    0.59413215  -1.16783645  -0.13945879
2455268.715958  9.541002e-01     1.57921718  -1.29974641  -0.13944360    0.59414078  -1.16786025  -0.13944137
2455268.719793  9.567619e-01     1.57923572  -1.29970480  -0.13942600    0.59414949  -1.16788428  -0.13942377
2455268.723623  9.844954e-01     1.57925423  -1.29966324  -0.13940843    0.59415819  -1.16790828  -0.13940620
2455268.727414  9.585686e-01     1.57927255  -1.29962211  -0.13939103    0.59416681  -1.16793203  -0.13938880
2455268.731242  9.647905e-01     1.57929105  -1.29958057  -0.13937347    0.59417552  -1.16795602  -0.13937124
2455268.736181  9.692720e-01     1.57931492  -1.29952698  -0.13935081    0.59418675  -1.16798697  -0.13934857
2455268.739963  9.973677e-01     1.57933320  -1.29948593  -0.13933345    0.59419537  -1.16801067  -0.13933122
2455268.743753  1.042473e+00     1.57935152  -1.29944480  -0.13931606    0.59420400  -1.16803442  -0.13931383
2455268.747532  1.065797e+00     1.57936978  -1.29940380  -0.13929872    0.59421261  -1.16805810  -0.13929649
2455268.751322  1.069754e+00     1.57938809  -1.29936267  -0.13928133    0.59422124  -1.16808185  -0.13927910
2455268.755098  1.068794e+00     1.57940634  -1.29932169  -0.13926401    0.59422985  -1.16810551  -0.13926177
2455268.758916  1.090696e+00     1.57942479  -1.29928026  -0.13924649    0.59423856  -1.16812944  -0.13924425
2455268.762699  1.121278e+00     1.57944306  -1.29923921  -0.13922913    0.59424720  -1.16815314  -0.13922689
2455268.766478  1.150596e+00     1.57946132  -1.29919820  -0.13921179    0.59425582  -1.16817682  -0.13920955
2455268.770290  1.131703e+00     1.57947974  -1.29915682  -0.13919429    0.59426453  -1.16820071  -0.13919206
2455268.775158  1.114153e+00     1.57950326  -1.29910399  -0.13917196    0.59427565  -1.16823121  -0.13916972
2455268.778937  1.107018e+00     1.57952151  -1.29906298  -0.13915462    0.59428429  -1.16825489  -0.13915238
2455268.782716  1.064056e+00     1.57953976  -1.29902196  -0.13913728    0.59429293  -1.16827857  -0.13913504
2455268.790312  9.642367e-01     1.57957645  -1.29893952  -0.13910242    0.59431031  -1.16832617  -0.13910018
2455268.794094  9.345299e-01     1.57959472  -1.29889847  -0.13908507    0.59431897  -1.16834987  -0.13908283
2455268.797878  9.049048e-01     1.57961300  -1.29885739  -0.13906770    0.59432764  -1.16837358  -0.13906546
2455268.801669  8.884082e-01     1.57963130  -1.29881625  -0.13905031    0.59433633  -1.16839734  -0.13904806
2455268.805453  8.706071e-01     1.57964958  -1.29877518  -0.13903294    0.59434500  -1.16842105  -0.13903070
2455268.809268  8.754514e-01     1.57966800  -1.29873377  -0.13901544    0.59435375  -1.16844495  -0.13901319
2455268.814231  8.787084e-01     1.57969196  -1.29867990  -0.13899266    0.59436514  -1.16847605  -0.13899042
2455268.818025  9.320822e-01     1.57971028  -1.29863872  -0.13897525    0.59437385  -1.16849982  -0.13897301
2455268.821832  9.626405e-01     1.57972866  -1.29859739  -0.13895778    0.59438259  -1.16852367  -0.13895554
2455268.829443  1.004347e+00     1.57976541  -1.29851477  -0.13892285    0.59440008  -1.16857137  -0.13892061
2455268.833237  1.015531e+00     1.57978373  -1.29847358  -0.13890545    0.59440880  -1.16859514  -0.13890320
2455268.837044  1.034434e+00     1.57980211  -1.29843225  -0.13888798    0.59441756  -1.16861899  -0.13888573
2455268.840829  1.000720e+00     1.57982038  -1.29839117  -0.13887061    0.59442627  -1.16864271  -0.13886836
55 0   0.016   2010-03-16.2   R   Warner
2455271.579601  1.157748e+00     1.59283649  -1.26849144  -0.12628483    0.60164023  -1.18576531  -0.12628221
2455271.583433  1.125186e+00     1.59285441  -1.26844937  -0.12626720    0.60165160  -1.18578919  -0.12626458
2455271.587235  1.111820e+00     1.59287220  -1.26840762  -0.12624970    0.60166288  -1.18581289  -0.12624708
2455271.591045  1.083540e+00     1.59289002  -1.26836580  -0.12623217    0.60167419  -1.18583663  -0.12622955
2455271.594877  1.008452e+00     1.59290794  -1.26832373  -0.12621453    0.60168557  -1.18586051  -0.12621191
2455271.598688  9.728942e-01     1.59292576  -1.26828189  -0.12619700    0.60169689  -1.18588425  -0.12619438
2455271.602505  9.248601e-01     1.59294360  -1.26823998  -0.12617943    0.60170823  -1.18590804  -0.12617681
2455271.610155  8.703556e-01     1.59297937  -1.26815600  -0.12614423    0.60173097  -1.18595570  -0.12614161
2455271.613938  8.695751e-01     1.59299706  -1.26811445  -0.12612682    0.60174223  -1.18597928  -0.12612419
2455271.618882  8.427918e-01     1.59302017  -1.26806017  -0.12610407    0.60175694  -1.18601009  -0.12610144
2455271.622666  8.825324e-01     1.59303786  -1.26801862  -0.12608665    0.60176820  -1.18603366  -0.12608403
2455271.626478  8.817409e-01     1.59305568  -1.26797677  -0.12606911    0.60177955  -1.18605741  -0.12606649
2455271.630289  9.292901e-01     1.59307350  -1.26793492  -0.12605158    0.60179090  -1.18608116  -0.12604895
2455271.634118  9.650765e-01     1.59309139  -1.26789288  -0.12603396    0.60180231  -1.18610502  -0.12603133
2455271.637928  9.930521e-01     1.59310920  -1.26785104  -0.12601642    0.60181366  -1.18612876  -0.12601379
2455271.641723  9.894237e-01     1.59312694  -1.26780937  -0.12599896    0.60182497  -1.18615240  -0.12599633
2455271.645547  1.019982e+00     1.59314481  -1.26776738  -0.12598136    0.60183638  -1.18617623  -0.12597873
2455271.649326  1.020007e+00     1.59316247  -1.26772588  -0.12596397    0.60184765  -1.18619977  -0.12596134
2455271.658095  9.804533e-01     1.59320345  -1.26762959  -0.12592362    0.60187382  -1.18625440  -0.12592099
2455271.661875  9.795735e-01     1.59322111  -1.26758808  -0.12590622    0.60188510  -1.18627795  -0.12590359
2455271.665722  9.868418e-01     1.59323909  -1.26754583  -0.12588851    0.60189660  -1.18630192  -0.12588588
2455271.669536  1.029575e+00     1.59325691  -1.26750394  -0.12587096    0.60190799  -1.18632569  -0.12586833
2455271.673315  1.035305e+00     1.59327456  -1.26746244  -0.12585357    0.60191928  -1.18634923  -0.12585094
2455271.677125  1.041066e+00     1.59329236  -1.26742060  -0.12583604    0.60193067  -1.18637296  -0.12583341
2455271.680894  1.064360e+00     1.59330997  -1.26737921  -0.12581869    0.60194194  -1.18639644  -0.12581606
2455271.684702  1.063406e+00     1.59332776  -1.26733739  -0.12580117    0.60195334  -1.18642016  -0.12579854
2455271.688525  1.060497e+00     1.59334562  -1.26729541  -0.12578358    0.60196477  -1.18644398  -0.12578094
2455271.692331  1.055650e+00     1.59336340  -1.26725359  -0.12576606    0.60197617  -1.18646769  -0.12576342
2455271.701046  1.043142e+00     1.59340410  -1.26715788  -0.12572595    0.60200227  -1.18652198  -0.12572331
2455271.708707  1.037443e+00     1.59343988  -1.26707374  -0.12569069    0.60202523  -1.18656970  -0.12568806
2455271.712518  1.003632e+00     1.59345767  -1.26703188  -0.12567316    0.60203665  -1.18659344  -0.12567052
2455271.716356  1.009218e+00     1.59347560  -1.26698972  -0.12565549    0.60204816  -1.18661735  -0.12565286
2455271.720151  9.366890e-01     1.59349332  -1.26694803  -0.12563802    0.60205955  -1.18664099  -0.12563539
2455271.723958  9.401688e-01     1.59351110  -1.26690621  -0.12562050    0.60207097  -1.18666470  -0.12561787
2455271.727791  9.095283e-01     1.59352899  -1.26686411  -0.12560286    0.60208248  -1.18668858  -0.12560022
2455271.731607  9.419473e-01     1.59354681  -1.26682220  -0.12558530    0.60209394  -1.18671234  -0.12558266
2455271.736544  9.437130e-01     1.59356985  -1.26676797  -0.12556258    0.60210877  -1.18674309  -0.12555994
2455271.740389  9.137987e-01     1.59358780  -1.26672573  -0.12554489    0.60212032  -1.18676704  -0.12554225
2455271.744223  9.282409e-01     1.59360570  -1.26668362  -0.12552724    0.60213184  -1.18679092  -0.12552460
2455271.747992  9.507604e-01     1.59362330  -1.26664220  -0.12550989    0.60214318  -1.18681440  -0.12550725
2455271.751800  9.578147e-01     1.59364107  -1.26660037  -0.12549237    0.60215463  -1.18683812  -0.12548972
2455271.755617  9.534367e-01     1.59365889  -1.26655844  -0.12547480    0.60216611  -1.18686189  -0.12547216
2455271.759400  9.792693e-01     1.59367654  -1.26651688  -0.12545739    0.60217750  -1.18688545  -0.12545475
2455271.763210  1.000259e+00     1.59369432  -1.26647503  -0.12543985    0.60218897  -1.18690918  -0.12543721
2455271.767018  1.000283e+00     1.59371209  -1.26643319  -0.12542233    0.60220044  -1.18693290  -0.12541968
2455271.770791  1.004924e+00     1.59372970  -1.26639174  -0.12540496    0.60221180  -1.18695639  -0.12540232
2455271.775783  1.035015e+00     1.59375300  -1.26633689  -0.12538198    0.60222685  -1.18698749  -0.12537934
2455271.779588  1.066982e+00     1.59377075  -1.26629508  -0.12536447    0.60223831  -1.18701118  -0.12536183
2455271.783427  1.070946e+00     1.59378866  -1.26625291  -0.12534680    0.60224989  -1.18703509  -0.12534416
2455271.787213  1.126621e+00     1.59380633  -1.26621131  -0.12532938    0.60226131  -1.18705867  -0.12532673
2455271.798617  1.152946e+00     1.59385953  -1.26608600  -0.12527689    0.60229573  -1.18712969  -0.12527424
2455271.802459  1.136107e+00     1.59387746  -1.26604379  -0.12525921    0.60230733  -1.18715361  -0.12525656
2455271.806278  1.079020e+00     1.59389527  -1.26600183  -0.12524163    0.60231887  -1.18717740  -0.12523898
2455271.810079  1.006098e+00     1.59391300  -1.26596007  -0.12522414    0.60233035  -1.18720106  -0.12522149
2455271.814969  9.269437e-01     1.59393581  -1.26590633  -0.12520163    0.60234513  -1.18723151  -0.12519898
38 0 0.12 2007.12-2010.4 V 703_CATALINA
2454439.538671 1.915665e+00 -2.236811e+00 9.631205e-01 -9.927549e-02 -1.938571e+00 1.902426e+00 -9.927433e-02
2454439.542891 2.303269e+00 -2.236838e+00 9.630883e-01 -9.929166e-02 -1.938669e+00 1.902415e+00 -9.929050e-02
2454439.547070 1.747308e+00 -2.236866e+00 9.630564e-01 -9.930767e-02 -1.938767e+00 1.902405e+00 -9.930652e-02
2454439.551230 2.303531e+00 -2.236893e+00 9.630247e-01 -9.932361e-02 -1.938863e+00 1.902395e+00 -9.932246e-02
2454650.900693 1.817358e+00 -2.703762e+00 -8.118151e-01 -7.883676e-01 -2.497405e+00 -1.807375e+00 -7.883695e-01
2454650.910544 2.184816e+00 -2.703746e+00 -8.118955e-01 -7.883917e-01 -2.497225e+00 -1.807421e+00 -7.883936e-01
2454650.915444 2.184752e+00 -2.703738e+00 -8.119355e-01 -7.884037e-01 -2.497136e+00 -1.807444e+00 -7.884056e-01
2454770.698033 2.855572e+00 -2.295548e+00 -1.699394e+00 -1.010997e+00 -1.513432e+00 -1.088051e+00 -1.010998e+00
2454770.705623 2.855600e+00 -2.295510e+00 -1.699443e+00 -1.011006e+00 -1.513476e+00 -1.087998e+00 -1.011008e+00
2454770.713423 2.855628e+00 -2.295471e+00 -1.699494e+00 -1.011016e+00 -1.513522e+00 -1.087943e+00 -1.011017e+00
2454770.721183 2.604390e+00 -2.295432e+00 -1.699544e+00 -1.011026e+00 -1.513567e+00 -1.087889e+00 -1.011027e+00
2454778.689889 2.205690e+00 -2.254699e+00 -1.750651e+00 -1.020570e+00 -1.566777e+00 -1.037753e+00 -1.020571e+00
2454778.702258 2.418588e+00 -2.254635e+00 -1.750729e+00 -1.020585e+00 -1.566869e+00 -1.037684e+00 -1.020585e+00
2454778.714698 2.418685e+00 -2.254570e+00 -1.750808e+00 -1.020599e+00 -1.566962e+00 -1.037615e+00 -1.020600e+00
2455153.968434 1.856460e+00 7.657200e-01 -2.235449e+00 -6.105103e-01 1.316850e+00 -1.414897e+00 -6.105140e-01
2455153.975675 1.692894e+00 7.657824e-01 -2.235409e+00 -6.104852e-01 1.316807e+00 -1.414789e+00 -6.104888e-01
2455153.983035 1.855979e+00 7.658457e-01 -2.235369e+00 -6.104595e-01 1.316763e+00 -1.414679e+00 -6.104632e-01
2455153.990406 1.855736e+00 7.659092e-01 -2.235329e+00 -6.104339e-01 1.316719e+00 -1.414568e+00 -6.104375e-01
2455209.826045 2.698459e+00 1.214668e+00 -1.858063e+00 -3.975516e-01 8.323730e-01 -9.518519e-01 -3.975529e-01
2455209.834155 2.698137e+00 1.214728e+00 -1.857998e+00 -3.975182e-01 8.323016e-01 -9.518412e-01 -3.975194e-01
2455209.842566 2.697803e+00 1.214789e+00 -1.857930e+00 -3.974835e-01 8.322275e-01 -9.518300e-01 -3.974847e-01
2455209.851226 2.460113e+00 1.214853e+00 -1.857860e+00 -3.974478e-01 8.321512e-01 -9.518186e-01 -3.974490e-01
2455232.670543 2.798596e+00 1.373067e+00 -1.660977e+00 -3.007917e-01 6.626728e-01 -9.773133e-01 -3.007913e-01
2455232.675043 2.798524e+00 1.373096e+00 -1.660936e+00 -3.007721e-01 6.626471e-01 -9.773281e-01 -3.007718e-01
2455232.679603 2.798451e+00 1.373126e+00 -1.660894e+00 -3.007523e-01 6.626212e-01 -9.773430e-01 -3.007520e-01
2455232.684363 2.798375e+00 1.373157e+00 -1.660850e+00 -3.007317e-01 6.625941e-01 -9.773587e-01 -3.007313e-01
2455241.712899 2.467278e+00 1.430321e+00 -1.576075e+00 -2.611962e-01 6.189198e-01 -1.013218e+00 -2.611952e-01
2455241.720159 2.467245e+00 1.430366e+00 -1.576006e+00 -2.611642e-01 6.188911e-01 -1.013252e+00 -2.611632e-01
2455241.727479 2.467212e+00 1.430411e+00 -1.575935e+00 -2.611318e-01 6.188623e-01 -1.013285e+00 -2.611308e-01
2455241.734709 2.467180e+00 1.430455e+00 -1.575866e+00 -2.610999e-01 6.188338e-01 -1.013319e+00 -2.610989e-01
2455276.650399 1.758060e+00 1.615828e+00 -1.212262e+00 -1.028975e-01 6.197921e-01 -1.217011e+00 -1.028941e-01
2455276.656679 1.758134e+00 1.615855e+00 -1.212192e+00 -1.028684e-01 6.198184e-01 -1.217049e+00 -1.028651e-01
2455276.662909 1.758208e+00 1.615883e+00 -1.212122e+00 -1.028396e-01 6.198446e-01 -1.217087e+00 -1.028363e-01
2455276.669149 1.758282e+00 1.615910e+00 -1.212052e+00 -1.028108e-01 6.198708e-01 -1.217125e+00 -1.028075e-01
2455296.616807 1.683855e+00 1.691352e+00 -9.802698e-01 -1.008410e-02 7.499781e-01 -1.322782e+00 -1.007987e-02
2455296.622227 1.683919e+00 1.691369e+00 -9.802047e-01 -1.005882e-02 7.500255e-01 -1.322804e+00 -1.005460e-02
2455296.627667 1.535811e+00 1.691386e+00 -9.801393e-01 -1.003345e-02 7.500731e-01 -1.322827e+00 -1.002923e-02
2455296.633076 1.535870e+00 1.691403e+00 -9.800742e-01 -1.000822e-02 7.501205e-01 -1.322850e+00 -1.000399e-02
1 1
2 1
3 0.15
