2	0.5	1000	 1	period_start period_step period_end fixed/free
0.0				initial epoch
0.0				initial rotation angle      
0.1				convexity weight      
3 3				degree and order of spherical harmonics      
6				number of rows        
0.5	1			scattering parameters
0.1	1
-0.5	1     
0.1	0			LS coeff                 
50				iteration stop condidion
10				minimum number of iterations (only if the above value < 1)
5				Alamda multiplicative factor
0.1				Alamda initial value
1
112 0 0.12 2006.10-2010.11 V 703_CATALINA
2454025.858431 2.363464e+00 -1.878950e+00 -1.716948e+00 5.043668e-01 -9.667097e-01 -1.315641e+00 5.043676e-01
2454025.864832 2.363346e+00 -1.878905e+00 -1.716998e+00 5.043534e-01 -9.667108e-01 -1.315591e+00 5.043542e-01
2454025.871232 2.363227e+00 -1.878860e+00 -1.717049e+00 5.043401e-01 -9.667120e-01 -1.315541e+00 5.043408e-01
2454025.877642 2.363109e+00 -1.878815e+00 -1.717099e+00 5.043267e-01 -9.667131e-01 -1.315491e+00 5.043275e-01
2454036.802013 2.202189e+00 -1.800109e+00 -1.801598e+00 4.810230e-01 -9.826093e-01 -1.236868e+00 4.810246e-01
2454036.809263 2.647520e+00 -1.800056e+00 -1.801653e+00 4.810072e-01 -9.826288e-01 -1.236821e+00 4.810088e-01
2454036.816594 2.414480e+00 -1.800001e+00 -1.801708e+00 4.809912e-01 -9.826485e-01 -1.236773e+00 4.809929e-01
2454036.823844 2.414393e+00 -1.799948e+00 -1.801763e+00 4.809754e-01 -9.826680e-01 -1.236726e+00 4.809771e-01
2454058.760136 2.568601e+00 -1.631026e+00 -1.960207e+00 4.312785e-01 -1.088102e+00 -1.134382e+00 4.312817e-01
2454058.766746 2.568641e+00 -1.630973e+00 -1.960253e+00 4.312630e-01 -1.088146e+00 -1.134365e+00 4.312662e-01
2454058.773366 2.568681e+00 -1.630920e+00 -1.960298e+00 4.312474e-01 -1.088190e+00 -1.134348e+00 4.312506e-01
2454058.779986 2.568721e+00 -1.630867e+00 -1.960344e+00 4.312319e-01 -1.088234e+00 -1.134332e+00 4.312350e-01
2454080.774151 2.207062e+00 -1.448022e+00 -2.103004e+00 3.778399e-01 -1.259756e+00 -1.136481e+00 3.778441e-01
2454080.781470 2.012990e+00 -1.447959e+00 -2.103049e+00 3.778216e-01 -1.259819e+00 -1.136502e+00 3.778258e-01
2454080.788730 2.207336e+00 -1.447897e+00 -2.103093e+00 3.778034e-01 -1.259881e+00 -1.136523e+00 3.778076e-01
2454080.795970 2.207472e+00 -1.447834e+00 -2.103137e+00 3.777853e-01 -1.259943e+00 -1.136544e+00 3.777895e-01
2454090.686812 1.838050e+00 -1.361587e+00 -2.161653e+00 3.527226e-01 -1.345493e+00 -1.178021e+00 3.527271e-01
2454090.693822 1.528932e+00 -1.361525e+00 -2.161694e+00 3.527047e-01 -1.345553e+00 -1.178060e+00 3.527091e-01
2454090.700841 2.015670e+00 -1.361463e+00 -2.161734e+00 3.526866e-01 -1.345614e+00 -1.178099e+00 3.526911e-01
2454090.707851 1.676681e+00 -1.361401e+00 -2.161774e+00 3.526687e-01 -1.345675e+00 -1.178137e+00 3.526731e-01
2454108.694563 1.551869e+00 -1.198762e+00 -2.258757e+00 3.055929e-01 -1.493021e+00 -1.320477e+00 3.055975e-01
2454108.702093 1.865920e+00 -1.198692e+00 -2.258795e+00 3.055729e-01 -1.493077e+00 -1.320554e+00 3.055774e-01
2454108.709552 2.046118e+00 -1.198623e+00 -2.258832e+00 3.055530e-01 -1.493133e+00 -1.320631e+00 3.055576e-01
2454108.717071 1.866244e+00 -1.198554e+00 -2.258870e+00 3.055329e-01 -1.493189e+00 -1.320708e+00 3.055375e-01
2454125.581527 1.722142e+00 -1.039939e+00 -2.338302e+00 2.598328e-01 -1.599050e+00 -1.528054e+00 2.598371e-01
2454125.591516 2.070707e+00 -1.039843e+00 -2.338346e+00 2.598053e-01 -1.599098e+00 -1.528195e+00 2.598097e-01
2454125.600266 1.888697e+00 -1.039760e+00 -2.338384e+00 2.597813e-01 -1.599141e+00 -1.528320e+00 2.597856e-01
2454125.609005 2.071122e+00 -1.039676e+00 -2.338422e+00 2.597572e-01 -1.599184e+00 -1.528444e+00 2.597616e-01
2454144.585769 1.936785e+00 -8.550790e-01 -2.413945e+00 2.068063e-01 -1.652594e+00 -1.832012e+00 2.068099e-01
2454144.592239 2.123787e+00 -8.550150e-01 -2.413968e+00 2.067881e-01 -1.652597e+00 -1.832125e+00 2.067916e-01
2454144.598698 2.328843e+00 -8.549512e-01 -2.413992e+00 2.067698e-01 -1.652600e+00 -1.832239e+00 2.067734e-01
2454144.605128 1.611275e+00 -8.548877e-01 -2.414015e+00 2.067516e-01 -1.652604e+00 -1.832351e+00 2.067552e-01
2454168.603142 1.687430e+00 -6.139023e-01 -2.487739e+00 1.379720e-01 -1.585078e+00 -2.281997e+00 1.379741e-01
2454168.607362 1.687491e+00 -6.138593e-01 -2.487749e+00 1.379598e-01 -1.585051e+00 -2.282079e+00 1.379619e-01
2454168.611581 1.850366e+00 -6.138163e-01 -2.487760e+00 1.379475e-01 -1.585025e+00 -2.282161e+00 1.379497e-01
2454168.615791 2.439346e+00 -6.137734e-01 -2.487771e+00 1.379353e-01 -1.584998e+00 -2.282243e+00 1.379375e-01
2454382.990461 1.306327e+00 1.519502e+00 -2.025729e+00 -4.554178e-01 2.481160e+00 -1.755404e+00 -4.554195e-01
2454382.993701 1.432329e+00 1.519529e+00 -2.025708e+00 -4.554251e-01 2.481171e+00 -1.755330e+00 -4.554268e-01
2454403.971076 1.623742e+00 1.688971e+00 -1.880552e+00 -5.010435e-01 2.486795e+00 -1.289221e+00 -5.010441e-01
2454403.978307 1.623648e+00 1.689028e+00 -1.880500e+00 -5.010585e-01 2.486775e+00 -1.289069e+00 -5.010592e-01
2454403.985617 1.231591e+00 1.689084e+00 -1.880446e+00 -5.010738e-01 2.486755e+00 -1.288915e+00 -5.010745e-01
2454411.955750 1.386351e+00 1.750156e+00 -1.821475e+00 -5.174233e-01 2.456521e+00 -1.126349e+00 -5.174235e-01
2454411.962230 1.520019e+00 1.750205e+00 -1.821426e+00 -5.174363e-01 2.456490e+00 -1.126221e+00 -5.174366e-01
2454411.968711 1.519935e+00 1.750254e+00 -1.821377e+00 -5.174494e-01 2.456459e+00 -1.126093e+00 -5.174496e-01
2454411.975171 1.666483e+00 1.750302e+00 -1.821329e+00 -5.174624e-01 2.456428e+00 -1.125966e+00 -5.174627e-01
2454440.942982 1.387007e+00 1.955644e+00 -1.590691e+00 -5.719836e-01 2.230373e+00 -6.444521e-01 -5.719824e-01
2454440.951362 1.667403e+00 1.955699e+00 -1.590621e+00 -5.719982e-01 2.230287e+00 -6.443423e-01 -5.719970e-01
2454440.959743 1.520558e+00 1.955755e+00 -1.590551e+00 -5.720128e-01 2.230202e+00 -6.442324e-01 -5.720116e-01
2454450.926424 1.645186e+00 2.020034e+00 -1.505723e+00 -5.889042e-01 2.123643e+00 -5.270501e-01 -5.889025e-01
2454450.933204 1.368307e+00 2.020077e+00 -1.505665e+00 -5.889153e-01 2.123568e+00 -5.269797e-01 -5.889137e-01
2454450.939865 1.977663e+00 2.020119e+00 -1.505607e+00 -5.889263e-01 2.123494e+00 -5.269105e-01 -5.889247e-01
2454450.946575 1.803520e+00 2.020161e+00 -1.505549e+00 -5.889373e-01 2.123419e+00 -5.268408e-01 -5.889357e-01
2454477.895443 1.479422e+00 2.176516e+00 -1.263830e+00 -6.295316e-01 1.817132e+00 -3.484093e-01 -6.295292e-01
2454477.901393 1.479331e+00 2.176548e+00 -1.263775e+00 -6.295398e-01 1.817067e+00 -3.483919e-01 -6.295373e-01
2454477.907384 1.621954e+00 2.176580e+00 -1.263720e+00 -6.295479e-01 1.817001e+00 -3.483743e-01 -6.295455e-01
2454477.913344 1.479149e+00 2.176611e+00 -1.263664e+00 -6.295561e-01 1.816936e+00 -3.483569e-01 -6.295536e-01
2454497.850444 1.951592e+00 2.275136e+00 -1.074648e+00 -6.546243e-01 1.619237e+00 -3.394235e-01 -6.546216e-01
2454497.855955 1.623195e+00 2.275161e+00 -1.074595e+00 -6.546306e-01 1.619190e+00 -3.394337e-01 -6.546279e-01
2454497.863965 1.779689e+00 2.275198e+00 -1.074517e+00 -6.546399e-01 1.619122e+00 -3.394485e-01 -6.546371e-01
2454497.869585 1.623026e+00 2.275223e+00 -1.074463e+00 -6.546463e-01 1.619074e+00 -3.394589e-01 -6.546436e-01
2454504.797456 1.859883e+00 2.305915e+00 -1.007032e+00 -6.623363e-01 1.563991e+00 -3.570965e-01 -6.623336e-01
2454504.804177 1.859806e+00 2.305944e+00 -1.006966e+00 -6.623435e-01 1.563941e+00 -3.571181e-01 -6.623408e-01
2454504.810867 1.696094e+00 2.305973e+00 -1.006901e+00 -6.623507e-01 1.563892e+00 -3.571396e-01 -6.623480e-01
2454504.817597 1.859653e+00 2.306002e+00 -1.006835e+00 -6.623579e-01 1.563843e+00 -3.571612e-01 -6.623552e-01
2454514.731117 2.130467e+00 2.346677e+00 -9.089377e-01 -6.724307e-01 1.501170e+00 -3.973894e-01 -6.724280e-01
2454514.737427 1.942966e+00 2.346702e+00 -9.088749e-01 -6.724367e-01 1.501137e+00 -3.974199e-01 -6.724341e-01
2454514.743587 1.942924e+00 2.346726e+00 -9.088135e-01 -6.724427e-01 1.501104e+00 -3.974497e-01 -6.724400e-01
2454514.749737 1.942882e+00 2.346750e+00 -9.087523e-01 -6.724486e-01 1.501072e+00 -3.974794e-01 -6.724459e-01
2454525.742859 2.288355e+00 2.387330e+00 -7.984494e-01 -6.823219e-01 1.456917e+00 -4.581589e-01 -6.823194e-01
2454525.749959 2.288352e+00 2.387355e+00 -7.983776e-01 -6.823279e-01 1.456897e+00 -4.582023e-01 -6.823253e-01
2454525.757039 2.288349e+00 2.387379e+00 -7.983060e-01 -6.823338e-01 1.456878e+00 -4.582456e-01 -6.823312e-01
2454525.764099 2.288346e+00 2.387404e+00 -7.982346e-01 -6.823397e-01 1.456859e+00 -4.582887e-01 -6.823371e-01
2454532.958725 2.101021e+00 2.411354e+00 -7.251608e-01 -6.880557e-01 1.443739e+00 -5.043055e-01 -6.880534e-01
2454532.966215 2.303758e+00 2.411378e+00 -7.250844e-01 -6.880614e-01 1.443732e+00 -5.043553e-01 -6.880590e-01
2454532.973705 2.101085e+00 2.411402e+00 -7.250080e-01 -6.880670e-01 1.443725e+00 -5.044050e-01 -6.880646e-01
2454532.981205 2.101117e+00 2.411425e+00 -7.249315e-01 -6.880727e-01 1.443718e+00 -5.044547e-01 -6.880703e-01
2454538.712760 2.136275e+00 2.429014e+00 -6.662681e-01 -6.922009e-01 1.442631e+00 -5.432373e-01 -6.921986e-01
2454538.719860 2.136332e+00 2.429035e+00 -6.661952e-01 -6.922057e-01 1.442635e+00 -5.432860e-01 -6.922035e-01
2454538.726920 2.136388e+00 2.429056e+00 -6.661227e-01 -6.922106e-01 1.442639e+00 -5.433345e-01 -6.922083e-01
2454538.733980 2.136445e+00 2.429077e+00 -6.660502e-01 -6.922154e-01 1.442643e+00 -5.433830e-01 -6.922132e-01
2454557.785033 1.822621e+00 2.477973e+00 -4.686182e-01 -7.032133e-01 1.499729e+00 -6.731716e-01 -7.032117e-01
2454557.793133 1.662361e+00 2.477991e+00 -4.685336e-01 -7.032171e-01 1.499773e+00 -6.732239e-01 -7.032155e-01
2454557.801222 1.662472e+00 2.478008e+00 -4.684491e-01 -7.032209e-01 1.499817e+00 -6.732761e-01 -7.032193e-01
2454557.809312 1.662583e+00 2.478026e+00 -4.683645e-01 -7.032247e-01 1.499861e+00 -6.733284e-01 -7.032231e-01
2454566.644756 1.799741e+00 2.495671e+00 -3.757744e-01 -7.068961e-01 1.557359e+00 -7.271491e-01 -7.068948e-01
2454566.653606 1.641523e+00 2.495687e+00 -3.756814e-01 -7.068993e-01 1.557426e+00 -7.271992e-01 -7.068980e-01
2454566.662395 1.641662e+00 2.495703e+00 -3.755890e-01 -7.069025e-01 1.557492e+00 -7.272490e-01 -7.069012e-01
2454566.671285 1.497341e+00 2.495719e+00 -3.754956e-01 -7.069058e-01 1.557560e+00 -7.272994e-01 -7.069045e-01
2454574.774189 1.123827e+00 2.509077e+00 -2.901572e-01 -7.094729e-01 1.626468e+00 -7.692065e-01 -7.094719e-01
2454574.782889 1.781308e+00 2.509090e+00 -2.900654e-01 -7.094752e-01 1.626549e+00 -7.692468e-01 -7.094743e-01
2454574.791648 1.351384e+00 2.509103e+00 -2.899730e-01 -7.094776e-01 1.626632e+00 -7.692874e-01 -7.094766e-01
2454574.800368 1.781633e+00 2.509116e+00 -2.898810e-01 -7.094799e-01 1.626714e+00 -7.693277e-01 -7.094790e-01
2454593.703593 1.381671e+00 2.529761e+00 -8.973567e-02 -7.124965e-01 1.840179e+00 -8.265370e-01 -7.124963e-01
2454593.710003 1.381770e+00 2.529766e+00 -8.966765e-02 -7.124968e-01 1.840262e+00 -8.265447e-01 -7.124966e-01
2454593.716442 1.515190e+00 2.529770e+00 -8.959931e-02 -7.124971e-01 1.840346e+00 -8.265525e-01 -7.124969e-01
2454593.722862 1.149471e+00 2.529775e+00 -8.953118e-02 -7.124974e-01 1.840429e+00 -8.265602e-01 -7.124973e-01
2455456.873403 1.925338e+00 -2.510814e+00 -4.098674e-01 6.993022e-01 -1.510796e+00 -5.110100e-01 6.992988e-01
2455456.879773 2.111009e+00 -2.510802e+00 -4.099338e-01 6.992979e-01 -1.510775e+00 -5.109678e-01 6.992945e-01
2455456.886163 2.537892e+00 -2.510790e+00 -4.100004e-01 6.992937e-01 -1.510754e+00 -5.109254e-01 6.992903e-01
2455456.892543 2.314496e+00 -2.510779e+00 -4.100669e-01 6.992894e-01 -1.510733e+00 -5.108831e-01 6.992860e-01
2455481.784645 2.164662e+00 -2.452383e+00 -6.670234e-01 6.791838e-01 -1.506970e+00 -3.471050e-01 6.791787e-01
2455481.790965 2.164675e+00 -2.452365e+00 -6.670878e-01 6.791778e-01 -1.506988e+00 -3.470669e-01 6.791727e-01
2455481.797355 2.373534e+00 -2.452346e+00 -6.671530e-01 6.791718e-01 -1.507007e+00 -3.470284e-01 6.791667e-01
2455481.803685 2.373548e+00 -2.452328e+00 -6.672176e-01 6.791658e-01 -1.507026e+00 -3.469903e-01 6.791607e-01
2455502.751369 1.955432e+00 -2.384044e+00 -8.783369e-01 6.569330e-01 -1.618992e+00 -2.463453e-01 6.569267e-01
2455502.758869 1.955529e+00 -2.384016e+00 -8.784115e-01 6.569242e-01 -1.619049e+00 -2.463209e-01 6.569179e-01
2455502.766408 1.955627e+00 -2.383989e+00 -8.784864e-01 6.569153e-01 -1.619106e+00 -2.462964e-01 6.569090e-01
2455502.773968 1.955725e+00 -2.383961e+00 -8.785616e-01 6.569064e-01 -1.619163e+00 -2.462718e-01 6.569001e-01
2455510.710243 1.725723e+00 -2.353588e+00 -9.569837e-01 6.472404e-01 -1.685022e+00 -2.263396e-01 6.472338e-01
2455510.716013 1.892308e+00 -2.353565e+00 -9.570404e-01 6.472332e-01 -1.685074e+00 -2.263296e-01 6.472265e-01
2455510.721782 1.725887e+00 -2.353542e+00 -9.570970e-01 6.472259e-01 -1.685126e+00 -2.263196e-01 6.472192e-01
2455510.727562 1.892487e+00 -2.353519e+00 -9.571538e-01 6.472186e-01 -1.685178e+00 -2.263096e-01 6.472119e-01
1 0.5
