2	0.5	1000	 1	period_start period_step period_end fixed/free
0.0				initial epoch
0.0				initial rotation angle      
0.1				convexity weight      
3 3				degree and order of spherical harmonics      
6				number of rows        
0.5	1			scattering parameters
0.1	1
-0.5	1     
0.1	0			LS coeff                 
50				iteration stop condidion
10				minimum number of iterations (only if the above value < 1)
5				Alamda multiplicative factor
0.1				Alamda initial value
2
23 0 0.08 2004.4-2008.2 V 689_USNO
2453119.909193 5.573299e+00 1.407617e+00 2.937383e+00 5.566553e-01 5.786091e-01 2.367656e+00 5.566501e-01
2453143.832960 1.044199e+01 1.213480e+00 3.030166e+00 5.481182e-01 6.723309e-01 2.175439e+00 5.481099e-01
2453163.765586 1.150788e+01 1.047355e+00 3.096677e+00 5.390474e-01 8.153592e-01 2.108584e+00 5.390378e-01
2453167.752155 1.724844e+01 1.013707e+00 3.108783e+00 5.370229e-01 8.478350e-01 2.106990e+00 5.370133e-01
2453170.742150 9.132696e+00 9.883833e-01 3.117600e+00 5.354589e-01 8.726114e-01 2.108480e+00 5.354493e-01
2453173.732218 1.205874e+01 9.629873e-01 3.126190e+00 5.338560e-01 8.976089e-01 2.112290e+00 5.338463e-01
2453176.722193 7.495881e+00 9.375219e-01 3.134552e+00 5.322143e-01 9.227005e-01 2.118431e+00 5.322046e-01
2453553.932478 1.178621e+01 -2.174796e+00 2.315234e+00 7.924517e-02 -1.988408e+00 1.315768e+00 7.923733e-02
2453554.929605 1.340482e+01 -2.180992e+00 2.308384e+00 7.762838e-02 -1.978046e+00 1.312139e+00 7.762055e-02
2453561.909056 1.293925e+01 -2.223794e+00 2.259852e+00 6.629293e-02 -1.906799e+00 1.293900e+00 6.628530e-02
2453564.900020 1.475985e+01 -2.241829e+00 2.238742e+00 6.142603e-02 -1.877200e+00 1.289853e+00 6.141853e-02
2453567.890855 1.093657e+01 -2.259676e+00 2.217446e+00 5.655419e-02 -1.848334e+00 1.288010e+00 5.654683e-02
2453638.662576 7.913279e+00 -2.622940e+00 1.662809e+00 -5.920832e-02 -1.620779e+00 1.699757e+00 -5.920869e-02
2453639.659620 1.004088e+01 -2.627186e+00 1.654354e+00 -6.083167e-02 -1.626083e+00 1.708374e+00 -6.083191e-02
2453646.639344 8.928755e+00 -2.656187e+00 1.594714e+00 -7.217826e-02 -1.670657e+00 1.767524e+00 -7.217762e-02
2453650.628094 1.142294e+01 -2.672185e+00 1.560282e+00 -7.864733e-02 -1.701932e+00 1.799972e+00 -7.864619e-02
2454024.870791 1.006309e+01 -1.943181e+00 -1.921869e+00 -4.759559e-01 -1.023955e+00 -1.536110e+00 -4.759552e-01
2454028.857785 9.403175e+00 -1.911260e+00 -1.950474e+00 -4.763805e-01 -1.021856e+00 -1.502687e+00 -4.763795e-01
2454043.807830 1.491393e+01 -1.787858e+00 -2.053836e+00 -4.770335e-01 -1.046709e+00 -1.394817e+00 -4.770314e-01
2454076.698147 1.303169e+01 -1.497196e+00 -2.258116e+00 -4.732031e-01 -1.239500e+00 -1.307213e+00 -4.731991e-01
2454081.683357 1.173364e+01 -1.451026e+00 -2.286133e+00 -4.719877e-01 -1.278392e+00 -1.316802e+00 -4.719835e-01
2454485.914272 8.192448e+00 2.424136e+00 -1.575512e+00 4.958915e-02 1.938103e+00 -7.199912e-01 4.959174e-02
2454501.863970 9.248057e+00 2.520034e+00 -1.444985e+00 7.797016e-02 1.813158e+00 -7.577777e-01 7.797289e-02
75 0 0.12 2005.9-2008.5 V 703_CATALINA
2453618.671765 1.551202e+01 -2.532447e+00 1.828803e+00 -2.655784e-02 -1.570232e+00 1.527791e+00 -2.656065e-02
2453618.678225 1.551248e+01 -2.532478e+00 1.828751e+00 -2.656842e-02 -1.570232e+00 1.527844e+00 -2.657122e-02
2453618.685845 1.551303e+01 -2.532514e+00 1.828689e+00 -2.658089e-02 -1.570231e+00 1.527906e+00 -2.658370e-02
2453618.696105 1.414873e+01 -2.532563e+00 1.828605e+00 -2.659768e-02 -1.570231e+00 1.527991e+00 -2.660049e-02
2453626.636310 1.347271e+01 -2.569708e+00 1.763489e+00 -3.958600e-02 -1.577749e+00 1.595106e+00 -3.958785e-02
2453626.643309 1.347330e+01 -2.569740e+00 1.763431e+00 -3.959744e-02 -1.577763e+00 1.595166e+00 -3.959929e-02
2453626.650299 1.347388e+01 -2.569772e+00 1.763373e+00 -3.960886e-02 -1.577777e+00 1.595226e+00 -3.961072e-02
2453626.657279 1.347446e+01 -2.569804e+00 1.763315e+00 -3.962027e-02 -1.577791e+00 1.595287e+00 -3.962212e-02
2453665.593091 1.282915e+01 -2.728393e+00 1.428925e+00 -1.027985e-01 -1.855514e+00 1.906905e+00 -1.027955e-01
2453665.601120 1.406790e+01 -2.728421e+00 1.428854e+00 -1.028114e-01 -1.855611e+00 1.906954e+00 -1.028084e-01
2453665.609159 1.406893e+01 -2.728450e+00 1.428783e+00 -1.028243e-01 -1.855708e+00 1.907003e+00 -1.028214e-01
2453665.617179 1.283195e+01 -2.728478e+00 1.428711e+00 -1.028372e-01 -1.855805e+00 1.907053e+00 -1.028343e-01
2453686.559197 1.408677e+01 -2.796703e+00 1.239518e+00 -1.362289e-01 -2.156287e+00 1.994234e+00 -1.362238e-01
2453686.565617 1.284798e+01 -2.796722e+00 1.239459e+00 -1.362390e-01 -2.156392e+00 1.994247e+00 -1.362339e-01
2453686.571996 1.171814e+01 -2.796741e+00 1.239400e+00 -1.362491e-01 -2.156497e+00 1.994259e+00 -1.362440e-01
2453686.578436 1.171878e+01 -2.796760e+00 1.239341e+00 -1.362593e-01 -2.156602e+00 1.994271e+00 -1.362542e-01
2453699.548296 1.565295e+01 -2.832703e+00 1.119308e+00 -1.566409e-01 -2.381283e+00 1.997148e+00 -1.566348e-01
2453699.554656 1.187456e+01 -2.832719e+00 1.119248e+00 -1.566508e-01 -2.381399e+00 1.997139e+00 -1.566448e-01
2453699.561015 1.302084e+01 -2.832735e+00 1.119189e+00 -1.566607e-01 -2.381514e+00 1.997129e+00 -1.566547e-01
2453699.567385 1.427776e+01 -2.832752e+00 1.119129e+00 -1.566707e-01 -2.381630e+00 1.997119e+00 -1.566646e-01
2453705.563350 1.637861e+01 -2.847692e+00 1.062961e+00 -1.660024e-01 -2.492327e+00 1.982770e+00 -1.659960e-01
2453705.567709 1.795937e+01 -2.847703e+00 1.062920e+00 -1.660091e-01 -2.492408e+00 1.982756e+00 -1.660028e-01
2453705.576389 1.242564e+01 -2.847723e+00 1.062838e+00 -1.660226e-01 -2.492571e+00 1.982728e+00 -1.660163e-01
2454031.801926 1.837818e+01 -1.887417e+00 -1.971320e+00 -4.766266e-01 -1.022762e+00 -1.479083e+00 -4.766253e-01
2454031.809516 1.837724e+01 -1.887355e+00 -1.971374e+00 -4.766271e-01 -1.022767e+00 -1.479023e+00 -4.766259e-01
2454031.817066 1.837632e+01 -1.887293e+00 -1.971427e+00 -4.766277e-01 -1.022772e+00 -1.478964e+00 -4.766265e-01
2454031.824617 1.837539e+01 -1.887232e+00 -1.971480e+00 -4.766283e-01 -1.022777e+00 -1.478905e+00 -4.766270e-01
2454037.844475 1.944264e+01 -1.837771e+00 -2.013357e+00 -4.769514e-01 -1.030891e+00 -1.434032e+00 -4.769497e-01
2454037.850935 1.944199e+01 -1.837717e+00 -2.013401e+00 -4.769516e-01 -1.030904e+00 -1.433986e+00 -4.769499e-01
2454037.857435 1.944134e+01 -1.837664e+00 -2.013446e+00 -4.769518e-01 -1.030917e+00 -1.433940e+00 -4.769501e-01
2454037.863865 1.944070e+01 -1.837610e+00 -2.013490e+00 -4.769520e-01 -1.030930e+00 -1.433895e+00 -4.769503e-01
2454054.738001 2.233806e+01 -1.694077e+00 -2.125359e+00 -4.765667e-01 -1.093597e+00 -1.339302e+00 -4.765638e-01
2454054.745021 2.233805e+01 -1.694016e+00 -2.125403e+00 -4.765661e-01 -1.093634e+00 -1.339273e+00 -4.765632e-01
2454054.752021 2.233803e+01 -1.693955e+00 -2.125448e+00 -4.765656e-01 -1.093670e+00 -1.339246e+00 -4.765626e-01
2454054.759041 2.233801e+01 -1.693894e+00 -2.125493e+00 -4.765650e-01 -1.093707e+00 -1.339217e+00 -4.765621e-01
2454060.652977 2.244432e+01 -1.642129e+00 -2.162582e+00 -4.759798e-01 -1.127239e+00 -1.319446e+00 -4.759765e-01
2454060.659527 2.244457e+01 -1.642071e+00 -2.162623e+00 -4.759791e-01 -1.127279e+00 -1.319428e+00 -4.759758e-01
2454060.666067 2.244482e+01 -1.642013e+00 -2.162663e+00 -4.759783e-01 -1.127319e+00 -1.319411e+00 -4.759750e-01
2454060.672627 2.244507e+01 -1.641955e+00 -2.162704e+00 -4.759775e-01 -1.127359e+00 -1.319393e+00 -4.759742e-01
2454117.681155 1.154898e+01 -1.103369e+00 -2.463757e+00 -4.582660e-01 -1.543355e+00 -1.583889e+00 -4.582615e-01
2454117.687935 1.154982e+01 -1.103301e+00 -2.463786e+00 -4.582626e-01 -1.543393e+00 -1.583971e+00 -4.582581e-01
2454117.694654 1.155065e+01 -1.103234e+00 -2.463815e+00 -4.582593e-01 -1.543432e+00 -1.584052e+00 -4.582548e-01
2454117.701514 1.155150e+01 -1.103166e+00 -2.463844e+00 -4.582558e-01 -1.543471e+00 -1.584135e+00 -4.582513e-01
2454140.601139 1.017240e+01 -8.708853e-01 -2.553118e+00 -4.450592e-01 -1.624962e+00 -1.917017e+00 -4.450554e-01
2454140.607558 1.017307e+01 -8.708191e-01 -2.553141e+00 -4.450551e-01 -1.624968e+00 -1.917124e+00 -4.450513e-01
2454140.613998 1.017373e+01 -8.707528e-01 -2.553163e+00 -4.450509e-01 -1.624975e+00 -1.917231e+00 -4.450471e-01
2454140.620427 1.115601e+01 -8.706866e-01 -2.553186e+00 -4.450467e-01 -1.624982e+00 -1.917339e+00 -4.450429e-01
2454147.607088 9.075106e+00 -7.984185e-01 -2.576592e+00 -4.403426e-01 -1.626286e+00 -2.037640e+00 -4.403391e-01
2454147.614118 9.951343e+00 -7.983455e-01 -2.576615e+00 -4.403377e-01 -1.626281e+00 -2.037764e+00 -4.403342e-01
2454147.621147 9.076358e+00 -7.982725e-01 -2.576637e+00 -4.403328e-01 -1.626275e+00 -2.037889e+00 -4.403293e-01
2454147.628187 9.076985e+00 -7.981994e-01 -2.576660e+00 -4.403279e-01 -1.626270e+00 -2.038013e+00 -4.403244e-01
2454157.617407 9.983156e+00 -6.939036e-01 -2.606948e+00 -4.330606e-01 -1.605369e+00 -2.220483e+00 -4.330578e-01
2454157.626247 9.983970e+00 -6.938108e-01 -2.606973e+00 -4.330539e-01 -1.605338e+00 -2.220649e+00 -4.330510e-01
2454157.635046 9.106226e+00 -6.937185e-01 -2.606998e+00 -4.330472e-01 -1.605307e+00 -2.220814e+00 -4.330444e-01
2454157.643885 9.106968e+00 -6.936258e-01 -2.607023e+00 -4.330405e-01 -1.605276e+00 -2.220980e+00 -4.330376e-01
2454382.971592 9.340383e+00 1.634751e+00 -2.279893e+00 -1.333306e-01 2.596502e+00 -2.009879e+00 -1.333323e-01
2454382.975902 9.340150e+00 1.634790e+00 -2.279869e+00 -1.333231e-01 2.596520e+00 -2.009785e+00 -1.333248e-01
2454382.980232 9.339916e+00 1.634829e+00 -2.279846e+00 -1.333157e-01 2.596537e+00 -2.009690e+00 -1.333173e-01
2454382.984542 9.339683e+00 1.634867e+00 -2.279822e+00 -1.333082e-01 2.596554e+00 -2.009595e+00 -1.333099e-01
2454388.973379 9.878733e+00 1.688074e+00 -2.246595e+00 -1.229311e-01 2.615135e+00 -1.879176e+00 -1.229325e-01
2454388.977209 1.083156e+01 1.688108e+00 -2.246573e+00 -1.229245e-01 2.615143e+00 -1.879094e+00 -1.229258e-01
2454388.981049 1.083130e+01 1.688142e+00 -2.246551e+00 -1.229178e-01 2.615152e+00 -1.879011e+00 -1.229192e-01
2454388.984900 9.878024e+00 1.688176e+00 -2.246530e+00 -1.229111e-01 2.615160e+00 -1.878928e+00 -1.229125e-01
2454504.861730 1.547498e+01 2.537200e+00 -1.419945e+00 8.328005e-02 1.794529e+00 -7.708451e-01 8.328279e-02
2454504.870460 1.696753e+01 2.537250e+00 -1.419871e+00 8.329550e-02 1.794477e+00 -7.708856e-01 8.329824e-02
2454504.879200 1.547417e+01 2.537299e+00 -1.419798e+00 8.331097e-02 1.794426e+00 -7.709261e-01 8.331371e-02
2454504.887930 1.547377e+01 2.537349e+00 -1.419725e+00 8.332642e-02 1.794374e+00 -7.709667e-01 8.332916e-02
2454533.776178 1.762675e+01 2.688561e+00 -1.170993e+00 1.339576e-01 1.717684e+00 -9.639230e-01 1.339599e-01
2454533.782687 1.607637e+01 2.688592e+00 -1.170935e+00 1.339688e-01 1.717690e+00 -9.639755e-01 1.339712e-01
2454533.789237 1.762803e+01 2.688623e+00 -1.170878e+00 1.339802e-01 1.717696e+00 -9.640283e-01 1.339826e-01
2454533.795757 1.762867e+01 2.688654e+00 -1.170820e+00 1.339915e-01 1.717702e+00 -9.640809e-01 1.339939e-01
2454594.672894 1.185109e+01 2.920866e+00 -6.125991e-01 2.358913e-01 2.243279e+00 -1.360758e+00 2.358914e-01
2454594.679344 1.185197e+01 2.920884e+00 -6.125382e-01 2.359017e-01 2.243378e+00 -1.360772e+00 2.359018e-01
2454594.685753 1.185284e+01 2.920902e+00 -6.124776e-01 2.359120e-01 2.243476e+00 -1.360786e+00 2.359121e-01
2454594.692203 1.185372e+01 2.920920e+00 -6.124167e-01 2.359223e-01 2.243575e+00 -1.360799e+00 2.359224e-01
1 1.0
2 0.5
