2	0.5	1000	 1	period_start period_step period_end fixed/free
0.0				initial epoch
0.0				initial rotation angle      
0.1				convexity weight      
3 3				degree and order of spherical harmonics      
6				number of rows        
0.5	1			scattering parameters
0.1	1
-0.5	1     
0.1	0			LS coeff                 
50				iteration stop condidion
10				minimum number of iterations (only if the above value < 1)
5				Alamda multiplicative factor
0.1				Alamda initial value
1
105 0 0.12 2006.9-2010.10 V 703_CATALINA
2453992.921730 1.656134e+00 -2.282389e+00 -7.034101e-01 1.364801e-01 -1.287863e+00 -8.543308e-01 1.364781e-01
2453992.928230 1.656022e+00 -2.282366e+00 -7.034805e-01 1.364957e-01 -1.287824e+00 -8.542910e-01 1.364936e-01
2453992.934710 1.510209e+00 -2.282343e+00 -7.035506e-01 1.365111e-01 -1.287786e+00 -8.542513e-01 1.365091e-01
2453992.941211 1.655798e+00 -2.282320e+00 -7.036209e-01 1.365266e-01 -1.287748e+00 -8.542115e-01 1.365246e-01
2454008.785973 2.086138e+00 -2.219733e+00 -8.729907e-01 1.739533e-01 -1.225465e+00 -7.528682e-01 1.739526e-01
2454008.795343 1.902462e+00 -2.219692e+00 -8.730895e-01 1.739751e-01 -1.225447e+00 -7.528076e-01 1.739744e-01
2454008.804794 1.734959e+00 -2.219651e+00 -8.731892e-01 1.739972e-01 -1.225428e+00 -7.527465e-01 1.739965e-01
2454008.814214 1.734852e+00 -2.219610e+00 -8.732886e-01 1.740192e-01 -1.225409e+00 -7.526856e-01 1.740185e-01
2454008.869015 2.085001e+00 -2.219372e+00 -8.738666e-01 1.741471e-01 -1.225301e+00 -7.523313e-01 1.741464e-01
2454008.880736 2.084840e+00 -2.219322e+00 -8.739903e-01 1.741745e-01 -1.225278e+00 -7.522555e-01 1.741737e-01
2454008.892446 2.084681e+00 -2.219271e+00 -8.741138e-01 1.742018e-01 -1.225255e+00 -7.521798e-01 1.742011e-01
2454008.904176 2.084521e+00 -2.219220e+00 -8.742375e-01 1.742292e-01 -1.225232e+00 -7.521040e-01 1.742285e-01
2454024.759988 2.835464e+00 -2.144439e+00 -1.038946e+00 2.107293e-01 -1.224446e+00 -6.549381e-01 2.107300e-01
2454024.767758 2.835444e+00 -2.144400e+00 -1.039026e+00 2.107469e-01 -1.224460e+00 -6.548947e-01 2.107476e-01
2454024.775558 2.835425e+00 -2.144360e+00 -1.039106e+00 2.107646e-01 -1.224474e+00 -6.548510e-01 2.107653e-01
2454024.783358 2.835405e+00 -2.144320e+00 -1.039185e+00 2.107823e-01 -1.224489e+00 -6.548074e-01 2.107830e-01
2454030.796514 2.590154e+00 -2.112883e+00 -1.100219e+00 2.243353e-01 -1.239520e+00 -6.230232e-01 2.243365e-01
2454030.802954 2.590179e+00 -2.112848e+00 -1.100284e+00 2.243497e-01 -1.239540e+00 -6.229913e-01 2.243509e-01
2454030.809393 2.590203e+00 -2.112813e+00 -1.100349e+00 2.243642e-01 -1.239561e+00 -6.229594e-01 2.243653e-01
2454030.815913 2.590227e+00 -2.112778e+00 -1.100415e+00 2.243788e-01 -1.239582e+00 -6.229271e-01 2.243799e-01
2454055.727463 1.891615e+00 -1.965253e+00 -1.343585e+00 2.785425e-01 -1.378667e+00 -5.473761e-01 2.785455e-01
2454055.739392 1.891833e+00 -1.965176e+00 -1.343698e+00 2.785676e-01 -1.378759e+00 -5.473676e-01 2.785706e-01
2454055.751342 1.892051e+00 -1.965099e+00 -1.343810e+00 2.785927e-01 -1.378850e+00 -5.473591e-01 2.785957e-01
2454055.763301 1.725770e+00 -1.965022e+00 -1.343923e+00 2.786179e-01 -1.378942e+00 -5.473506e-01 2.786209e-01
2454090.640486 1.152062e+00 -1.715010e+00 -1.653640e+00 3.480660e-01 -1.698106e+00 -6.700187e-01 3.480705e-01
2454090.648245 1.263341e+00 -1.714949e+00 -1.653705e+00 3.480805e-01 -1.698181e+00 -6.700813e-01 3.480850e-01
2454090.656005 1.385369e+00 -1.714888e+00 -1.653769e+00 3.480951e-01 -1.698256e+00 -6.701440e-01 3.480995e-01
2454090.663764 1.385513e+00 -1.714827e+00 -1.653834e+00 3.481096e-01 -1.698330e+00 -6.702067e-01 3.481140e-01
2454415.946356 1.169247e+00 1.576116e+00 -2.117549e+00 4.737614e-01 2.231533e+00 -1.375469e+00 4.737613e-01
2454415.954997 1.169162e+00 1.576194e+00 -2.117504e+00 4.737522e-01 2.231497e+00 -1.375327e+00 4.737521e-01
2454415.963637 1.541143e+00 1.576271e+00 -2.117459e+00 4.737429e-01 2.231460e+00 -1.375184e+00 4.737429e-01
2454415.972218 1.281773e+00 1.576348e+00 -2.117415e+00 4.737338e-01 2.231424e+00 -1.375042e+00 4.737337e-01
2454423.930256 1.576369e+00 1.647010e+00 -2.075035e+00 4.650097e-01 2.191203e+00 -1.250048e+00 4.650100e-01
2454423.939596 1.311057e+00 1.647092e+00 -2.074984e+00 4.649992e-01 2.191148e+00 -1.249909e+00 4.649995e-01
2454423.948917 1.310947e+00 1.647174e+00 -2.074933e+00 4.649887e-01 2.191093e+00 -1.249770e+00 4.649891e-01
2454423.958358 1.437303e+00 1.647257e+00 -2.074881e+00 4.649781e-01 2.191038e+00 -1.249630e+00 4.649784e-01
2454439.901067 1.128119e+00 1.783983e+00 -1.984014e+00 4.461629e-01 2.076172e+00 -1.042865e+00 4.461640e-01
2454439.907568 1.236880e+00 1.784037e+00 -1.983976e+00 4.461548e-01 2.076118e+00 -1.042793e+00 4.461560e-01
2454439.914098 1.356125e+00 1.784092e+00 -1.983937e+00 4.461468e-01 2.076063e+00 -1.042722e+00 4.461480e-01
2454439.920539 1.356040e+00 1.784146e+00 -1.983899e+00 4.461388e-01 2.076009e+00 -1.042651e+00 4.461400e-01
2454499.761737 2.288581e+00 2.233945e+00 -1.579625e+00 3.612511e-01 1.553347e+00 -8.668251e-01 3.612538e-01
2454499.767767 2.288537e+00 2.233985e+00 -1.579580e+00 3.612415e-01 1.553311e+00 -8.668520e-01 3.612442e-01
2454499.773787 2.288494e+00 2.234025e+00 -1.579535e+00 3.612320e-01 1.553274e+00 -8.668788e-01 3.612347e-01
2454499.779817 2.288451e+00 2.234065e+00 -1.579490e+00 3.612224e-01 1.553237e+00 -8.669056e-01 3.612251e-01
2454499.837948 2.288035e+00 2.234450e+00 -1.579054e+00 3.611301e-01 1.552883e+00 -8.671648e-01 3.611329e-01
2454499.844298 2.287990e+00 2.234492e+00 -1.579006e+00 3.611201e-01 1.552844e+00 -8.671932e-01 3.611228e-01
2454499.850649 2.508681e+00 2.234534e+00 -1.578959e+00 3.611100e-01 1.552805e+00 -8.672216e-01 3.611127e-01
2454499.857019 2.287899e+00 2.234576e+00 -1.578911e+00 3.610999e-01 1.552766e+00 -8.672500e-01 3.611026e-01
2454529.692357 2.396658e+00 2.417679e+00 -1.345876e+00 3.116019e-01 1.465041e+00 -1.070410e+00 3.116044e-01
2454529.701577 2.396794e+00 2.417731e+00 -1.345801e+00 3.115860e-01 1.465047e+00 -1.070489e+00 3.115884e-01
2454529.710777 2.881742e+00 2.417783e+00 -1.345727e+00 3.115701e-01 1.465052e+00 -1.070567e+00 3.115726e-01
2454537.718282 1.925575e+00 2.461957e+00 -1.280249e+00 2.976079e-01 1.478118e+00 -1.140195e+00 2.976102e-01
2454537.724961 1.925679e+00 2.461993e+00 -1.280193e+00 2.975961e-01 1.478136e+00 -1.140254e+00 2.975984e-01
2454537.731591 2.111579e+00 2.462029e+00 -1.280139e+00 2.975844e-01 1.478153e+00 -1.140313e+00 2.975867e-01
2454537.738291 2.111694e+00 2.462065e+00 -1.280084e+00 2.975726e-01 1.478171e+00 -1.140372e+00 2.975749e-01
2454580.681214 1.224210e+00 2.661762e+00 -9.114717e-01 2.186077e-01 1.830382e+00 -1.477630e+00 2.186085e-01
2454580.687664 1.613947e+00 2.661787e+00 -9.114145e-01 2.185954e-01 1.830468e+00 -1.477665e+00 2.185961e-01
2454580.694123 1.614071e+00 2.661812e+00 -9.113571e-01 2.185831e-01 1.830554e+00 -1.477700e+00 2.185838e-01
2454580.700563 1.342629e+00 2.661837e+00 -9.112999e-01 2.185708e-01 1.830639e+00 -1.477735e+00 2.185715e-01
2454591.644501 1.392875e+00 2.702488e+00 -8.134192e-01 1.975106e-01 1.988045e+00 -1.525437e+00 1.975109e-01
2454591.653771 1.158668e+00 2.702521e+00 -8.133357e-01 1.974926e-01 1.988188e+00 -1.525467e+00 1.974929e-01
2454591.663010 1.527585e+00 2.702553e+00 -8.132525e-01 1.974747e-01 1.988330e+00 -1.525497e+00 1.974750e-01
2454594.667987 1.199578e+00 2.712974e+00 -7.861468e-01 1.916364e-01 2.035327e+00 -1.534248e+00 1.916365e-01
2454594.674426 1.199666e+00 2.712996e+00 -7.860886e-01 1.916238e-01 2.035429e+00 -1.534265e+00 1.916239e-01
2454594.680865 9.979121e-01 2.713018e+00 -7.860304e-01 1.916113e-01 2.035531e+00 -1.534282e+00 1.916114e-01
2454594.687285 9.979854e-01 2.713040e+00 -7.859724e-01 1.915988e-01 2.035633e+00 -1.534298e+00 1.915989e-01
2454857.003609 1.586720e+00 2.398005e+00 1.577674e+00 -3.266118e-01 1.825855e+00 2.378864e+00 -3.266092e-01
2454857.011450 1.319681e+00 2.397962e+00 1.577735e+00 -3.266253e-01 1.825699e+00 2.378846e+00 -3.266226e-01
2454857.019231 1.586491e+00 2.397919e+00 1.577794e+00 -3.266386e-01 1.825545e+00 2.378827e+00 -3.266360e-01
2454857.027081 1.319490e+00 2.397875e+00 1.577855e+00 -3.266521e-01 1.825390e+00 2.378808e+00 -3.266495e-01
2454921.912392 1.805768e+00 1.978753e+00 2.031525e+00 -4.287775e-01 9.970336e-01 1.846148e+00 -4.287744e-01
2454921.921643 1.805591e+00 1.978685e+00 2.031583e+00 -4.287905e-01 9.969929e-01 1.846049e+00 -4.287875e-01
2454921.930813 1.979599e+00 1.978618e+00 2.031640e+00 -4.288035e-01 9.969525e-01 1.845951e+00 -4.288005e-01
2454921.939964 1.646399e+00 1.978551e+00 2.031697e+00 -4.288164e-01 9.969123e-01 1.845852e+00 -4.288134e-01
2454982.777574 2.160678e+00 1.490586e+00 2.360219e+00 -5.041371e-01 1.140929e+00 1.408511e+00 -5.041346e-01
2454982.782383 1.970593e+00 1.490544e+00 2.360241e+00 -5.041422e-01 1.140964e+00 1.408504e+00 -5.041397e-01
2454982.787273 2.160748e+00 1.490502e+00 2.360263e+00 -5.041473e-01 1.140999e+00 1.408497e+00 -5.041448e-01
2454982.792093 2.597832e+00 1.490460e+00 2.360285e+00 -5.041524e-01 1.141034e+00 1.408490e+00 -5.041499e-01
2454994.717272 1.901978e+00 1.385751e+00 2.411974e+00 -5.162104e-01 1.231332e+00 1.408304e+00 -5.162083e-01
2454994.723781 1.582058e+00 1.385693e+00 2.412001e+00 -5.162167e-01 1.231383e+00 1.408314e+00 -5.162146e-01
2454994.730451 1.902129e+00 1.385634e+00 2.412029e+00 -5.162232e-01 1.231435e+00 1.408323e+00 -5.162211e-01
2454994.737071 2.085726e+00 1.385575e+00 2.412056e+00 -5.162296e-01 1.231487e+00 1.408333e+00 -5.162275e-01
2455335.929672 1.117317e+00 -1.828905e+00 1.685690e+00 -3.814533e-01 -2.362037e+00 8.258565e-01 -3.814487e-01
2455335.943543 1.117147e+00 -1.829001e+00 1.685573e+00 -3.814283e-01 -2.361934e+00 8.256121e-01 -3.814237e-01
2455335.950604 1.224832e+00 -1.829050e+00 1.685513e+00 -3.814156e-01 -2.361882e+00 8.254878e-01 -3.814110e-01
2455358.897500 1.482800e+00 -1.978718e+00 1.482755e+00 -3.382580e-01 -2.151093e+00 4.821428e-01 -3.382540e-01
2455358.903901 1.782575e+00 -1.978757e+00 1.482696e+00 -3.382455e-01 -2.151026e+00 4.820650e-01 -3.382415e-01
2455358.910231 1.954401e+00 -1.978796e+00 1.482638e+00 -3.382331e-01 -2.150959e+00 4.819881e-01 -3.382291e-01
2455358.916581 1.625471e+00 -1.978834e+00 1.482580e+00 -3.382206e-01 -2.150891e+00 4.819109e-01 -3.382167e-01
2455365.908959 1.237485e+00 -2.020581e+00 1.417762e+00 -3.243789e-01 -2.075116e+00 4.032065e-01 -3.243753e-01
2455365.914149 1.237402e+00 -2.020611e+00 1.417714e+00 -3.243685e-01 -2.075059e+00 4.031528e-01 -3.243649e-01
2455365.919350 1.128449e+00 -2.020642e+00 1.417665e+00 -3.243581e-01 -2.075001e+00 4.030990e-01 -3.243545e-01
2455365.924550 1.029089e+00 -2.020672e+00 1.417616e+00 -3.243477e-01 -2.074944e+00 4.030451e-01 -3.243441e-01
2455382.893281 1.304736e+00 -2.114014e+00 1.254867e+00 -2.895068e-01 -1.883187e+00 2.647222e-01 -2.895042e-01
2455382.901371 1.568468e+00 -2.114056e+00 1.254787e+00 -2.894898e-01 -1.883095e+00 2.646739e-01 -2.894872e-01
2455382.909462 1.568298e+00 -2.114097e+00 1.254708e+00 -2.894728e-01 -1.883004e+00 2.646257e-01 -2.894702e-01
2455382.917583 1.568128e+00 -2.114139e+00 1.254628e+00 -2.894557e-01 -1.882912e+00 2.645773e-01 -2.894531e-01
2455469.708059 1.668886e+00 -2.392956e+00 3.315351e-01 -8.998768e-02 -1.398447e+00 4.499352e-01 -8.999195e-02
2455469.714889 1.668957e+00 -2.392964e+00 3.314585e-01 -8.997103e-02 -1.398471e+00 4.499749e-01 -8.997529e-02
2455469.721749 1.669029e+00 -2.392972e+00 3.313816e-01 -8.995429e-02 -1.398494e+00 4.500147e-01 -8.995856e-02
2455469.728559 1.830131e+00 -2.392980e+00 3.313053e-01 -8.993768e-02 -1.398518e+00 4.500543e-01 -8.994195e-02
2455480.745367 1.993735e+00 -2.402470e+00 2.074271e-01 -6.296244e-02 -1.451188e+00 5.104253e-01 -6.296744e-02
2455480.753287 1.993879e+00 -2.402475e+00 2.073378e-01 -6.294299e-02 -1.451236e+00 5.104653e-01 -6.294799e-02
2455480.761227 1.994023e+00 -2.402480e+00 2.072483e-01 -6.292348e-02 -1.451284e+00 5.105054e-01 -6.292848e-02
2455480.769196 1.818703e+00 -2.402484e+00 2.071585e-01 -6.290390e-02 -1.451333e+00 5.105457e-01 -6.290890e-02
1 0.5
