2	0.5	1000	 1	period_start period_step period_end fixed/free
0.0				initial epoch
0.0				initial rotation angle      
0.1				convexity weight      
3 3				degree and order of spherical harmonics      
6				number of rows        
0.5	1			scattering parameters
0.1	1
-0.5	1     
0.1	0			LS coeff                 
50				iteration stop condidion
10				minimum number of iterations (only if the above value < 1)
5				Alamda multiplicative factor
0.1				Alamda initial value
1
105 0 0.12 2006.11-2010.11 V 703_CATALINA
2454054.767231 5.032429e+00 -1.314238e+00 -2.512066e+00 2.819167e-01 -7.141659e-01 -1.725706e+00 2.819196e-01
2454054.775242 4.589426e+00 -1.314167e+00 -2.512096e+00 2.818984e-01 -7.142067e-01 -1.725652e+00 2.819013e-01
2454054.783262 4.589223e+00 -1.314096e+00 -2.512125e+00 2.818800e-01 -7.142475e-01 -1.725599e+00 2.818830e-01
2454054.791252 4.185239e+00 -1.314025e+00 -2.512155e+00 2.818618e-01 -7.142882e-01 -1.725546e+00 2.818647e-01
2454081.810224 4.037951e+00 -1.068579e+00 -2.600293e+00 2.188711e-01 -8.981300e-01 -1.630590e+00 2.188753e-01
2454081.816814 4.427608e+00 -1.068518e+00 -2.600311e+00 2.188554e-01 -8.981823e-01 -1.630589e+00 2.188597e-01
2454081.823374 4.854869e+00 -1.068457e+00 -2.600330e+00 2.188399e-01 -8.982343e-01 -1.630589e+00 2.188441e-01
2454081.829934 4.854960e+00 -1.068396e+00 -2.600348e+00 2.188243e-01 -8.982864e-01 -1.630588e+00 2.188285e-01
2454124.658509 2.885920e+00 -6.591385e-01 -2.688130e+00 1.148906e-01 -1.204847e+00 -1.868911e+00 1.148949e-01
2454124.666109 2.886129e+00 -6.590641e-01 -2.688140e+00 1.148718e-01 -1.204884e+00 -1.868993e+00 1.148762e-01
2454139.579054 2.769818e+00 -5.121343e-01 -2.702873e+00 7.786913e-02 -1.254466e+00 -2.053368e+00 7.787297e-02
2454139.584404 3.037200e+00 -5.120813e-01 -2.702877e+00 7.785580e-02 -1.254475e+00 -2.053441e+00 7.785964e-02
2454139.589754 2.770100e+00 -5.120283e-01 -2.702881e+00 7.784248e-02 -1.254484e+00 -2.053515e+00 7.784632e-02
2454147.635348 2.986604e+00 -4.320588e-01 -2.707296e+00 5.776994e-02 -1.260199e+00 -2.168753e+00 5.777339e-02
2454147.641778 2.723976e+00 -4.319947e-01 -2.707298e+00 5.775388e-02 -1.260197e+00 -2.168848e+00 5.775733e-02
2454147.648257 2.986958e+00 -4.319302e-01 -2.707301e+00 5.773769e-02 -1.260195e+00 -2.168945e+00 5.774114e-02
2454147.654697 1.718917e+00 -4.318660e-01 -2.707304e+00 5.772160e-02 -1.260193e+00 -2.169041e+00 5.772505e-02
2454172.614614 2.550467e+00 -1.815430e-01 -2.704850e+00 -4.808260e-03 -1.165773e+00 -2.567330e+00 -4.806430e-03
2454172.619974 2.796645e+00 -1.814890e-01 -2.704847e+00 -4.821700e-03 -1.165733e+00 -2.567419e+00 -4.819870e-03
2454172.625403 2.326244e+00 -1.814343e-01 -2.704844e+00 -4.835320e-03 -1.165693e+00 -2.567508e+00 -4.833490e-03
2454172.630733 2.550778e+00 -1.813806e-01 -2.704841e+00 -4.848690e-03 -1.165653e+00 -2.567596e+00 -4.846860e-03
2454391.985045 2.559308e+00 1.800041e+00 -1.587450e+00 -4.794356e-01 2.705919e+00 -1.172576e+00 -4.794369e-01
2454391.990665 2.334016e+00 1.800078e+00 -1.587398e+00 -4.794438e-01 2.705914e+00 -1.172436e+00 -4.794451e-01
2454391.996226 1.770456e+00 1.800115e+00 -1.587346e+00 -4.794520e-01 2.705909e+00 -1.172298e+00 -4.794532e-01
2454392.001936 1.224803e+00 1.800152e+00 -1.587293e+00 -4.794603e-01 2.705904e+00 -1.172155e+00 -4.794615e-01
2454393.984066 2.298075e+00 1.813029e+00 -1.568756e+00 -4.823353e-01 2.703486e+00 -1.122996e+00 -4.823365e-01
2454393.987296 2.762825e+00 1.813050e+00 -1.568725e+00 -4.823400e-01 2.703481e+00 -1.122916e+00 -4.823411e-01
2454393.990566 1.911359e+00 1.813071e+00 -1.568695e+00 -4.823447e-01 2.703476e+00 -1.122835e+00 -4.823459e-01
2454393.993816 2.519597e+00 1.813092e+00 -1.568664e+00 -4.823494e-01 2.703471e+00 -1.122755e+00 -4.823505e-01
2454415.979138 1.901251e+00 1.945957e+00 -1.354962e+00 -5.115969e-01 2.600941e+00 -6.125115e-01 -5.115969e-01
2454415.985779 1.901132e+00 1.945994e+00 -1.354896e+00 -5.116049e-01 2.600891e+00 -6.123696e-01 -5.116050e-01
2454415.992479 1.901013e+00 1.946031e+00 -1.354828e+00 -5.116131e-01 2.600840e+00 -6.122265e-01 -5.116131e-01
2454415.999119 2.285378e+00 1.946069e+00 -1.354762e+00 -5.116212e-01 2.600790e+00 -6.120847e-01 -5.116212e-01
2454450.931365 2.282404e+00 2.116420e+00 -9.881284e-01 -5.474009e-01 2.219943e+00 -9.446440e-03 -5.473993e-01
2454450.938056 1.898272e+00 2.116448e+00 -9.880554e-01 -5.474064e-01 2.219855e+00 -9.361790e-03 -5.474048e-01
2454450.944746 1.578790e+00 2.116475e+00 -9.879824e-01 -5.474119e-01 2.219766e+00 -9.277160e-03 -5.474103e-01
2454450.951427 1.313077e+00 2.116503e+00 -9.879095e-01 -5.474174e-01 2.219677e+00 -9.192660e-03 -5.474158e-01
2454451.985343 1.559612e+00 2.120729e+00 -9.766204e-01 -5.482644e-01 2.205907e+00 3.732090e-03 -5.482627e-01
2454451.992674 1.709933e+00 2.120759e+00 -9.765402e-01 -5.482703e-01 2.205809e+00 3.822650e-03 -5.482687e-01
2454451.999974 1.874743e+00 2.120788e+00 -9.764604e-01 -5.482763e-01 2.205711e+00 3.912820e-03 -5.482746e-01
2454452.007285 1.874582e+00 2.120818e+00 -9.763805e-01 -5.482822e-01 2.205614e+00 4.003100e-03 -5.482805e-01
2454476.951779 1.815349e+00 2.207705e+00 -6.977976e-01 -5.648316e-01 1.863748e+00 2.234904e-01 -5.648292e-01
2454476.958410 1.990322e+00 2.207724e+00 -6.977221e-01 -5.648350e-01 1.863658e+00 2.235255e-01 -5.648326e-01
2454476.965050 1.815041e+00 2.207744e+00 -6.976465e-01 -5.648384e-01 1.863569e+00 2.235607e-01 -5.648360e-01
2454476.971701 1.509557e+00 2.207763e+00 -6.975708e-01 -5.648418e-01 1.863479e+00 2.235959e-01 -5.648394e-01
2454506.901068 1.646125e+00 2.272290e+00 -3.511511e-01 -5.745428e-01 1.506439e+00 2.709895e-01 -5.745400e-01
2454506.909629 1.978883e+00 2.272302e+00 -3.510507e-01 -5.745439e-01 1.506356e+00 2.709751e-01 -5.745412e-01
2454506.918139 2.169589e+00 2.272314e+00 -3.509508e-01 -5.745451e-01 1.506273e+00 2.709607e-01 -5.745423e-01
2454506.926669 2.378673e+00 2.272326e+00 -3.508508e-01 -5.745462e-01 1.506190e+00 2.709462e-01 -5.745435e-01
2454510.852911 1.726191e+00 2.277466e+00 -3.047398e-01 -5.749753e-01 1.469511e+00 2.629223e-01 -5.749726e-01
2454510.859381 1.726068e+00 2.277474e+00 -3.046637e-01 -5.749758e-01 1.469453e+00 2.629068e-01 -5.749731e-01
2454510.865842 1.892462e+00 2.277482e+00 -3.045877e-01 -5.749764e-01 1.469395e+00 2.628914e-01 -5.749737e-01
2454510.872332 2.074895e+00 2.277490e+00 -3.045114e-01 -5.749769e-01 1.469337e+00 2.628759e-01 -5.749742e-01
2454528.835799 2.108748e+00 2.290979e+00 -9.244731e-02 -5.744130e-01 1.342782e+00 1.971989e-01 -5.744105e-01
2454528.843249 2.535135e+00 2.290982e+00 -9.235912e-02 -5.744119e-01 1.342745e+00 1.971641e-01 -5.744094e-01
2454528.850529 2.535000e+00 2.290984e+00 -9.227294e-02 -5.744108e-01 1.342708e+00 1.971300e-01 -5.744083e-01
2454528.857819 2.534865e+00 2.290986e+00 -9.218664e-02 -5.744097e-01 1.342672e+00 1.970958e-01 -5.744072e-01
2454536.848001 3.180828e+00 2.291664e+00 2.440300e-03 -5.728228e-01 1.310291e+00 1.573560e-01 -5.728205e-01
2454536.854711 3.180722e+00 2.291663e+00 2.519780e-03 -5.728211e-01 1.310270e+00 1.573210e-01 -5.728188e-01
2454536.861451 2.900755e+00 2.291662e+00 2.599620e-03 -5.728194e-01 1.310250e+00 1.572859e-01 -5.728171e-01
2454536.868162 2.200375e+00 2.291661e+00 2.679110e-03 -5.728177e-01 1.310229e+00 1.572509e-01 -5.728154e-01
2454555.824836 2.802672e+00 2.280111e+00 2.269213e-01 -5.657680e-01 1.296073e+00 5.561422e-02 -5.657663e-01
2454555.831986 2.802701e+00 2.280103e+00 2.270056e-01 -5.657645e-01 1.296085e+00 5.557692e-02 -5.657628e-01
2454555.839126 2.556121e+00 2.280095e+00 2.270899e-01 -5.657610e-01 1.296096e+00 5.553968e-02 -5.657593e-01
2454555.846256 2.331233e+00 2.280087e+00 2.271740e-01 -5.657575e-01 1.296107e+00 5.550249e-02 -5.657558e-01
2454563.828065 2.383286e+00 2.269693e+00 3.211474e-01 -5.614147e-01 1.316279e+00 1.572797e-02 -5.614133e-01
2454563.833104 2.383335e+00 2.269685e+00 3.212066e-01 -5.614117e-01 1.316296e+00 1.570427e-02 -5.614103e-01
2454563.838134 2.383383e+00 2.269677e+00 3.212657e-01 -5.614087e-01 1.316313e+00 1.568063e-02 -5.614073e-01
2454563.843134 2.613382e+00 2.269670e+00 3.213244e-01 -5.614058e-01 1.316331e+00 1.565713e-02 -5.614044e-01
2454569.819861 2.692131e+00 2.259750e+00 3.913946e-01 -5.576253e-01 1.341085e+00 -1.079470e-02 -5.576241e-01
2454569.825361 2.692218e+00 2.259740e+00 3.914590e-01 -5.576216e-01 1.341111e+00 -1.081739e-02 -5.576204e-01
2454569.830831 2.692304e+00 2.259730e+00 3.915229e-01 -5.576179e-01 1.341137e+00 -1.083995e-02 -5.576168e-01
2454569.836331 2.692390e+00 2.259720e+00 3.915873e-01 -5.576142e-01 1.341164e+00 -1.086263e-02 -5.576131e-01
2454585.770408 2.109346e+00 2.224412e+00 5.767017e-01 -5.453516e-01 1.443951e+00 -5.993327e-02 -5.453511e-01
2454585.777148 2.109481e+00 2.224394e+00 5.767793e-01 -5.453458e-01 1.444005e+00 -5.994587e-02 -5.453453e-01
2454585.783878 2.313148e+00 2.224377e+00 5.768569e-01 -5.453399e-01 1.444058e+00 -5.995844e-02 -5.453394e-01
2454585.790578 2.313295e+00 2.224359e+00 5.769341e-01 -5.453341e-01 1.444112e+00 -5.997094e-02 -5.453336e-01
2454592.729636 1.881315e+00 2.204996e+00 6.565832e-01 -5.390152e-01 1.503547e+00 -6.860561e-02 -5.390150e-01
2454592.736076 1.881443e+00 2.204977e+00 6.566568e-01 -5.390091e-01 1.503606e+00 -6.860944e-02 -5.390089e-01
2454592.742506 1.881570e+00 2.204958e+00 6.567302e-01 -5.390030e-01 1.503665e+00 -6.861326e-02 -5.390028e-01
2454592.748925 2.063240e+00 2.204939e+00 6.568036e-01 -5.389969e-01 1.503723e+00 -6.861707e-02 -5.389966e-01
2454633.704767 1.457580e+00 2.043153e+00 1.109706e+00 -4.901462e-01 1.960044e+00 9.719655e-02 -4.901477e-01
2454633.709627 1.598298e+00 2.043129e+00 1.109758e+00 -4.901393e-01 1.960102e+00 9.724102e-02 -4.901408e-01
2454633.714506 1.598391e+00 2.043105e+00 1.109810e+00 -4.901324e-01 1.960161e+00 9.728567e-02 -4.901338e-01
2454633.719336 1.598483e+00 2.043081e+00 1.109861e+00 -4.901255e-01 1.960219e+00 9.732988e-02 -4.901269e-01
2455476.865953 3.201548e+00 -2.599527e+00 -1.354807e+00 6.223840e-01 -1.629045e+00 -1.115784e+00 6.223792e-01
2455476.874114 2.919725e+00 -2.599491e+00 -1.354873e+00 6.223737e-01 -1.629045e+00 -1.115714e+00 6.223689e-01
2455476.882394 2.919602e+00 -2.599454e+00 -1.354941e+00 6.223632e-01 -1.629045e+00 -1.115644e+00 6.223585e-01
2455476.890754 2.662596e+00 -2.599417e+00 -1.355009e+00 6.223527e-01 -1.629045e+00 -1.115573e+00 6.223479e-01
2455482.864588 3.118931e+00 -2.572527e+00 -1.403371e+00 6.146975e-01 -1.633535e+00 -1.065980e+00 6.146924e-01
2455482.873419 2.594131e+00 -2.572486e+00 -1.403443e+00 6.146860e-01 -1.633548e+00 -1.065909e+00 6.146809e-01
2455482.882359 2.594048e+00 -2.572445e+00 -1.403515e+00 6.146744e-01 -1.633562e+00 -1.065836e+00 6.146693e-01
2455482.891159 2.844226e+00 -2.572405e+00 -1.403585e+00 6.146630e-01 -1.633575e+00 -1.065765e+00 6.146578e-01
2455498.786136 3.047270e+00 -2.495942e+00 -1.529512e+00 5.931196e-01 -1.688188e+00 -9.513211e-01 5.931135e-01
2455498.792996 3.341281e+00 -2.495908e+00 -1.529565e+00 5.931099e-01 -1.688225e+00 -9.512790e-01 5.931038e-01
2455498.799966 3.341299e+00 -2.495873e+00 -1.529620e+00 5.931001e-01 -1.688261e+00 -9.512363e-01 5.930940e-01
2455498.806846 4.017145e+00 -2.495838e+00 -1.529673e+00 5.930904e-01 -1.688297e+00 -9.511941e-01 5.930843e-01
2455506.810783 2.820532e+00 -2.454662e+00 -1.591491e+00 5.816064e-01 -1.737097e+00 -9.075400e-01 5.815999e-01
2455506.819872 3.391115e+00 -2.454614e+00 -1.591561e+00 5.815931e-01 -1.737159e+00 -9.074969e-01 5.815866e-01
2455506.829012 3.718383e+00 -2.454566e+00 -1.591631e+00 5.815797e-01 -1.737222e+00 -9.074537e-01 5.815732e-01
2455506.838002 4.077233e+00 -2.454519e+00 -1.591700e+00 5.815666e-01 -1.737284e+00 -9.074111e-01 5.815601e-01
2455516.665847 3.872962e+00 -2.401564e+00 -1.666029e+00 5.668967e-01 -1.813730e+00 -8.706733e-01 5.668899e-01
2455516.671027 2.679508e+00 -2.401536e+00 -1.666067e+00 5.668888e-01 -1.813775e+00 -8.706594e-01 5.668820e-01
2455516.676117 2.938102e+00 -2.401508e+00 -1.666105e+00 5.668811e-01 -1.813818e+00 -8.706457e-01 5.668742e-01
2455516.681287 3.532472e+00 -2.401479e+00 -1.666144e+00 5.668732e-01 -1.813863e+00 -8.706318e-01 5.668663e-01
1 0.5
