2	0.5	1000	 1	period_start period_step period_end fixed/free
0.0				initial epoch
0.0				initial rotation angle      
0.1				convexity weight      
3 3				degree and order of spherical harmonics      
6				number of rows        
0.5	1			scattering parameters
0.1	1
-0.5	1     
0.1	0			LS coeff                 
50				iteration stop condidion
10				minimum number of iterations (only if the above value < 1)
5				Alamda multiplicative factor
0.1				Alamda initial value
1
107 0 0.12 2005.12-2009.5 V 703_CATALINA
2453732.977922 7.279895e-01 2.188717e+00 -7.347982e-01 -3.010883e-01 2.073070e+00 2.417798e-01 -3.010814e-01
2453732.986493 6.054442e-01 2.188739e+00 -7.347052e-01 -3.010895e-01 2.072943e+00 2.418549e-01 -3.010826e-01
2453732.995183 6.637778e-01 2.188762e+00 -7.346109e-01 -3.010908e-01 2.072815e+00 2.419310e-01 -3.010838e-01
2453733.003904 6.636987e-01 2.188784e+00 -7.345162e-01 -3.010920e-01 2.072686e+00 2.420074e-01 -3.010851e-01
2453758.951541 5.473946e-01 2.237992e+00 -4.478365e-01 -3.024225e-01 1.698851e+00 3.756972e-01 -3.024164e-01
2453758.958652 6.001417e-01 2.238000e+00 -4.477567e-01 -3.024222e-01 1.698756e+00 3.757095e-01 -3.024161e-01
2453758.965682 6.000778e-01 2.238009e+00 -4.476779e-01 -3.024218e-01 1.698661e+00 3.757217e-01 -3.024158e-01
2453758.972783 6.579014e-01 2.238017e+00 -4.475982e-01 -3.024215e-01 1.698565e+00 3.757339e-01 -3.024155e-01
2453788.919184 8.056987e-01 2.249301e+00 -1.079729e-01 -2.978133e-01 1.363535e+00 3.325149e-01 -2.978090e-01
2453788.926644 8.056180e-01 2.249298e+00 -1.078876e-01 -2.978113e-01 1.363472e+00 3.324848e-01 -2.978070e-01
2453788.934075 8.055376e-01 2.249294e+00 -1.078028e-01 -2.978093e-01 1.363410e+00 3.324547e-01 -2.978050e-01
2453788.941575 7.345851e-01 2.249291e+00 -1.077171e-01 -2.978073e-01 1.363347e+00 3.324243e-01 -2.978030e-01
2453798.914628 8.553526e-01 2.241833e+00 6.298450e-03 -2.947808e-01 1.290562e+00 2.862549e-01 -2.947773e-01
2453798.921238 8.552887e-01 2.241826e+00 6.374050e-03 -2.947785e-01 1.290521e+00 2.862209e-01 -2.947751e-01
2453798.928049 7.799725e-01 2.241819e+00 6.451940e-03 -2.947762e-01 1.290479e+00 2.861860e-01 -2.947728e-01
2453798.934889 7.799122e-01 2.241812e+00 6.530170e-03 -2.947739e-01 1.290437e+00 2.861509e-01 -2.947704e-01
2453817.832919 1.055609e+00 2.211968e+00 2.223041e-01 -2.869766e-01 1.216202e+00 1.794066e-01 -2.869749e-01
2453817.842039 1.269063e+00 2.211949e+00 2.224079e-01 -2.869722e-01 1.216186e+00 1.793531e-01 -2.869705e-01
2453817.851159 1.055513e+00 2.211930e+00 2.225117e-01 -2.869678e-01 1.216171e+00 1.792995e-01 -2.869661e-01
2453817.860309 1.055466e+00 2.211910e+00 2.226158e-01 -2.869634e-01 1.216156e+00 1.792458e-01 -2.869616e-01
2453843.767633 1.060854e+00 2.137236e+00 5.145831e-01 -2.719013e-01 1.250743e+00 4.312019e-02 -2.719021e-01
2453843.775753 1.060897e+00 2.137207e+00 5.146734e-01 -2.718958e-01 1.250777e+00 4.308666e-02 -2.718966e-01
2453843.783803 1.163297e+00 2.137177e+00 5.147630e-01 -2.718904e-01 1.250811e+00 4.305343e-02 -2.718912e-01
2453876.705040 6.757339e-01 1.986086e+00 8.714479e-01 -2.456136e-01 1.479040e+00 -4.441020e-03 -2.456173e-01
2453876.712620 6.757896e-01 1.986044e+00 8.715273e-01 -2.456067e-01 1.479108e+00 -4.427350e-03 -2.456104e-01
2453876.720180 6.163781e-01 1.986002e+00 8.716066e-01 -2.455998e-01 1.479177e+00 -4.413710e-03 -2.456034e-01
2453876.727749 6.759007e-01 1.985960e+00 8.716860e-01 -2.455928e-01 1.479246e+00 -4.400040e-03 -2.455965e-01
2453937.641950 8.822718e-01 1.548454e+00 1.452024e+00 -1.776214e-01 2.028116e+00 5.562612e-01 -1.776264e-01
2453937.647250 4.630447e-01 1.548408e+00 1.452069e+00 -1.776145e-01 2.028149e+00 5.563482e-01 -1.776196e-01
2453937.652559 5.077422e-01 1.548361e+00 1.452113e+00 -1.776076e-01 2.028181e+00 5.564354e-01 -1.776127e-01
2453937.657859 7.339456e-01 1.548315e+00 1.452158e+00 -1.776007e-01 2.028214e+00 5.565225e-01 -1.776058e-01
2454348.905632 8.996330e-01 -2.235592e+00 7.023299e-02 2.953828e-01 -1.274680e+00 -2.353166e-01 2.953798e-01
2454348.913742 8.204385e-01 -2.235604e+00 7.014031e-02 2.953826e-01 -1.274651e+00 -2.352768e-01 2.953797e-01
2454348.921972 9.863394e-01 -2.235615e+00 7.004626e-02 2.953825e-01 -1.274622e+00 -2.352364e-01 2.953795e-01
2454348.930403 8.995108e-01 -2.235627e+00 6.994993e-02 2.953823e-01 -1.274593e+00 -2.351951e-01 2.953793e-01
2454355.749511 7.959723e-01 -2.243848e+00 -8.000390e-03 2.950636e-01 -1.255752e+00 -1.999694e-01 2.950608e-01
2454355.755961 9.569486e-01 -2.243855e+00 -8.074140e-03 2.950631e-01 -1.255739e+00 -1.999347e-01 2.950603e-01
2454355.762391 9.569282e-01 -2.243862e+00 -8.147650e-03 2.950626e-01 -1.255726e+00 -1.999000e-01 2.950599e-01
2454355.768851 9.569078e-01 -2.243868e+00 -8.221510e-03 2.950622e-01 -1.255714e+00 -1.998652e-01 2.950594e-01
2454357.838471 1.042851e+00 -2.245833e+00 -3.188225e-02 2.948957e-01 -1.252096e+00 -1.885924e-01 2.948930e-01
2454357.844981 1.042833e+00 -2.245839e+00 -3.195667e-02 2.948951e-01 -1.252086e+00 -1.885566e-01 2.948924e-01
2454357.851521 9.510591e-01 -2.245845e+00 -3.203144e-02 2.948945e-01 -1.252076e+00 -1.885207e-01 2.948918e-01
2454357.858062 9.510431e-01 -2.245851e+00 -3.210620e-02 2.948939e-01 -1.252067e+00 -1.884847e-01 2.948912e-01
2454377.754078 1.068276e+00 -2.252310e+00 -2.590102e-01 2.916676e-01 -1.268743e+00 -7.605559e-02 2.916657e-01
2454377.760578 1.068311e+00 -2.252309e+00 -2.590840e-01 2.916661e-01 -1.268764e+00 -7.601990e-02 2.916642e-01
2454377.767078 1.068347e+00 -2.252307e+00 -2.591579e-01 2.916645e-01 -1.268785e+00 -7.598421e-02 2.916626e-01
2454377.773588 9.743764e-01 -2.252306e+00 -2.592318e-01 2.916630e-01 -1.268806e+00 -7.594848e-02 2.916611e-01
2454384.672454 1.018177e+00 -2.249350e+00 -3.374278e-01 2.898694e-01 -1.296399e+00 -3.947105e-02 2.898679e-01
2454384.679074 1.116465e+00 -2.249346e+00 -3.375027e-01 2.898676e-01 -1.296430e+00 -3.943764e-02 2.898660e-01
2454384.685694 1.018279e+00 -2.249342e+00 -3.375776e-01 2.898657e-01 -1.296462e+00 -3.940423e-02 2.898641e-01
2454384.692324 1.018331e+00 -2.249338e+00 -3.376525e-01 2.898638e-01 -1.296494e+00 -3.937077e-02 2.898622e-01
2454388.749847 9.605298e-01 -2.246366e+00 -3.834643e-01 2.886498e-01 -1.317832e+00 -1.960948e-02 2.886484e-01
2454388.758447 1.154899e+00 -2.246358e+00 -3.835612e-01 2.886471e-01 -1.317881e+00 -1.956922e-02 2.886457e-01
2454388.767037 7.990570e-01 -2.246351e+00 -3.836581e-01 2.886444e-01 -1.317930e+00 -1.952902e-02 2.886430e-01
2454388.775647 7.288049e-01 -2.246344e+00 -3.837551e-01 2.886417e-01 -1.317980e+00 -1.948873e-02 2.886403e-01
2454406.671212 6.771536e-01 -2.222526e+00 -5.837271e-01 2.819159e-01 -1.453991e+00 4.408508e-02 2.819154e-01
2454406.677721 7.425481e-01 -2.222515e+00 -5.837992e-01 2.819130e-01 -1.454052e+00 4.409937e-02 2.819125e-01
2454406.684231 6.176779e-01 -2.222503e+00 -5.838712e-01 2.819102e-01 -1.454113e+00 4.411365e-02 2.819097e-01
2454406.690731 4.273654e-01 -2.222491e+00 -5.839431e-01 2.819073e-01 -1.454174e+00 4.412791e-02 2.819068e-01
2454440.547056 7.665779e-01 -2.131541e+00 -9.489744e-01 2.633840e-01 -1.850166e+00 -4.632020e-03 2.633852e-01
2454440.553595 7.666518e-01 -2.131518e+00 -9.490428e-01 2.633797e-01 -1.850253e+00 -4.668710e-03 2.633809e-01
2454440.566654 8.407786e-01 -2.131472e+00 -9.491794e-01 2.633712e-01 -1.850426e+00 -4.741990e-03 2.633724e-01
2454466.597788 6.963359e-01 -2.023301e+00 -1.213415e+00 2.443931e-01 -2.192686e+00 -2.448310e-01 2.443953e-01
2454466.604298 6.351200e-01 -2.023270e+00 -1.213479e+00 2.443879e-01 -2.192767e+00 -2.449146e-01 2.443900e-01
2454466.610777 5.283145e-01 -2.023240e+00 -1.213543e+00 2.443827e-01 -2.192848e+00 -2.449979e-01 2.443848e-01
2454466.617247 3.655352e-01 -2.023209e+00 -1.213606e+00 2.443775e-01 -2.192929e+00 -2.450811e-01 2.443797e-01
2454477.579007 7.290824e-01 -1.968398e+00 -1.319614e+00 2.352621e-01 -2.322620e+00 -4.021972e-01 2.352645e-01
2454477.584337 7.291294e-01 -1.968370e+00 -1.319665e+00 2.352575e-01 -2.322679e+00 -4.022813e-01 2.352599e-01
2454477.589666 7.995258e-01 -1.968342e+00 -1.319715e+00 2.352529e-01 -2.322738e+00 -4.023654e-01 2.352553e-01
2454477.595046 5.044995e-01 -1.968314e+00 -1.319767e+00 2.352483e-01 -2.322798e+00 -4.024503e-01 2.352507e-01
2454506.575954 7.557128e-01 -1.798997e+00 -1.582701e+00 2.082491e-01 -2.561218e+00 -9.562083e-01 2.082518e-01
2454506.580213 4.768416e-01 -1.798970e+00 -1.582738e+00 2.082448e-01 -2.561238e+00 -9.563018e-01 2.082476e-01
2454777.920420 6.732473e-01 7.272453e-01 -2.361612e+00 -1.380941e-01 1.424847e+00 -1.657920e+00 -1.380948e-01
2454777.932801 5.598963e-01 7.273667e-01 -2.361570e+00 -1.381094e-01 1.424814e+00 -1.657729e+00 -1.381101e-01
2454777.945282 5.598092e-01 7.274892e-01 -2.361527e+00 -1.381247e-01 1.424780e+00 -1.657536e+00 -1.381254e-01
2454792.898761 5.550079e-01 8.724593e-01 -2.305301e+00 -1.561859e-01 1.361232e+00 -1.447167e+00 -1.561859e-01
2454792.905931 7.315734e-01 8.725280e-01 -2.305272e+00 -1.561944e-01 1.361192e+00 -1.447077e+00 -1.561944e-01
2454792.913202 8.020770e-01 8.725976e-01 -2.305242e+00 -1.562030e-01 1.361151e+00 -1.446986e+00 -1.562030e-01
2454792.920512 4.615026e-01 8.726676e-01 -2.305212e+00 -1.562117e-01 1.361109e+00 -1.446894e+00 -1.562117e-01
2454830.878204 9.478239e-01 1.221934e+00 -2.117518e+00 -1.987867e-01 1.069450e+00 -1.146103e+00 -1.987849e-01
2454830.884255 9.477647e-01 1.221987e+00 -2.117484e+00 -1.987930e-01 1.069398e+00 -1.146085e+00 -1.987913e-01
2454830.890295 9.477056e-01 1.222040e+00 -2.117449e+00 -1.987994e-01 1.069347e+00 -1.146067e+00 -1.987976e-01
2454830.896405 8.642633e-01 1.222094e+00 -2.117413e+00 -1.988058e-01 1.069295e+00 -1.146048e+00 -1.988040e-01
2454856.832003 1.156983e+00 1.441077e+00 -1.953735e+00 -2.246725e-01 8.713796e-01 -1.150822e+00 -2.246699e-01
2454856.839883 1.156965e+00 1.441140e+00 -1.953681e+00 -2.246799e-01 8.713306e-01 -1.150847e+00 -2.246773e-01
2454856.847713 1.156947e+00 1.441204e+00 -1.953628e+00 -2.246873e-01 8.712818e-01 -1.150872e+00 -2.246847e-01
2454856.855613 1.156929e+00 1.441267e+00 -1.953574e+00 -2.246947e-01 8.712326e-01 -1.150897e+00 -2.246921e-01
2454866.710423 9.617596e-01 1.519458e+00 -1.884239e+00 -2.337349e-01 8.176797e-01 -1.191917e+00 -2.337321e-01
2454866.720193 9.617767e-01 1.519534e+00 -1.884169e+00 -2.337437e-01 8.176350e-01 -1.191967e+00 -2.337408e-01
2454866.729973 9.617938e-01 1.519610e+00 -1.884098e+00 -2.337524e-01 8.175902e-01 -1.192017e+00 -2.337496e-01
2454866.739703 1.054605e+00 1.519686e+00 -1.884027e+00 -2.337611e-01 8.175457e-01 -1.192066e+00 -2.337583e-01
2454875.715141 9.918395e-01 1.588255e+00 -1.817591e+00 -2.415875e-01 7.843669e-01 -1.244316e+00 -2.415846e-01
2454875.721141 1.087563e+00 1.588300e+00 -1.817546e+00 -2.415926e-01 7.843502e-01 -1.244355e+00 -2.415897e-01
2454875.727160 9.918984e-01 1.588345e+00 -1.817500e+00 -2.415978e-01 7.843335e-01 -1.244394e+00 -2.415948e-01
2454875.733210 9.046492e-01 1.588390e+00 -1.817454e+00 -2.416029e-01 7.843168e-01 -1.244434e+00 -2.416000e-01
2454889.735687 7.559014e-01 1.690008e+00 -1.707772e+00 -2.530000e-01 7.676676e-01 -1.347012e+00 -2.529971e-01
2454889.745606 7.559657e-01 1.690078e+00 -1.707692e+00 -2.530077e-01 7.676723e-01 -1.347092e+00 -2.530048e-01
2454889.755476 6.895073e-01 1.690147e+00 -1.707612e+00 -2.530154e-01 7.676769e-01 -1.347171e+00 -2.530124e-01
2454889.764296 6.895595e-01 1.690209e+00 -1.707541e+00 -2.530223e-01 7.676811e-01 -1.347241e+00 -2.530193e-01
2454939.616449 6.120762e-01 1.992167e+00 -1.262814e+00 -2.847532e-01 1.106286e+00 -1.735517e+00 -2.847501e-01
2454939.621839 9.701299e-01 1.992194e+00 -1.262762e+00 -2.847558e-01 1.106355e+00 -1.735547e+00 -2.847528e-01
2454939.627149 9.701834e-01 1.992220e+00 -1.262710e+00 -2.847584e-01 1.106423e+00 -1.735577e+00 -2.847554e-01
2454939.632588 9.702382e-01 1.992248e+00 -1.262658e+00 -2.847611e-01 1.106493e+00 -1.735607e+00 -2.847580e-01
2454977.662701 7.867700e-01 2.150303e+00 -8.758867e-01 -2.986024e-01 1.720877e+00 -1.793422e+00 -2.985997e-01
2454977.669370 4.129233e-01 2.150325e+00 -8.758160e-01 -2.986040e-01 1.721001e+00 -1.793400e+00 -2.986013e-01
2454977.675950 5.443660e-01 2.150346e+00 -8.757462e-01 -2.986055e-01 1.721123e+00 -1.793379e+00 -2.986029e-01
2454977.682580 7.868879e-01 2.150368e+00 -8.756759e-01 -2.986071e-01 1.721246e+00 -1.793357e+00 -2.986044e-01
1 0.5
