2	0.5	1000	 1	period_start period_step period_end fixed/free
0.0				initial epoch
0.0				initial rotation angle      
0.1				convexity weight      
3 3				degree and order of spherical harmonics      
6				number of rows        
0.5	1			scattering parameters
0.1	1
-0.5	1     
0.1	0			LS coeff                 
50				iteration stop condidion
10				minimum number of iterations (only if the above value < 1)
5				Alamda multiplicative factor
0.1				Alamda initial value
1
100 0 0.12 2006.10-2010.11 V 703_CATALINA
2454035.808309 1.584925e+00 -1.789547e+00 -1.493740e+00 -1.372142e-01 -9.621745e-01 -9.430954e-01 -1.372126e-01
2454035.814769 1.584895e+00 -1.789499e+00 -1.493799e+00 -1.372064e-01 -9.621892e-01 -9.430629e-01 -1.372049e-01
2454035.821219 1.445415e+00 -1.789450e+00 -1.493859e+00 -1.371987e-01 -9.622039e-01 -9.430304e-01 -1.371971e-01
2454035.827669 1.584835e+00 -1.789402e+00 -1.493918e+00 -1.371910e-01 -9.622187e-01 -9.429979e-01 -1.371894e-01
2454053.730990 1.757923e+00 -1.648044e+00 -1.653158e+00 -1.152607e-01 -1.033608e+00 -8.776744e-01 -1.152578e-01
2454053.737450 1.927577e+00 -1.647990e+00 -1.653213e+00 -1.152526e-01 -1.033643e+00 -8.776611e-01 -1.152498e-01
2454053.743920 1.927630e+00 -1.647937e+00 -1.653269e+00 -1.152446e-01 -1.033679e+00 -8.776478e-01 -1.152417e-01
2454053.750360 1.758067e+00 -1.647884e+00 -1.653324e+00 -1.152365e-01 -1.033714e+00 -8.776346e-01 -1.152336e-01
2454053.762500 1.927781e+00 -1.647784e+00 -1.653428e+00 -1.152213e-01 -1.033781e+00 -8.776097e-01 -1.152184e-01
2454053.773040 1.758235e+00 -1.647697e+00 -1.653518e+00 -1.152081e-01 -1.033840e+00 -8.775880e-01 -1.152053e-01
2454053.783589 1.603600e+00 -1.647610e+00 -1.653608e+00 -1.151949e-01 -1.033898e+00 -8.775664e-01 -1.151921e-01
2454053.794109 1.603672e+00 -1.647523e+00 -1.653698e+00 -1.151818e-01 -1.033956e+00 -8.775449e-01 -1.151789e-01
2454108.659345 8.847205e-01 -1.143272e+00 -2.060947e+00 -4.338445e-02 -1.436944e+00 -1.122484e+00 -4.337986e-02
2454108.668035 1.063796e+00 -1.143185e+00 -2.061001e+00 -4.337271e-02 -1.437002e+00 -1.122583e+00 -4.336812e-02
2454108.676734 8.070697e-01 -1.143098e+00 -2.061055e+00 -4.336096e-02 -1.437060e+00 -1.122682e+00 -4.335637e-02
2454108.685443 9.704288e-01 -1.143011e+00 -2.061109e+00 -4.334919e-02 -1.437118e+00 -1.122781e+00 -4.334460e-02
2454124.581696 8.350681e-01 -9.806591e-01 -2.153860e+00 -2.176795e-02 -1.525246e+00 -1.333904e+00 -2.176359e-02
2454124.587035 1.100913e+00 -9.806036e-01 -2.153889e+00 -2.176067e-02 -1.525268e+00 -1.333984e+00 -2.175632e-02
2454124.592355 7.617001e-01 -9.805483e-01 -2.153918e+00 -2.175342e-02 -1.525291e+00 -1.334064e+00 -2.174907e-02
2454124.597695 7.617547e-01 -9.804927e-01 -2.153947e+00 -2.174614e-02 -1.525313e+00 -1.334144e+00 -2.174179e-02
2454130.627717 9.048442e-01 -9.174034e-01 -2.185969e+00 -1.352065e-02 -1.547082e+00 -1.428484e+00 -1.351648e-02
2454130.633077 8.252856e-01 -9.173469e-01 -2.185996e+00 -1.351334e-02 -1.547098e+00 -1.428571e+00 -1.350916e-02
2454130.638476 7.527227e-01 -9.172901e-01 -2.186024e+00 -1.350597e-02 -1.547114e+00 -1.428659e+00 -1.350179e-02
2454130.643846 7.527757e-01 -9.172336e-01 -2.186052e+00 -1.349863e-02 -1.547130e+00 -1.428746e+00 -1.349446e-02
2454144.587900 9.846920e-01 -7.685937e-01 -2.253304e+00 5.553080e-03 -1.566130e+00 -1.671401e+00 5.556680e-03
2454144.594370 8.981207e-01 -7.685239e-01 -2.253333e+00 5.561920e-03 -1.566128e+00 -1.671520e+00 5.565520e-03
2454144.600829 8.981913e-01 -7.684542e-01 -2.253362e+00 5.570740e-03 -1.566126e+00 -1.671639e+00 5.574350e-03
2454144.607269 8.982617e-01 -7.683848e-01 -2.253391e+00 5.579540e-03 -1.566123e+00 -1.671758e+00 5.583150e-03
2454168.602108 1.415440e+00 -5.053159e-01 -2.346552e+00 3.826322e-02 -1.476488e+00 -2.140793e+00 3.826534e-02
2454168.606317 8.931213e-01 -5.052691e-01 -2.346566e+00 3.826892e-02 -1.476457e+00 -2.140878e+00 3.827105e-02
2454168.610537 8.145718e-01 -5.052222e-01 -2.346580e+00 3.827464e-02 -1.476426e+00 -2.140963e+00 3.827676e-02
2454168.614747 1.415625e+00 -5.051754e-01 -2.346594e+00 3.828034e-02 -1.476396e+00 -2.141048e+00 3.828247e-02
2454392.968575 1.019855e+00 1.850009e+00 -1.915680e+00 2.802788e-01 2.748433e+00 -1.485545e+00 2.802776e-01
2454392.972895 4.881224e-01 1.850045e+00 -1.915653e+00 2.802817e-01 2.748436e+00 -1.485451e+00 2.802805e-01
2454392.977245 4.881115e-01 1.850081e+00 -1.915625e+00 2.802847e-01 2.748439e+00 -1.485357e+00 2.802834e-01
2454392.981615 1.344341e+00 1.850118e+00 -1.915598e+00 2.802876e-01 2.748442e+00 -1.485262e+00 2.802864e-01
2454412.985658 1.089129e+00 2.012269e+00 -1.783808e+00 2.928618e-01 2.705803e+00 -1.076232e+00 2.928617e-01
2454412.989948 7.534710e-01 2.012302e+00 -1.783778e+00 2.928644e-01 2.705783e+00 -1.076151e+00 2.928642e-01
2454412.994259 1.089066e+00 2.012336e+00 -1.783749e+00 2.928669e-01 2.705762e+00 -1.076070e+00 2.928667e-01
2454412.998569 1.309307e+00 2.012370e+00 -1.783719e+00 2.928694e-01 2.705742e+00 -1.075989e+00 2.928692e-01
2454423.966714 6.354824e-01 2.096200e+00 -1.706854e+00 2.990208e-01 2.639859e+00 -8.815243e-01 2.990211e-01
2454423.974175 3.334872e-01 2.096256e+00 -1.706801e+00 2.990248e-01 2.639805e+00 -8.814008e-01 2.990251e-01
2454423.981685 1.104218e+00 2.096312e+00 -1.706747e+00 2.990288e-01 2.639751e+00 -8.812766e-01 2.990292e-01
2454423.989216 3.334494e-01 2.096368e+00 -1.706693e+00 2.990328e-01 2.639697e+00 -8.811520e-01 2.990332e-01
2454439.930011 6.715195e-01 2.211560e+00 -1.589637e+00 3.070279e-01 2.503266e+00 -6.483419e-01 3.070291e-01
2454439.937122 5.585113e-01 2.211610e+00 -1.589584e+00 3.070312e-01 2.503196e+00 -6.482527e-01 3.070324e-01
2454439.944222 8.072452e-01 2.211659e+00 -1.589530e+00 3.070345e-01 2.503127e+00 -6.481635e-01 3.070357e-01
2454439.951443 8.071951e-01 2.211710e+00 -1.589476e+00 3.070379e-01 2.503057e+00 -6.480728e-01 3.070391e-01
2454453.919626 9.391865e-01 2.306009e+00 -1.482105e+00 3.131212e-01 2.357448e+00 -4.995672e-01 3.131229e-01
2454453.926287 8.564959e-01 2.306053e+00 -1.482053e+00 3.131238e-01 2.357375e+00 -4.995094e-01 3.131256e-01
2454453.932857 1.237938e+00 2.306096e+00 -1.482001e+00 3.131265e-01 2.357303e+00 -4.994524e-01 3.131283e-01
2454453.939438 6.496398e-01 2.306139e+00 -1.481950e+00 3.131292e-01 2.357231e+00 -4.993954e-01 3.131309e-01
2454499.838350 8.363130e-01 2.570752e+00 -1.102461e+00 3.270694e-01 1.889180e+00 -3.905765e-01 3.270721e-01
2454499.844690 1.102433e+00 2.570784e+00 -1.102406e+00 3.270707e-01 1.889132e+00 -3.905975e-01 3.270734e-01
2454499.851060 9.169284e-01 2.570816e+00 -1.102351e+00 3.270720e-01 1.889082e+00 -3.906186e-01 3.270747e-01
2454499.857430 8.362164e-01 2.570848e+00 -1.102296e+00 3.270733e-01 1.889033e+00 -3.906397e-01 3.270760e-01
2454510.831445 1.378426e+00 2.623582e+00 -1.006515e+00 3.290448e-01 1.815845e+00 -4.385496e-01 3.290475e-01
2454510.836345 1.378403e+00 2.623604e+00 -1.006472e+00 3.290455e-01 1.815818e+00 -4.385758e-01 3.290482e-01
2454510.841315 1.657176e+00 2.623627e+00 -1.006428e+00 3.290463e-01 1.815790e+00 -4.386023e-01 3.290490e-01
2454510.846256 1.657148e+00 2.623650e+00 -1.006385e+00 3.290471e-01 1.815763e+00 -4.386287e-01 3.290498e-01
2454529.729671 1.792697e+00 2.704710e+00 -8.379506e-01 3.312293e-01 1.751884e+00 -5.631040e-01 3.312318e-01
2454529.735761 1.792721e+00 2.704734e+00 -8.378956e-01 3.312298e-01 1.751878e+00 -5.631501e-01 3.312323e-01
2454529.741861 1.792744e+00 2.704759e+00 -8.378406e-01 3.312303e-01 1.751871e+00 -5.631963e-01 3.312327e-01
2454529.747961 1.965731e+00 2.704783e+00 -8.377855e-01 3.312307e-01 1.751865e+00 -5.632425e-01 3.312332e-01
2454537.770288 1.397227e+00 2.735490e+00 -7.650269e-01 3.316990e-01 1.751510e+00 -6.258629e-01 3.317013e-01
2454537.776378 1.679883e+00 2.735512e+00 -7.649714e-01 3.316993e-01 1.751516e+00 -6.259115e-01 3.317016e-01
2454537.782438 1.274357e+00 2.735535e+00 -7.649162e-01 3.316995e-01 1.751522e+00 -6.259599e-01 3.317018e-01
2454537.788528 1.397343e+00 2.735557e+00 -7.648608e-01 3.316998e-01 1.751528e+00 -6.260086e-01 3.317021e-01
2454560.679921 7.925622e-01 2.810912e+00 -5.540322e-01 3.315571e-01 1.843260e+00 -8.072480e-01 3.315586e-01
2454560.685350 7.926042e-01 2.810928e+00 -5.539817e-01 3.315568e-01 1.843298e+00 -8.072883e-01 3.315583e-01
2454560.690810 8.691192e-01 2.810944e+00 -5.539309e-01 3.315565e-01 1.843336e+00 -8.073287e-01 3.315580e-01
2454560.696230 9.530209e-01 2.810960e+00 -5.538805e-01 3.315562e-01 1.843374e+00 -8.073689e-01 3.315577e-01
2455335.928863 5.819035e-01 -1.859842e+00 1.768034e+00 -2.754441e-01 -2.392986e+00 9.082076e-01 -2.754395e-01
2455335.935794 1.461557e+00 -1.859887e+00 1.767973e+00 -2.754466e-01 -2.392931e+00 9.080833e-01 -2.754419e-01
2455335.942714 6.379415e-01 -1.859931e+00 1.767912e+00 -2.754490e-01 -2.392876e+00 9.079592e-01 -2.754444e-01
2455335.949775 5.305727e-01 -1.859977e+00 1.767850e+00 -2.754515e-01 -2.392820e+00 9.078326e-01 -2.754469e-01
2455358.897912 6.934963e-01 -1.998844e+00 1.558034e+00 -2.823225e-01 -2.171212e+00 5.574204e-01 -2.823185e-01
2455358.904313 8.336959e-01 -1.998880e+00 1.557973e+00 -2.823240e-01 -2.171142e+00 5.573406e-01 -2.823200e-01
2455358.910643 5.767289e-01 -1.998916e+00 1.557913e+00 -2.823255e-01 -2.171072e+00 5.572618e-01 -2.823216e-01
2455358.916974 4.796624e-01 -1.998952e+00 1.557853e+00 -2.823271e-01 -2.171002e+00 5.571830e-01 -2.823231e-01
2455368.894051 6.654043e-01 -2.053574e+00 1.461978e+00 -2.844942e-01 -2.057615e+00 4.457488e-01 -2.844907e-01
2455368.899271 6.653572e-01 -2.053602e+00 1.461927e+00 -2.844952e-01 -2.057554e+00 4.456972e-01 -2.844917e-01
2455368.904502 6.653100e-01 -2.053629e+00 1.461876e+00 -2.844962e-01 -2.057493e+00 4.456456e-01 -2.844927e-01
2455368.909672 6.652633e-01 -2.053657e+00 1.461826e+00 -2.844972e-01 -2.057433e+00 4.455945e-01 -2.844937e-01
2455456.708531 1.361816e+00 -2.358705e+00 5.218564e-01 -2.803572e-01 -1.358930e+00 4.179027e-01 -2.803606e-01
2455456.715200 1.361828e+00 -2.358715e+00 5.217801e-01 -2.803552e-01 -1.358930e+00 4.179401e-01 -2.803586e-01
2455456.721880 1.361839e+00 -2.358725e+00 5.217037e-01 -2.803532e-01 -1.358930e+00 4.179776e-01 -2.803566e-01
2455456.728630 1.361851e+00 -2.358735e+00 5.216265e-01 -2.803512e-01 -1.358930e+00 4.180154e-01 -2.803546e-01
2455469.705115 1.712057e+00 -2.373943e+00 3.724092e-01 -2.760365e-01 -1.379427e+00 4.907592e-01 -2.760408e-01
2455469.711905 1.424079e+00 -2.373949e+00 3.723307e-01 -2.760340e-01 -1.379448e+00 4.907962e-01 -2.760382e-01
2455469.718774 1.298824e+00 -2.373955e+00 3.722513e-01 -2.760314e-01 -1.379470e+00 4.908338e-01 -2.760357e-01
2455469.725614 1.184586e+00 -2.373960e+00 3.721723e-01 -2.760289e-01 -1.379492e+00 4.908711e-01 -2.760332e-01
2455480.711985 1.164881e+00 -2.380305e+00 2.447902e-01 -2.716136e-01 -1.428839e+00 5.472432e-01 -2.716186e-01
2455480.718754 1.277337e+00 -2.380307e+00 2.447114e-01 -2.716106e-01 -1.428879e+00 5.472750e-01 -2.716156e-01
2455480.725664 1.165010e+00 -2.380310e+00 2.446311e-01 -2.716076e-01 -1.428919e+00 5.473075e-01 -2.716126e-01
2455480.732514 1.165075e+00 -2.380312e+00 2.445514e-01 -2.716047e-01 -1.428958e+00 5.473397e-01 -2.716097e-01
2455510.591453 5.214218e-01 -2.366584e+00 -1.038818e-01 -2.561032e-01 -1.696479e+00 6.253888e-01 -2.561099e-01
2455510.598262 6.269344e-01 -2.366576e+00 -1.039613e-01 -2.560991e-01 -1.696559e+00 6.253882e-01 -2.561058e-01
2455510.605162 6.874729e-01 -2.366568e+00 -1.040418e-01 -2.560950e-01 -1.696640e+00 6.253875e-01 -2.561016e-01
2455510.612021 6.270305e-01 -2.366559e+00 -1.041219e-01 -2.560908e-01 -1.696720e+00 6.253868e-01 -2.560975e-01
1 0.5
