2	0.5	1000	 1	period_start period_step period_end fixed/free
0.0				initial epoch
0.0				initial rotation angle      
0.1				convexity weight      
3 3				degree and order of spherical harmonics      
6				number of rows        
0.5	1			scattering parameters
0.1	1
-0.5	1     
0.1	0			LS coeff                 
50				iteration stop condidion
10				minimum number of iterations (only if the above value < 1)
5				Alamda multiplicative factor
0.1				Alamda initial value
1
111 0 0.12 2005.9-2008.6 V 703_CATALINA
2453626.823678 2.035886e+00 -2.732920e+00 -6.266647e-01 9.026546e-01 -1.740479e+00 -7.918805e-01 9.026528e-01
2453626.831839 1.544265e+00 -2.732886e+00 -6.267415e-01 9.026575e-01 -1.740424e+00 -7.918193e-01 9.026557e-01
2453626.839979 1.856480e+00 -2.732852e+00 -6.268180e-01 9.026604e-01 -1.740370e+00 -7.917583e-01 9.026585e-01
2453626.848089 2.035443e+00 -2.732818e+00 -6.268944e-01 9.026632e-01 -1.740315e+00 -7.916975e-01 9.026614e-01
2453628.861422 1.663401e+00 -2.724362e+00 -6.458218e-01 9.033517e-01 -1.727335e+00 -7.764917e-01 9.033501e-01
2453628.869552 8.729044e-01 -2.724327e+00 -6.458982e-01 9.033544e-01 -1.727285e+00 -7.764299e-01 9.033528e-01
2453628.877643 1.383364e+00 -2.724293e+00 -6.459742e-01 9.033570e-01 -1.727235e+00 -7.763684e-01 9.033555e-01
2453628.885743 1.663053e+00 -2.724259e+00 -6.460503e-01 9.033597e-01 -1.727185e+00 -7.763068e-01 9.033582e-01
2453673.751876 1.291496e+00 -2.502463e+00 -1.058034e+00 9.073228e-01 -1.707783e+00 -4.626440e-01 9.073266e-01
2453673.758386 1.866803e+00 -2.502426e+00 -1.058092e+00 9.073217e-01 -1.707815e+00 -4.626130e-01 9.073256e-01
2453673.765035 1.702566e+00 -2.502388e+00 -1.058152e+00 9.073207e-01 -1.707848e+00 -4.625812e-01 9.073245e-01
2453673.771595 1.702587e+00 -2.502351e+00 -1.058210e+00 9.073196e-01 -1.707880e+00 -4.625499e-01 9.073235e-01
2453680.710321 1.901707e+00 -2.462362e+00 -1.119831e+00 9.059221e-01 -1.747052e+00 -4.336666e-01 9.059267e-01
2453680.716791 2.506993e+00 -2.462324e+00 -1.119888e+00 9.059206e-01 -1.747093e+00 -4.336438e-01 9.059251e-01
2453680.723231 2.507048e+00 -2.462286e+00 -1.119945e+00 9.059190e-01 -1.747134e+00 -4.336212e-01 9.059236e-01
2453680.729690 1.901832e+00 -2.462248e+00 -1.120002e+00 9.059175e-01 -1.747175e+00 -4.335984e-01 9.059220e-01
2453705.689201 1.506838e+00 -2.305952e+00 -1.335638e+00 8.962487e-01 -1.952642e+00 -4.150587e-01 8.962550e-01
2453705.697231 1.374330e+00 -2.305898e+00 -1.335706e+00 8.962444e-01 -1.952720e+00 -4.150775e-01 8.962507e-01
2453705.705300 1.143182e+00 -2.305845e+00 -1.335774e+00 8.962400e-01 -1.952798e+00 -4.150963e-01 8.962464e-01
2453705.713380 1.253544e+00 -2.305791e+00 -1.335842e+00 8.962357e-01 -1.952876e+00 -4.151152e-01 8.962421e-01
2453711.664613 9.051102e-01 -2.265676e+00 -1.385703e+00 8.928394e-01 -2.011788e+00 -4.338069e-01 8.928460e-01
2453711.672662 1.308360e+00 -2.265621e+00 -1.385770e+00 8.928345e-01 -2.011870e+00 -4.338387e-01 8.928411e-01
2453711.680702 7.529272e-01 -2.265567e+00 -1.385837e+00 8.928297e-01 -2.011951e+00 -4.338705e-01 8.928363e-01
2453711.688731 6.262945e-01 -2.265512e+00 -1.385904e+00 8.928248e-01 -2.012031e+00 -4.339023e-01 8.928314e-01
2453733.586754 1.288771e+00 -2.108675e+00 -1.563437e+00 8.766406e-01 -2.234888e+00 -5.881857e-01 8.766475e-01
2453733.596123 1.288865e+00 -2.108605e+00 -1.563511e+00 8.766324e-01 -2.234980e+00 -5.882808e-01 8.766393e-01
2453733.605423 1.175544e+00 -2.108535e+00 -1.563584e+00 8.766243e-01 -2.235072e+00 -5.883753e-01 8.766312e-01
2453733.614632 1.549780e+00 -2.108466e+00 -1.563656e+00 8.766162e-01 -2.235162e+00 -5.884688e-01 8.766232e-01
2454009.951599 1.246450e+00 6.967798e-01 -2.459438e+00 2.067438e-01 1.688116e+00 -2.319507e+00 2.067432e-01
2454009.960250 1.246368e+00 6.968733e-01 -2.459417e+00 2.067129e-01 1.688186e+00 -2.319339e+00 2.067123e-01
2454009.968861 7.171636e-01 6.969665e-01 -2.459395e+00 2.066822e-01 1.688256e+00 -2.319171e+00 2.066815e-01
2454009.977541 7.863028e-01 6.970604e-01 -2.459374e+00 2.066512e-01 1.688327e+00 -2.319003e+00 2.066505e-01
2454024.968346 1.104390e+00 8.577250e-01 -2.417546e+00 1.527463e-01 1.776273e+00 -2.030245e+00 1.527469e-01
2454024.973226 8.377308e-01 8.577768e-01 -2.417531e+00 1.527286e-01 1.776291e+00 -2.030153e+00 1.527293e-01
2454024.978297 1.104296e+00 8.578306e-01 -2.417515e+00 1.527103e-01 1.776309e+00 -2.030057e+00 1.527109e-01
2454024.983287 1.007087e+00 8.578836e-01 -2.417499e+00 1.526922e-01 1.776328e+00 -2.029963e+00 1.526929e-01
2454027.922012 1.870665e+00 8.890028e-01 -2.408180e+00 1.420482e-01 1.785791e+00 -1.974771e+00 1.420491e-01
2454027.931293 1.180213e+00 8.891009e-01 -2.408150e+00 1.420145e-01 1.785817e+00 -1.974598e+00 1.420154e-01
2454027.940533 8.164422e-01 8.891985e-01 -2.408120e+00 1.419810e-01 1.785843e+00 -1.974425e+00 1.419819e-01
2454027.949754 7.445438e-01 8.892960e-01 -2.408090e+00 1.419476e-01 1.785869e+00 -1.974253e+00 1.419485e-01
2454054.966802 9.981210e-01 1.168564e+00 -2.305685e+00 4.329477e-02 1.765847e+00 -1.517259e+00 4.329772e-02
2454054.972813 9.980590e-01 1.168625e+00 -2.305658e+00 4.327272e-02 1.765824e+00 -1.517171e+00 4.327567e-02
2454054.978863 1.199856e+00 1.168686e+00 -2.305632e+00 4.325051e-02 1.765800e+00 -1.517082e+00 4.325347e-02
2454054.984944 1.199780e+00 1.168747e+00 -2.305606e+00 4.322820e-02 1.765776e+00 -1.516993e+00 4.323116e-02
2454066.840675 1.273459e+00 1.286867e+00 -2.251453e+00 -3.068200e-04 1.706324e+00 -1.358295e+00 -3.032100e-04
2454066.852346 1.530844e+00 1.286982e+00 -2.251397e+00 -3.496900e-04 1.706254e+00 -1.358155e+00 -3.460800e-04
2454066.863976 1.530655e+00 1.287096e+00 -2.251341e+00 -3.924100e-04 1.706184e+00 -1.358015e+00 -3.888000e-04
2454066.875597 1.272986e+00 1.287211e+00 -2.251286e+00 -4.351000e-04 1.706114e+00 -1.357875e+00 -4.314900e-04
2454085.897151 1.252959e+00 1.470207e+00 -2.153239e+00 -7.024185e-02 1.569879e+00 -1.174148e+00 -7.023750e-02
2454085.907162 1.252832e+00 1.470301e+00 -2.153184e+00 -7.027851e-02 1.569799e+00 -1.174076e+00 -7.027417e-02
2454085.917252 1.041954e+00 1.470396e+00 -2.153128e+00 -7.031546e-02 1.569718e+00 -1.174004e+00 -7.031112e-02
2454085.927353 6.573609e-01 1.470491e+00 -2.153073e+00 -7.035246e-02 1.569637e+00 -1.173931e+00 -7.034811e-02
2454110.853212 1.335833e+00 1.696709e+00 -2.005056e+00 -1.611204e-01 1.366630e+00 -1.078707e+00 -1.611159e-01
2454110.859252 1.605965e+00 1.696762e+00 -2.005018e+00 -1.611423e-01 1.366583e+00 -1.078704e+00 -1.611377e-01
2454110.865262 1.760840e+00 1.696815e+00 -2.004980e+00 -1.611640e-01 1.366537e+00 -1.078701e+00 -1.611594e-01
2454110.871293 2.116917e+00 1.696867e+00 -2.004941e+00 -1.611858e-01 1.366490e+00 -1.078697e+00 -1.611812e-01
2454116.826065 1.870241e+00 1.748444e+00 -1.966502e+00 -1.826632e-01 1.321905e+00 -1.080100e+00 -1.826587e-01
2454116.832605 1.555553e+00 1.748500e+00 -1.966459e+00 -1.826868e-01 1.321858e+00 -1.080106e+00 -1.826822e-01
2454116.839145 1.705579e+00 1.748556e+00 -1.966417e+00 -1.827103e-01 1.321811e+00 -1.080113e+00 -1.827058e-01
2454116.845705 1.705529e+00 1.748613e+00 -1.966374e+00 -1.827339e-01 1.321763e+00 -1.080119e+00 -1.827294e-01
2454128.761337 1.812488e+00 1.848786e+00 -1.886106e+00 -2.253841e-01 1.244658e+00 -1.108386e+00 -2.253799e-01
2454128.766237 1.812483e+00 1.848827e+00 -1.886072e+00 -2.254016e-01 1.244630e+00 -1.108405e+00 -2.253973e-01
2454128.771167 1.987342e+00 1.848867e+00 -1.886038e+00 -2.254191e-01 1.244602e+00 -1.108423e+00 -2.254149e-01
2454128.776087 1.987335e+00 1.848908e+00 -1.886003e+00 -2.254366e-01 1.244575e+00 -1.108441e+00 -2.254324e-01
2454140.745392 2.217544e+00 1.945327e+00 -1.801089e+00 -2.677655e-01 1.189612e+00 -1.166896e+00 -2.677617e-01
2454140.751862 2.666137e+00 1.945378e+00 -1.801042e+00 -2.677882e-01 1.189590e+00 -1.166934e+00 -2.677844e-01
2454140.758342 2.666199e+00 1.945429e+00 -1.800995e+00 -2.678110e-01 1.189567e+00 -1.166973e+00 -2.678072e-01
2454140.764802 2.666260e+00 1.945480e+00 -1.800948e+00 -2.678337e-01 1.189545e+00 -1.167012e+00 -2.678299e-01
2454147.739261 1.906555e+00 1.999660e+00 -1.749586e+00 -2.922277e-01 1.170518e+00 -1.212549e+00 -2.922243e-01
2454147.746301 1.906634e+00 1.999714e+00 -1.749533e+00 -2.922522e-01 1.170504e+00 -1.212598e+00 -2.922488e-01
2454147.753350 2.090669e+00 1.999768e+00 -1.749480e+00 -2.922768e-01 1.170490e+00 -1.212648e+00 -2.922733e-01
2454147.760350 1.906791e+00 1.999822e+00 -1.749428e+00 -2.923011e-01 1.170476e+00 -1.212697e+00 -2.922977e-01
2454153.696037 1.651199e+00 2.044743e+00 -1.704671e+00 -3.128888e-01 1.162829e+00 -1.256797e+00 -3.128857e-01
2454153.702587 1.505987e+00 2.044792e+00 -1.704621e+00 -3.129114e-01 1.162825e+00 -1.256848e+00 -3.129083e-01
2454153.709176 1.651365e+00 2.044841e+00 -1.704571e+00 -3.129342e-01 1.162821e+00 -1.256899e+00 -3.129310e-01
2454153.715746 1.651449e+00 2.044891e+00 -1.704521e+00 -3.129569e-01 1.162817e+00 -1.256950e+00 -3.129537e-01
2454230.666479 7.261291e-01 2.522929e+00 -1.052457e+00 -5.613685e-01 1.861095e+00 -1.814926e+00 -5.613710e-01
2454230.672898 1.049657e+00 2.522960e+00 -1.052399e+00 -5.613875e-01 1.861208e+00 -1.814940e+00 -5.613900e-01
2454230.679338 1.383823e+00 2.522992e+00 -1.052339e+00 -5.614066e-01 1.861322e+00 -1.814954e+00 -5.614091e-01
2454230.685757 1.383930e+00 2.523024e+00 -1.052281e+00 -5.614257e-01 1.861435e+00 -1.814968e+00 -5.614282e-01
2454259.633736 1.316070e+00 2.650809e+00 -7.812526e-01 -6.439665e-01 2.420518e+00 -1.769728e+00 -6.439705e-01
2454259.641685 1.200365e+00 2.650840e+00 -7.811769e-01 -6.439883e-01 2.420680e+00 -1.769684e+00 -6.439922e-01
2454259.649655 2.086161e+00 2.650872e+00 -7.811009e-01 -6.440100e-01 2.420843e+00 -1.769639e+00 -6.440140e-01
2454259.657644 2.287611e+00 2.650903e+00 -7.810248e-01 -6.440319e-01 2.421006e+00 -1.769595e+00 -6.440359e-01
2454510.993561 8.200850e-01 2.641094e+00 1.621281e+00 -1.041941e+00 1.831711e+00 2.186952e+00 -1.041938e+00
2454511.000051 8.200479e-01 2.641072e+00 1.621337e+00 -1.041943e+00 1.831623e+00 2.186916e+00 -1.041941e+00
2454511.006532 9.858698e-01 2.641049e+00 1.621392e+00 -1.041946e+00 1.831534e+00 2.186880e+00 -1.041943e+00
2454511.013022 9.858252e-01 2.641027e+00 1.621448e+00 -1.041949e+00 1.831446e+00 2.186844e+00 -1.041946e+00
2454555.909993 1.403840e+00 2.463709e+00 1.992672e+00 -1.052084e+00 1.479900e+00 1.819916e+00 -1.052082e+00
2454555.917073 1.280273e+00 2.463678e+00 1.992728e+00 -1.052084e+00 1.479888e+00 1.819852e+00 -1.052082e+00
2454555.924163 1.687670e+00 2.463646e+00 1.992784e+00 -1.052084e+00 1.479876e+00 1.819787e+00 -1.052082e+00
2454555.931244 1.403694e+00 2.463615e+00 1.992840e+00 -1.052084e+00 1.479864e+00 1.819723e+00 -1.052083e+00
2454569.873153 2.535474e+00 2.400249e+00 2.101802e+00 -1.051752e+00 1.481936e+00 1.698770e+00 -1.051751e+00
2454569.879643 2.780044e+00 2.400218e+00 2.101852e+00 -1.051752e+00 1.481949e+00 1.698717e+00 -1.051750e+00
2454569.886114 1.754058e+00 2.400188e+00 2.101902e+00 -1.051751e+00 1.481962e+00 1.698664e+00 -1.051750e+00
2454584.879505 1.888346e+00 2.327977e+00 2.215516e+00 -1.049612e+00 1.538168e+00 1.590888e+00 -1.049611e+00
2454584.889695 1.722197e+00 2.327926e+00 2.215592e+00 -1.049610e+00 1.538223e+00 1.590826e+00 -1.049609e+00
2454584.899905 1.722202e+00 2.327876e+00 2.215668e+00 -1.049607e+00 1.538279e+00 1.590764e+00 -1.049607e+00
2454584.910125 1.888364e+00 2.327825e+00 2.215745e+00 -1.049605e+00 1.538334e+00 1.590701e+00 -1.049605e+00
2454591.828583 2.085786e+00 2.293138e+00 2.266887e+00 -1.048005e+00 1.580883e+00 1.552618e+00 -1.048005e+00
2454591.836653 2.085817e+00 2.293097e+00 2.266946e+00 -1.048003e+00 1.580938e+00 1.552579e+00 -1.048003e+00
2454591.844713 1.582277e+00 2.293056e+00 2.267005e+00 -1.048001e+00 1.580993e+00 1.552540e+00 -1.048001e+00
2454591.852783 1.200297e+00 2.293015e+00 2.267065e+00 -1.047999e+00 1.581048e+00 1.552500e+00 -1.047999e+00
2454599.742520 1.343834e+00 2.252438e+00 2.324378e+00 -1.045708e+00 1.640500e+00 1.520179e+00 -1.045708e+00
2454599.749570 1.225621e+00 2.252401e+00 2.324429e+00 -1.045705e+00 1.640558e+00 1.520156e+00 -1.045705e+00
2454599.756600 1.615723e+00 2.252365e+00 2.324480e+00 -1.045703e+00 1.640616e+00 1.520133e+00 -1.045703e+00
2454599.763660 1.473592e+00 2.252328e+00 2.324530e+00 -1.045701e+00 1.640674e+00 1.520110e+00 -1.045701e+00
2454624.783291 1.866664e+00 2.116803e+00 2.499003e+00 -1.035219e+00 1.884717e+00 1.510933e+00 -1.035220e+00
2454624.791740 1.416102e+00 2.116755e+00 2.499060e+00 -1.035215e+00 1.884809e+00 1.510956e+00 -1.035216e+00
2454624.800200 1.702640e+00 2.116708e+00 2.499117e+00 -1.035211e+00 1.884901e+00 1.510979e+00 -1.035212e+00
2454624.808629 1.702751e+00 2.116661e+00 2.499174e+00 -1.035206e+00 1.884992e+00 1.511003e+00 -1.035207e+00
1 0.5
