2	0.5	1000	 1	period_start period_step period_end fixed/free
0.0				initial epoch
0.0				initial rotation angle      
0.1				convexity weight      
3 3				degree and order of spherical harmonics      
6				number of rows        
0.5	1			scattering parameters
0.1	1
-0.5	1     
0.1	0			LS coeff                 
50				iteration stop condidion
10				minimum number of iterations (only if the above value < 1)
5				Alamda multiplicative factor
0.1				Alamda initial value
1
106 0 0.12 2006.9-2009.4 V 703_CATALINA
2454008.869616 3.551487e+00 -2.318347e+00 -1.544571e+00 1.365689e-01 -1.324277e+00 -1.423025e+00 1.365682e-01
2454008.881327 3.893675e+00 -2.318273e+00 -1.544668e+00 1.365457e-01 -1.324231e+00 -1.422923e+00 1.365450e-01
2454008.893037 3.550658e+00 -2.318199e+00 -1.544765e+00 1.365225e-01 -1.324185e+00 -1.422821e+00 1.365218e-01
2454008.904778 2.693135e+00 -2.318125e+00 -1.544862e+00 1.364993e-01 -1.324138e+00 -1.422719e+00 1.364986e-01
2454024.812953 4.487781e+00 -2.213629e+00 -1.674162e+00 1.047890e-01 -1.294002e+00 -1.289317e+00 1.047896e-01
2454024.819973 4.487573e+00 -2.213582e+00 -1.674218e+00 1.047749e-01 -1.294003e+00 -1.289262e+00 1.047755e-01
2454024.827013 4.092524e+00 -2.213534e+00 -1.674274e+00 1.047607e-01 -1.294004e+00 -1.289206e+00 1.047614e-01
2454024.834054 3.732254e+00 -2.213486e+00 -1.674330e+00 1.047466e-01 -1.294005e+00 -1.289151e+00 1.047473e-01
2454050.775311 3.480087e+00 -2.026618e+00 -1.872387e+00 5.230063e-02 -1.372335e+00 -1.129312e+00 5.230331e-02
2454050.786371 4.184052e+00 -2.026535e+00 -1.872468e+00 5.227813e-02 -1.372397e+00 -1.129268e+00 5.228081e-02
2454050.797441 5.030419e+00 -2.026451e+00 -1.872549e+00 5.225561e-02 -1.372459e+00 -1.129224e+00 5.225829e-02
2454050.808491 5.515837e+00 -2.026367e+00 -1.872629e+00 5.223313e-02 -1.372521e+00 -1.129179e+00 5.223581e-02
2454056.739332 3.530662e+00 -1.980890e+00 -1.915492e+00 4.015539e-02 -1.408694e+00 -1.109147e+00 4.015845e-02
2454056.746332 3.871383e+00 -1.980836e+00 -1.915542e+00 4.014112e-02 -1.408740e+00 -1.109128e+00 4.014418e-02
2454056.753402 4.654538e+00 -1.980781e+00 -1.915592e+00 4.012671e-02 -1.408787e+00 -1.109109e+00 4.012977e-02
2454056.760452 4.654648e+00 -1.980726e+00 -1.915643e+00 4.011234e-02 -1.408833e+00 -1.109089e+00 4.011540e-02
2454066.707589 2.336059e+00 -1.902245e+00 -1.985375e+00 1.981366e-02 -1.480680e+00 -1.093185e+00 1.981726e-02
2454066.717679 3.079714e+00 -1.902164e+00 -1.985444e+00 1.979305e-02 -1.480758e+00 -1.093180e+00 1.979665e-02
2454066.727798 3.702861e+00 -1.902083e+00 -1.985514e+00 1.977238e-02 -1.480837e+00 -1.093176e+00 1.977599e-02
2454066.737938 3.703091e+00 -1.902002e+00 -1.985584e+00 1.975167e-02 -1.480917e+00 -1.093172e+00 1.975528e-02
2454108.655788 2.618878e+00 -1.543010e+00 -2.247383e+00 -6.575408e-02 -1.836622e+00 -1.308902e+00 -6.574948e-02
2454108.664467 2.619123e+00 -1.542931e+00 -2.247432e+00 -6.577168e-02 -1.836688e+00 -1.308995e+00 -6.576709e-02
2454108.673167 4.151418e+00 -1.542852e+00 -2.247480e+00 -6.578933e-02 -1.836754e+00 -1.309089e+00 -6.578474e-02
2454108.681886 2.872349e+00 -1.542773e+00 -2.247529e+00 -6.580702e-02 -1.836821e+00 -1.309183e+00 -6.580242e-02
2454124.579710 2.352940e+00 -1.395813e+00 -2.332152e+00 -9.791336e-02 -1.940371e+00 -1.512177e+00 -9.790901e-02
2454124.580250 2.828872e+00 -1.395808e+00 -2.332155e+00 -9.791445e-02 -1.940374e+00 -1.512185e+00 -9.791010e-02
2454124.585049 2.580090e+00 -1.395763e+00 -2.332179e+00 -9.792409e-02 -1.940399e+00 -1.512255e+00 -9.791974e-02
2454124.585579 1.784996e+00 -1.395758e+00 -2.332182e+00 -9.792516e-02 -1.940401e+00 -1.512263e+00 -9.792081e-02
2454124.590359 2.353200e+00 -1.395713e+00 -2.332206e+00 -9.793476e-02 -1.940426e+00 -1.512333e+00 -9.793041e-02
2454124.590899 1.957317e+00 -1.395708e+00 -2.332209e+00 -9.793585e-02 -1.940429e+00 -1.512341e+00 -9.793149e-02
2454124.595709 3.102294e+00 -1.395662e+00 -2.332233e+00 -9.794551e-02 -1.940454e+00 -1.512411e+00 -9.794116e-02
2454124.596238 2.580390e+00 -1.395657e+00 -2.332236e+00 -9.794657e-02 -1.940457e+00 -1.512419e+00 -9.794222e-02
2454130.625739 3.299987e+00 -1.338533e+00 -2.362080e+00 -1.100347e-01 -1.968186e+00 -1.604574e+00 -1.100305e-01
2454130.631109 3.618560e+00 -1.338482e+00 -2.362106e+00 -1.100454e-01 -1.968207e+00 -1.604659e+00 -1.100413e-01
2454130.636488 3.009950e+00 -1.338431e+00 -2.362132e+00 -1.100562e-01 -1.968228e+00 -1.604745e+00 -1.100520e-01
2454140.598311 3.026941e+00 -1.242491e+00 -2.408654e+00 -1.298954e-01 -1.996535e+00 -1.772515e+00 -1.298916e-01
2454140.604720 2.517853e+00 -1.242429e+00 -2.408683e+00 -1.299082e-01 -1.996546e+00 -1.772629e+00 -1.299044e-01
2454140.611160 2.760940e+00 -1.242366e+00 -2.408712e+00 -1.299209e-01 -1.996556e+00 -1.772743e+00 -1.299171e-01
2454140.617600 2.296590e+00 -1.242303e+00 -2.408741e+00 -1.299337e-01 -1.996567e+00 -1.772857e+00 -1.299299e-01
2454157.585939 1.848792e+00 -1.074749e+00 -2.479777e+00 -1.632702e-01 -1.985994e+00 -2.092813e+00 -1.632673e-01
2454157.593178 3.523012e+00 -1.074676e+00 -2.479806e+00 -1.632843e-01 -1.985972e+00 -2.092956e+00 -1.632814e-01
2454157.600398 2.930490e+00 -1.074604e+00 -2.479834e+00 -1.632983e-01 -1.985950e+00 -2.093099e+00 -1.632955e-01
2454157.607637 2.672800e+00 -1.074532e+00 -2.479862e+00 -1.633124e-01 -1.985928e+00 -2.093242e+00 -1.633096e-01
2454387.983330 2.315137e+00 1.339757e+00 -2.333865e+00 -4.933914e-01 2.273236e+00 -1.982271e+00 -4.933929e-01
2454387.987250 1.925595e+00 1.339794e+00 -2.333845e+00 -4.933943e-01 2.273248e+00 -1.982188e+00 -4.933958e-01
2454387.991110 1.601598e+00 1.339831e+00 -2.333826e+00 -4.933972e-01 2.273260e+00 -1.982107e+00 -4.933986e-01
2454387.994971 1.332116e+00 1.339868e+00 -2.333807e+00 -4.934000e-01 2.273273e+00 -1.982026e+00 -4.934014e-01
2454394.958848 2.903536e+00 1.405900e+00 -2.298087e+00 -4.983511e-01 2.288449e+00 -1.837458e+00 -4.983522e-01
2454394.964349 2.414959e+00 1.405952e+00 -2.298058e+00 -4.983548e-01 2.288455e+00 -1.837345e+00 -4.983559e-01
2454394.969889 2.647841e+00 1.406004e+00 -2.298029e+00 -4.983586e-01 2.288462e+00 -1.837232e+00 -4.983597e-01
2454394.975449 2.202287e+00 1.406056e+00 -2.298000e+00 -4.983624e-01 2.288468e+00 -1.837118e+00 -4.983635e-01
2454413.999496 1.724384e+00 1.581319e+00 -2.192332e+00 -5.101087e-01 2.262004e+00 -1.472723e+00 -5.101089e-01
2454414.004446 2.073077e+00 1.581364e+00 -2.192303e+00 -5.101115e-01 2.261985e+00 -1.472636e+00 -5.101116e-01
2454414.009487 2.272985e+00 1.581409e+00 -2.192273e+00 -5.101142e-01 2.261966e+00 -1.472547e+00 -5.101144e-01
2454414.014477 1.890505e+00 1.581454e+00 -2.192244e+00 -5.101170e-01 2.261947e+00 -1.472459e+00 -5.101171e-01
2454417.936390 2.408235e+00 1.616598e+00 -2.169033e+00 -5.122126e-01 2.245404e+00 -1.404870e+00 -5.122125e-01
2454417.944121 1.665978e+00 1.616667e+00 -2.168987e+00 -5.122166e-01 2.245368e+00 -1.404740e+00 -5.122165e-01
2454417.951911 2.196036e+00 1.616737e+00 -2.168940e+00 -5.122207e-01 2.245332e+00 -1.404608e+00 -5.122206e-01
2454417.959672 2.002671e+00 1.616806e+00 -2.168894e+00 -5.122247e-01 2.245296e+00 -1.404478e+00 -5.122246e-01
2454440.909627 2.559507e+00 1.815170e+00 -2.023783e+00 -5.222409e-01 2.090459e+00 -1.077702e+00 -5.222396e-01
2454440.916097 2.334152e+00 1.815224e+00 -2.023740e+00 -5.222431e-01 2.090405e+00 -1.077628e+00 -5.222419e-01
2454440.922598 2.128636e+00 1.815278e+00 -2.023697e+00 -5.222454e-01 2.090350e+00 -1.077554e+00 -5.222442e-01
2454440.929088 1.941216e+00 1.815333e+00 -2.023653e+00 -5.222477e-01 2.090295e+00 -1.077480e+00 -5.222465e-01
2454449.959150 1.620602e+00 1.889792e+00 -1.962401e+00 -5.251359e-01 2.010205e+00 -9.855588e-01 -5.251343e-01
2454449.966400 1.776828e+00 1.889851e+00 -1.962350e+00 -5.251379e-01 2.010139e+00 -9.854939e-01 -5.251363e-01
2454449.973631 2.568116e+00 1.889909e+00 -1.962300e+00 -5.251400e-01 2.010072e+00 -9.854293e-01 -5.251384e-01
2454449.980851 2.341984e+00 1.889968e+00 -1.962251e+00 -5.251421e-01 2.010005e+00 -9.853647e-01 -5.251405e-01
2454498.795602 2.809559e+00 2.253878e+00 -1.594972e+00 -5.305311e-01 1.585671e+00 -8.707343e-01 -5.305284e-01
2454498.801882 2.336843e+00 2.253920e+00 -1.594921e+00 -5.305307e-01 1.585632e+00 -8.707571e-01 -5.305280e-01
2454498.808092 2.336797e+00 2.253962e+00 -1.594871e+00 -5.305303e-01 1.585594e+00 -8.707797e-01 -5.305276e-01
2454498.814353 2.336751e+00 2.254005e+00 -1.594820e+00 -5.305299e-01 1.585555e+00 -8.708025e-01 -5.305272e-01
2454510.801165 3.026971e+00 2.332742e+00 -1.496339e+00 -5.292526e-01 1.525314e+00 -9.279453e-01 -5.292499e-01
2454510.807785 3.319014e+00 2.332785e+00 -1.496284e+00 -5.292516e-01 1.525289e+00 -9.279837e-01 -5.292489e-01
2454510.814445 3.026983e+00 2.332827e+00 -1.496228e+00 -5.292506e-01 1.525263e+00 -9.280223e-01 -5.292479e-01
2454510.821085 3.639243e+00 2.332869e+00 -1.496173e+00 -5.292496e-01 1.525238e+00 -9.280608e-01 -5.292469e-01
2454523.881937 3.418522e+00 2.413630e+00 -1.385639e+00 -5.267162e-01 1.495225e+00 -1.015345e+00 -5.267136e-01
2454523.890217 3.418640e+00 2.413679e+00 -1.385568e+00 -5.267142e-01 1.495218e+00 -1.015407e+00 -5.267116e-01
2454523.898477 3.117945e+00 2.413729e+00 -1.385497e+00 -5.267122e-01 1.495212e+00 -1.015468e+00 -5.267096e-01
2454523.906787 3.118053e+00 2.413778e+00 -1.385426e+00 -5.267102e-01 1.495206e+00 -1.015530e+00 -5.267076e-01
2454532.877891 3.588176e+00 2.466142e+00 -1.307704e+00 -5.242895e-01 1.498860e+00 -1.085488e+00 -5.242872e-01
2454532.884460 3.588331e+00 2.466179e+00 -1.307647e+00 -5.242876e-01 1.498870e+00 -1.085541e+00 -5.242852e-01
2454532.891070 3.272738e+00 2.466217e+00 -1.307589e+00 -5.242856e-01 1.498880e+00 -1.085595e+00 -5.242832e-01
2454532.915939 2.985259e+00 2.466358e+00 -1.307372e+00 -5.242781e-01 1.498919e+00 -1.085796e+00 -5.242757e-01
2454538.776912 3.114321e+00 2.499178e+00 -1.255853e+00 -5.224004e-01 1.512641e+00 -1.133922e+00 -5.223982e-01
2454538.784552 2.362596e+00 2.499220e+00 -1.255786e+00 -5.223978e-01 1.512665e+00 -1.133985e+00 -5.223956e-01
2454538.792211 2.154843e+00 2.499262e+00 -1.255718e+00 -5.223952e-01 1.512688e+00 -1.134049e+00 -5.223929e-01
2454538.799841 2.154973e+00 2.499304e+00 -1.255651e+00 -5.223926e-01 1.512712e+00 -1.134112e+00 -5.223904e-01
2454557.631117 1.624966e+00 2.597241e+00 -1.086486e+00 -5.148073e-01 1.618502e+00 -1.288437e+00 -5.148057e-01
2454557.640376 2.142334e+00 2.597286e+00 -1.086402e+00 -5.148030e-01 1.618577e+00 -1.288509e+00 -5.148013e-01
2454557.649596 2.349254e+00 2.597331e+00 -1.086318e+00 -5.147987e-01 1.618652e+00 -1.288581e+00 -5.147971e-01
2454557.658815 2.576161e+00 2.597376e+00 -1.086234e+00 -5.147944e-01 1.618726e+00 -1.288653e+00 -5.147928e-01
2454566.635545 1.795091e+00 2.639976e+00 -1.003828e+00 -5.103611e-01 1.701611e+00 -1.355054e+00 -5.103598e-01
2454566.644404 1.637307e+00 2.640017e+00 -1.003747e+00 -5.103565e-01 1.701703e+00 -1.355116e+00 -5.103552e-01
2454566.653244 1.795451e+00 2.640058e+00 -1.003665e+00 -5.103519e-01 1.701794e+00 -1.355177e+00 -5.103506e-01
2454566.662053 2.595476e+00 2.640098e+00 -1.003583e+00 -5.103473e-01 1.701885e+00 -1.355238e+00 -5.103460e-01
2454581.689528 1.347954e+00 2.705429e+00 -8.634161e-01 -5.017761e-01 1.883653e+00 -1.443893e+00 -5.017754e-01
2454581.702327 1.620838e+00 2.705481e+00 -8.632956e-01 -5.017682e-01 1.883829e+00 -1.443954e+00 -5.017675e-01
2454581.708767 1.948822e+00 2.705508e+00 -8.632350e-01 -5.017642e-01 1.883917e+00 -1.443984e+00 -5.017635e-01
2454630.661163 1.894060e+00 2.865819e+00 -3.921402e-01 -4.643939e-01 2.731507e+00 -1.398849e+00 -4.643952e-01
2454630.667672 2.076921e+00 2.865835e+00 -3.920765e-01 -4.643880e-01 2.731632e+00 -1.398801e+00 -4.643893e-01
2454630.674202 1.575602e+00 2.865851e+00 -3.920127e-01 -4.643821e-01 2.731757e+00 -1.398752e+00 -4.643834e-01
2454630.680871 1.575699e+00 2.865867e+00 -3.919474e-01 -4.643761e-01 2.731886e+00 -1.398703e+00 -4.643774e-01
2454938.879240 2.733447e+00 2.158650e+00 2.340688e+00 -1.104333e-02 1.267075e+00 1.879259e+00 -1.104025e-02
2454938.884090 2.733376e+00 2.158619e+00 2.340720e+00 -1.103480e-02 1.267082e+00 1.879217e+00 -1.103172e-02
2454938.888890 2.273464e+00 2.158589e+00 2.340752e+00 -1.102636e-02 1.267088e+00 1.879175e+00 -1.102328e-02
2454938.893751 1.890936e+00 2.158558e+00 2.340784e+00 -1.101782e-02 1.267095e+00 1.879133e+00 -1.101473e-02
1 0.5
