2	0.5	1000	 1	period_start period_step period_end fixed/free
0.0				initial epoch
0.0				initial rotation angle      
0.1				convexity weight      
3 3				degree and order of spherical harmonics      
6				number of rows        
0.5	1			scattering parameters
0.1	1
-0.5	1     
0.1	0			LS coeff                 
50				iteration stop condidion
10				minimum number of iterations (only if the above value < 1)
5				Alamda multiplicative factor
0.1				Alamda initial value
2
26 0 0.08 2004.3-2007.11 V 689_USNO
2453080.785059 2.674900e+01 3.221812e+00 -6.081252e-01 -2.377564e-01 2.229408e+00 -5.382514e-01 -2.377550e-01
2453081.781847 2.697989e+01 3.221554e+00 -5.990071e-01 -2.396119e-01 2.227814e+00 -5.463144e-01 -2.396108e-01
2453084.772214 2.552064e+01 3.220619e+00 -5.716196e-01 -2.451673e-01 2.224650e+00 -5.705443e-01 -2.451667e-01
2453130.632924 2.270801e+01 3.175407e+00 -1.473618e-01 -3.277551e-01 2.461107e+00 -8.595183e-01 -3.277619e-01
2453472.994186 1.732859e+01 8.793875e-01 2.399692e+00 -5.949458e-01 -4.615325e-02 2.014365e+00 -5.949483e-01
2453473.991899 1.463360e+01 8.683449e-01 2.402803e+00 -5.943423e-01 -5.074308e-02 2.001622e+00 -5.943450e-01
2453514.883133 2.020327e+01 4.055351e-01 2.495601e+00 -5.612845e-01 -5.058798e-02 1.591379e+00 -5.612913e-01
2453535.817109 2.724843e+01 1.633487e-01 2.515907e+00 -5.381483e-01 4.450477e-02 1.507173e+00 -5.381561e-01
2453546.781327 1.938196e+01 3.589428e-02 2.518969e+00 -5.243973e-01 1.022850e-01 1.504647e+00 -5.244052e-01
2453557.745824 2.145152e+01 -9.163760e-02 2.516771e+00 -5.095510e-01 1.577510e-01 1.531126e+00 -5.095588e-01
2453560.736302 1.727220e+01 -1.263986e-01 2.515256e+00 -5.053153e-01 1.716944e-01 1.543275e+00 -5.053230e-01
2453566.717558 2.109323e+01 -1.958594e-01 2.511049e+00 -4.966073e-01 1.972744e-01 1.573699e+00 -4.966147e-01
2453598.626852 1.510415e+01 -5.632947e-01 2.462115e+00 -4.450334e-01 2.484068e-01 1.856723e+00 -4.450384e-01
2453599.624261 1.499189e+01 -5.746516e-01 2.459871e+00 -4.432882e-01 2.469138e-01 1.868256e+00 -4.432931e-01
2453601.619198 1.372296e+01 -5.973365e-01 2.455254e+00 -4.397745e-01 2.432558e-01 1.891694e+00 -4.397792e-01
2453603.614194 1.936964e+01 -6.199805e-01 2.450466e+00 -4.362300e-01 2.386844e-01 1.915602e+00 -4.362345e-01
2453604.611716 1.342718e+01 -6.312866e-01 2.448007e+00 -4.344462e-01 2.360498e-01 1.927722e+00 -4.344506e-01
2453607.604377 1.952827e+01 -6.651393e-01 2.440376e+00 -4.290495e-01 2.267215e-01 1.964700e+00 -4.290535e-01
2453964.961363 1.723837e+01 -2.983219e+00 -3.282473e-01 4.044316e-01 -2.160789e+00 -9.186800e-01 4.044277e-01
2453967.953502 1.342402e+01 -2.984759e+00 -3.578091e-01 4.107113e-01 -2.134209e+00 -9.058816e-01 4.107076e-01
2453968.950779 1.945725e+01 -2.985210e+00 -3.676546e-01 4.127958e-01 -2.125767e+00 -9.012918e-01 4.127920e-01
2454049.702780 2.429431e+01 -2.922622e+00 -1.144271e+00 5.661355e-01 -2.254305e+00 -4.134506e-01 5.661382e-01
2454058.675378 2.123770e+01 -2.904331e+00 -1.227073e+00 5.811727e-01 -2.360165e+00 -4.020438e-01 5.811759e-01
2454059.672272 1.870496e+01 -2.902168e+00 -1.236219e+00 5.828176e-01 -2.372681e+00 -4.019369e-01 5.828208e-01
2454393.952134 1.929647e+01 -1.110259e+00 -3.422967e+00 8.321560e-01 -2.195477e-01 -2.977697e+00 8.321549e-01
2454407.912492 2.162220e+01 -1.005674e+00 -3.469010e+00 8.298563e-01 -2.511763e-01 -2.824887e+00 8.298558e-01
90 0 0.12 2003.12-2010.4 V 703_CATALINA
2452984.970584 2.121299e+01 3.128829e+00 -1.452280e+00 -5.276145e-02 3.317716e+00 -4.858675e-01 -5.275097e-02
2452984.982085 2.796071e+01 3.128853e+00 -1.452183e+00 -5.278414e-02 3.317543e+00 -4.857339e-01 -5.277366e-02
2452984.993586 3.065451e+01 3.128877e+00 -1.452087e+00 -5.280683e-02 3.317370e+00 -4.856002e-01 -5.279635e-02
2452985.005147 3.065069e+01 3.128902e+00 -1.451990e+00 -5.282964e-02 3.317196e+00 -4.854659e-01 -5.281916e-02
2452991.991065 2.153573e+01 3.143139e+00 -1.393137e+00 -6.660284e-02 3.210385e+00 -4.114454e-01 -6.659218e-02
2452992.003026 2.588819e+01 3.143163e+00 -1.393036e+00 -6.662640e-02 3.210200e+00 -4.113309e-01 -6.661574e-02
2452992.015007 2.152998e+01 3.143186e+00 -1.392935e+00 -6.665001e-02 3.210014e+00 -4.112163e-01 -6.663934e-02
2452992.026968 1.963296e+01 3.143209e+00 -1.392834e+00 -6.667357e-02 3.209829e+00 -4.111020e-01 -6.666290e-02
2453050.872669 1.986091e+01 3.217377e+00 -8.791747e-01 -1.812283e-01 2.398975e+00 -3.263106e-01 -1.812220e-01
2453050.879469 2.387677e+01 3.217381e+00 -8.791137e-01 -1.812413e-01 2.398911e+00 -3.263470e-01 -1.812350e-01
2453050.886279 2.387547e+01 3.217384e+00 -8.790526e-01 -1.812544e-01 2.398847e+00 -3.263835e-01 -1.812481e-01
2453050.893080 2.387418e+01 3.217388e+00 -8.789916e-01 -1.812674e-01 2.398784e+00 -3.264199e-01 -1.812611e-01
2453090.776616 2.520327e+01 3.218007e+00 -5.164848e-01 -2.562692e-01 2.225609e+00 -6.189223e-01 -2.562696e-01
2453090.786876 2.096354e+01 3.218001e+00 -5.163905e-01 -2.562880e-01 2.225619e+00 -6.190042e-01 -2.562885e-01
2453090.797116 2.520415e+01 3.217996e+00 -5.162963e-01 -2.563069e-01 2.225629e+00 -6.190859e-01 -2.563074e-01
2453090.807365 2.520459e+01 3.217991e+00 -5.162021e-01 -2.563258e-01 2.225639e+00 -6.191677e-01 -2.563263e-01
2453996.797262 2.819759e+01 -2.985316e+00 -6.406790e-01 4.691989e-01 -1.984051e+00 -7.256463e-01 4.691972e-01
2453996.803702 2.819723e+01 -2.985313e+00 -6.407417e-01 4.692115e-01 -1.984040e+00 -7.255990e-01 4.692098e-01
2453996.810162 2.819686e+01 -2.985311e+00 -6.408045e-01 4.692242e-01 -1.984030e+00 -7.255515e-01 4.692225e-01
2453996.816642 2.819650e+01 -2.985308e+00 -6.408675e-01 4.692369e-01 -1.984020e+00 -7.255038e-01 4.692352e-01
2454004.839216 3.361478e+01 -2.980967e+00 -7.186797e-01 4.848187e-01 -1.979734e+00 -6.659373e-01 4.848176e-01
2454004.847546 3.361476e+01 -2.980961e+00 -7.187602e-01 4.848347e-01 -1.979738e+00 -6.658752e-01 4.848336e-01
2454004.855886 3.361474e+01 -2.980956e+00 -7.188409e-01 4.848507e-01 -1.979743e+00 -6.658132e-01 4.848497e-01
2454004.864246 3.361473e+01 -2.980950e+00 -7.189218e-01 4.848668e-01 -1.979747e+00 -6.657509e-01 4.848657e-01
2454025.711829 4.271002e+01 -2.960862e+00 -9.188900e-01 5.239013e-01 -2.047568e+00 -5.198834e-01 5.239021e-01
2454025.719629 4.271181e+01 -2.960852e+00 -9.189642e-01 5.239155e-01 -2.047614e+00 -5.198351e-01 5.239162e-01
2454025.727429 4.271359e+01 -2.960842e+00 -9.190383e-01 5.239297e-01 -2.047660e+00 -5.197868e-01 5.239305e-01
2454025.735158 4.271536e+01 -2.960833e+00 -9.191118e-01 5.239438e-01 -2.047706e+00 -5.197390e-01 5.239445e-01
2454036.692217 2.898983e+01 -2.945321e+00 -1.022732e+00 5.435946e-01 -2.126718e+00 -4.595502e-01 5.435962e-01
2454036.698717 3.178834e+01 -2.945310e+00 -1.022793e+00 5.436060e-01 -2.126773e+00 -4.595196e-01 5.436077e-01
2454036.705196 2.899279e+01 -2.945300e+00 -1.022854e+00 5.436175e-01 -2.126828e+00 -4.594892e-01 5.436191e-01
2454036.711676 2.899427e+01 -2.945290e+00 -1.022915e+00 5.436289e-01 -2.126883e+00 -4.594587e-01 5.436306e-01
2454091.602821 1.756755e+01 -2.819574e+00 -1.523004e+00 6.327267e-01 -2.819496e+00 -5.393018e-01 6.327312e-01
2454091.609291 1.926391e+01 -2.819555e+00 -1.523061e+00 6.327363e-01 -2.819589e+00 -5.393590e-01 6.327407e-01
2454091.615790 2.112410e+01 -2.819536e+00 -1.523118e+00 6.327459e-01 -2.819684e+00 -5.394166e-01 6.327503e-01
2454091.622259 2.316389e+01 -2.819516e+00 -1.523175e+00 6.327554e-01 -2.819777e+00 -5.394738e-01 6.327599e-01
2454477.712510 2.828077e+01 -4.682335e-01 -3.640107e+00 8.045089e-01 -8.246347e-01 -2.723528e+00 8.045113e-01
2454477.720099 2.828224e+01 -4.681741e-01 -3.640120e+00 8.045049e-01 -8.246991e-01 -2.723589e+00 8.045074e-01
2454477.727629 3.101244e+01 -4.681151e-01 -3.640133e+00 8.045010e-01 -8.247630e-01 -2.723650e+00 8.045034e-01
2454477.735209 3.101405e+01 -4.680558e-01 -3.640146e+00 8.044970e-01 -8.248273e-01 -2.723711e+00 8.044995e-01
2454538.603929 2.717661e+01 1.158819e-02 -3.708661e+00 7.644857e-01 -9.745308e-01 -3.583765e+00 7.644880e-01
2454538.611028 2.980028e+01 1.164431e-02 -3.708665e+00 7.644802e-01 -9.744920e-01 -3.583891e+00 7.644824e-01
2454538.618077 2.478821e+01 1.170003e-02 -3.708668e+00 7.644746e-01 -9.744535e-01 -3.584015e+00 7.644769e-01
2454538.625097 2.980371e+01 1.175552e-02 -3.708672e+00 7.644691e-01 -9.744151e-01 -3.584139e+00 7.644713e-01
2454563.612055 3.588874e+01 2.091424e-01 -3.715087e+00 7.435042e-01 -7.453384e-01 -4.016951e+00 7.435056e-01
2454563.616704 3.588985e+01 2.091791e-01 -3.715087e+00 7.435000e-01 -7.452789e-01 -4.017028e+00 7.435014e-01
2454563.621334 3.935363e+01 2.092156e-01 -3.715087e+00 7.434959e-01 -7.452196e-01 -4.017104e+00 7.434973e-01
2454571.621950 4.140470e+01 2.723007e-01 -3.714482e+00 7.362470e-01 -6.340010e-01 -4.144993e+00 7.362481e-01
2454571.632149 4.140726e+01 2.723810e-01 -3.714481e+00 7.362376e-01 -6.338482e-01 -4.145150e+00 7.362387e-01
2454571.637239 3.141158e+01 2.724212e-01 -3.714480e+00 7.362329e-01 -6.337719e-01 -4.145229e+00 7.362340e-01
2454849.745851 3.775753e+01 2.257553e+00 -2.922133e+00 3.483912e-01 1.793443e+00 -2.054646e+00 3.483936e-01
2454849.753631 4.139912e+01 2.257599e+00 -2.922091e+00 3.483773e-01 1.793369e+00 -2.054668e+00 3.483798e-01
2454849.761521 4.139793e+01 2.257645e+00 -2.922048e+00 3.483633e-01 1.793293e+00 -2.054690e+00 3.483658e-01
2454849.769482 4.139672e+01 2.257692e+00 -2.922005e+00 3.483492e-01 1.793217e+00 -2.054712e+00 3.483516e-01
2454875.731524 3.377401e+01 2.405295e+00 -2.776188e+00 3.015625e-01 1.601239e+00 -2.203144e+00 3.015655e-01
2454875.736953 3.080262e+01 2.405325e+00 -2.776156e+00 3.015526e-01 1.601213e+00 -2.203188e+00 3.015556e-01
2454875.742203 3.377478e+01 2.405354e+00 -2.776126e+00 3.015430e-01 1.601188e+00 -2.203232e+00 3.015460e-01
2454875.747613 3.080333e+01 2.405383e+00 -2.776094e+00 3.015332e-01 1.601162e+00 -2.203276e+00 3.015361e-01
2454888.726143 2.678033e+01 2.475623e+00 -2.699026e+00 2.776834e-01 1.560036e+00 -2.322083e+00 2.776863e-01
2454888.734113 2.678131e+01 2.475666e+00 -2.698978e+00 2.776686e-01 1.560024e+00 -2.322162e+00 2.776716e-01
2454888.742172 2.678229e+01 2.475709e+00 -2.698930e+00 2.776537e-01 1.560012e+00 -2.322242e+00 2.776567e-01
2454888.750112 2.936727e+01 2.475751e+00 -2.698882e+00 2.776391e-01 1.560000e+00 -2.322321e+00 2.776420e-01
2454977.627210 2.545597e+01 2.884747e+00 -2.101055e+00 1.079757e-01 2.454778e+00 -3.018329e+00 1.079784e-01
2454977.631570 2.791258e+01 2.884764e+00 -2.101022e+00 1.079672e-01 2.454861e+00 -3.018329e+00 1.079698e-01
2454977.636069 2.321723e+01 2.884781e+00 -2.100989e+00 1.079584e-01 2.454947e+00 -3.018329e+00 1.079610e-01
2454977.640519 2.791394e+01 2.884798e+00 -2.100956e+00 1.079497e-01 2.455032e+00 -3.018329e+00 1.079523e-01
2455162.990486 2.286186e+01 3.223767e+00 -5.425231e-01 -2.521914e-01 3.637200e+00 3.534010e-01 -2.521949e-01
2455162.994186 2.286110e+01 3.223765e+00 -5.424892e-01 -2.521983e-01 3.637140e+00 3.534614e-01 -2.522017e-01
2455162.997807 2.286035e+01 3.223764e+00 -5.424560e-01 -2.522049e-01 3.637081e+00 3.535204e-01 -2.522084e-01
2455163.001377 2.285962e+01 3.223762e+00 -5.424233e-01 -2.522115e-01 3.637023e+00 3.535786e-01 -2.522150e-01
2455181.006550 1.917891e+01 3.211614e+00 -3.767453e-01 -2.850544e-01 3.322793e+00 6.011994e-01 -2.850572e-01
2455181.012981 1.917762e+01 3.211608e+00 -3.766859e-01 -2.850659e-01 3.322675e+00 6.012709e-01 -2.850688e-01
2455181.019321 1.748904e+01 3.211602e+00 -3.766274e-01 -2.850774e-01 3.322559e+00 6.013413e-01 -2.850802e-01
2455181.025732 1.917506e+01 3.211596e+00 -3.765682e-01 -2.850889e-01 3.322442e+00 6.014126e-01 -2.850918e-01
2455270.852536 3.003223e+01 3.012324e+00 4.563090e-01 -4.345780e-01 2.022451e+00 5.515399e-01 -4.345750e-01
2455270.858866 2.738838e+01 3.012302e+00 4.563672e-01 -4.345875e-01 2.022416e+00 5.514892e-01 -4.345845e-01
2455270.865216 3.002929e+01 3.012279e+00 4.564255e-01 -4.345970e-01 2.022381e+00 5.514384e-01 -4.345940e-01
2455270.871567 3.002782e+01 3.012256e+00 4.564839e-01 -4.346065e-01 2.022346e+00 5.513876e-01 -4.346035e-01
2455276.892259 2.878730e+01 2.990290e+00 5.117319e-01 -4.435342e-01 1.994215e+00 5.028064e-01 -4.435309e-01
2455276.899149 2.878605e+01 2.990264e+00 5.117951e-01 -4.435444e-01 1.994188e+00 5.027505e-01 -4.435410e-01
2455276.906080 2.878480e+01 2.990238e+00 5.118586e-01 -4.435545e-01 1.994162e+00 5.026943e-01 -4.435512e-01
2455276.913010 2.878355e+01 2.990212e+00 5.119221e-01 -4.435647e-01 1.994135e+00 5.026382e-01 -4.435614e-01
2455291.822313 3.901913e+01 2.931004e+00 6.478726e-01 -4.649511e-01 1.965987e+00 3.842591e-01 -4.649471e-01
2455291.829243 3.901851e+01 2.930975e+00 6.479355e-01 -4.649608e-01 1.965987e+00 3.842065e-01 -4.649568e-01
2455291.836193 3.901790e+01 2.930946e+00 6.479985e-01 -4.649705e-01 1.965988e+00 3.841538e-01 -4.649665e-01
2455291.843163 3.558418e+01 2.930916e+00 6.480618e-01 -4.649803e-01 1.965988e+00 3.841009e-01 -4.649763e-01
2455301.814213 3.215672e+01 2.887480e+00 7.381507e-01 -4.786774e-01 1.978922e+00 3.127431e-01 -4.786730e-01
2455301.821173 3.215681e+01 2.887449e+00 7.382133e-01 -4.786868e-01 1.978939e+00 3.126968e-01 -4.786824e-01
2455301.828193 3.215690e+01 2.887417e+00 7.382765e-01 -4.786963e-01 1.978957e+00 3.126501e-01 -4.786919e-01
2455301.835183 3.215699e+01 2.887386e+00 7.383394e-01 -4.787057e-01 1.978974e+00 3.126037e-01 -4.787013e-01
1 1.0
2 0.5
