2	0.5	1000	 1	period_start period_step period_end fixed/free
0.0				initial epoch
0.0				initial rotation angle      
0.1				convexity weight      
3 3				degree and order of spherical harmonics      
6				number of rows        
0.5	1			scattering parameters
0.1	1
-0.5	1     
0.1	0			LS coeff                 
50				iteration stop condidion
10				minimum number of iterations (only if the above value < 1)
5				Alamda multiplicative factor
0.1				Alamda initial value
1
100 0 0.12 2006.2-2010.2 V 703_CATALINA
2453793.935785 1.137308e+00 2.451085e+00 -2.462065e-02 -9.794278e-01 1.528937e+00 3.366731e-01 -9.794239e-01
2453793.944485 9.458861e-01 2.451077e+00 -2.453803e-02 -9.794111e-01 1.528872e+00 3.366158e-01 -9.794072e-01
2453793.953216 9.458005e-01 2.451069e+00 -2.445512e-02 -9.793943e-01 1.528806e+00 3.365583e-01 -9.793904e-01
2453793.961886 8.625029e-01 2.451061e+00 -2.437278e-02 -9.793777e-01 1.528742e+00 3.365011e-01 -9.793738e-01
2453803.799168 5.959187e-01 2.440057e+00 6.904787e-02 -9.597129e-01 1.467162e+00 2.671572e-01 -9.597098e-01
2453803.806358 6.533717e-01 2.440047e+00 6.911613e-02 -9.596979e-01 1.467126e+00 2.671038e-01 -9.596949e-01
2453803.813679 7.854765e-01 2.440038e+00 6.918563e-02 -9.596827e-01 1.467089e+00 2.670494e-01 -9.596797e-01
2453803.820919 5.433832e-01 2.440028e+00 6.925437e-02 -9.596677e-01 1.467053e+00 2.669956e-01 -9.596647e-01
2453819.832611 1.119277e+00 2.413798e+00 2.210088e-01 -9.243986e-01 1.419548e+00 1.436433e-01 -9.243971e-01
2453819.839791 1.475446e+00 2.413784e+00 2.210767e-01 -9.243819e-01 1.419541e+00 1.435876e-01 -9.243803e-01
2453819.846992 1.227182e+00 2.413770e+00 2.211447e-01 -9.243651e-01 1.419535e+00 1.435317e-01 -9.243636e-01
2453819.854212 1.227141e+00 2.413756e+00 2.212130e-01 -9.243483e-01 1.419528e+00 1.434756e-01 -9.243468e-01
2453851.790956 1.461289e+00 2.329875e+00 5.203142e-01 -8.420254e-01 1.514071e+00 -6.874055e-02 -8.420270e-01
2453851.806136 1.756950e+00 2.329825e+00 5.204545e-01 -8.419826e-01 1.514169e+00 -6.881292e-02 -8.419841e-01
2453851.813725 1.215545e+00 2.329800e+00 5.205247e-01 -8.419611e-01 1.514219e+00 -6.884909e-02 -8.419627e-01
2453851.820925 1.215576e+00 2.329776e+00 5.205912e-01 -8.419408e-01 1.514266e+00 -6.888339e-02 -8.419423e-01
2453851.830635 1.332899e+00 2.329744e+00 5.206810e-01 -8.419134e-01 1.514329e+00 -6.892964e-02 -8.419149e-01
2453851.840445 1.461545e+00 2.329712e+00 5.207717e-01 -8.418856e-01 1.514392e+00 -6.897634e-02 -8.418872e-01
2453851.850194 1.332991e+00 2.329680e+00 5.208618e-01 -8.418581e-01 1.514456e+00 -6.902275e-02 -8.418596e-01
2453860.728004 8.741134e-01 2.298708e+00 6.025340e-01 -8.161687e-01 1.579501e+00 -1.044717e-01 -8.161711e-01
2453860.734493 1.665644e+00 2.298684e+00 6.025934e-01 -8.161495e-01 1.579553e+00 -1.044923e-01 -8.161518e-01
2453860.740963 1.519135e+00 2.298660e+00 6.026526e-01 -8.161303e-01 1.579606e+00 -1.045129e-01 -8.161327e-01
2453860.747433 1.665753e+00 2.298637e+00 6.027118e-01 -8.161111e-01 1.579658e+00 -1.045335e-01 -8.161135e-01
2453879.709717 8.950493e-01 2.221113e+00 7.740201e-01 -7.572269e-01 1.758598e+00 -1.268230e-01 -7.572308e-01
2453879.716667 8.950918e-01 2.221081e+00 7.740820e-01 -7.572043e-01 1.758671e+00 -1.268162e-01 -7.572082e-01
2453879.723626 8.163722e-01 2.221050e+00 7.741440e-01 -7.571817e-01 1.758744e+00 -1.268093e-01 -7.571856e-01
2453879.730686 9.815425e-01 2.221018e+00 7.742068e-01 -7.571588e-01 1.758819e+00 -1.268024e-01 -7.571627e-01
2453885.659233 1.229664e+00 2.193571e+00 8.267164e-01 -7.376424e-01 1.822626e+00 -1.166493e-01 -7.376467e-01
2453885.668463 1.478477e+00 2.193527e+00 8.267977e-01 -7.376117e-01 1.822728e+00 -1.166267e-01 -7.376159e-01
2453885.677652 1.478572e+00 2.193483e+00 8.268787e-01 -7.375810e-01 1.822828e+00 -1.166041e-01 -7.375852e-01
2453885.686862 1.478668e+00 2.193439e+00 8.269598e-01 -7.375503e-01 1.822929e+00 -1.165815e-01 -7.375545e-01
2454384.848491 9.271919e-01 -1.672466e+00 -9.666675e-01 5.073745e-01 -7.204727e-01 -6.658328e-01 5.073729e-01
2454384.855511 9.271791e-01 -1.672445e+00 -9.667526e-01 5.073520e-01 -7.204895e-01 -6.658033e-01 5.073504e-01
2454384.862511 9.271663e-01 -1.672423e+00 -9.668375e-01 5.073295e-01 -7.205062e-01 -6.657738e-01 5.073279e-01
2454384.869512 9.271536e-01 -1.672402e+00 -9.669224e-01 5.073070e-01 -7.205230e-01 -6.657443e-01 5.073055e-01
2454388.910089 1.011516e+00 -1.659458e+00 -1.015626e+00 4.941832e-01 -7.319787e-01 -6.492160e-01 4.941818e-01
2454388.919799 1.011511e+00 -1.659425e+00 -1.015742e+00 4.941513e-01 -7.320105e-01 -6.491776e-01 4.941499e-01
2454388.929560 1.011506e+00 -1.659393e+00 -1.015859e+00 4.941193e-01 -7.320425e-01 -6.491390e-01 4.941179e-01
2454388.939250 1.011501e+00 -1.659361e+00 -1.015975e+00 4.940874e-01 -7.320743e-01 -6.491007e-01 4.940860e-01
2454406.759695 8.921020e-01 -1.590732e+00 -1.223266e+00 4.328428e-01 -8.231854e-01 -5.942817e-01 4.328423e-01
2454406.766185 8.921442e-01 -1.590703e+00 -1.223340e+00 4.328196e-01 -8.232297e-01 -5.942689e-01 4.328191e-01
2454406.772675 8.921865e-01 -1.590675e+00 -1.223413e+00 4.327964e-01 -8.232740e-01 -5.942561e-01 4.327959e-01
2454406.779185 8.922289e-01 -1.590647e+00 -1.223486e+00 4.327731e-01 -8.233185e-01 -5.942433e-01 4.327726e-01
2454406.821505 8.925048e-01 -1.590462e+00 -1.223963e+00 4.326216e-01 -8.236079e-01 -5.941602e-01 4.326211e-01
2454406.826574 8.140041e-01 -1.590440e+00 -1.224020e+00 4.326035e-01 -8.236426e-01 -5.941503e-01 4.326030e-01
2454406.831634 8.925710e-01 -1.590418e+00 -1.224077e+00 4.325854e-01 -8.236772e-01 -5.941404e-01 4.325849e-01
2454406.836694 8.140644e-01 -1.590396e+00 -1.224134e+00 4.325673e-01 -8.237119e-01 -5.941304e-01 4.325667e-01
2454415.728719 1.536773e+00 -1.549529e+00 -1.322657e+00 4.001755e-01 -8.912491e-01 -5.830477e-01 4.001755e-01
2454415.736319 1.536905e+00 -1.549492e+00 -1.322740e+00 4.001474e-01 -8.913122e-01 -5.830440e-01 4.001473e-01
2454415.743928 1.537036e+00 -1.549455e+00 -1.322823e+00 4.001192e-01 -8.913754e-01 -5.830403e-01 4.001191e-01
2454415.751588 1.537168e+00 -1.549418e+00 -1.322906e+00 4.000908e-01 -8.914390e-01 -5.830367e-01 4.000908e-01
2454422.752922 1.273752e+00 -1.514369e+00 -1.398049e+00 3.738417e-01 -9.530542e-01 -5.843142e-01 3.738420e-01
2454422.762671 1.273924e+00 -1.514318e+00 -1.398153e+00 3.738047e-01 -9.531445e-01 -5.843227e-01 3.738050e-01
2454422.772431 1.397020e+00 -1.514268e+00 -1.398256e+00 3.737677e-01 -9.532349e-01 -5.843313e-01 3.737680e-01
2454422.782211 1.274271e+00 -1.514217e+00 -1.398359e+00 3.737306e-01 -9.533256e-01 -5.843398e-01 3.737309e-01
2454440.642018 7.461368e-01 -1.414239e+00 -1.579903e+00 3.042246e-01 -1.134457e+00 -6.351015e-01 3.042258e-01
2454440.649557 7.462401e-01 -1.414194e+00 -1.579977e+00 3.041946e-01 -1.134538e+00 -6.351387e-01 3.041958e-01
2454440.657087 8.183491e-01 -1.414149e+00 -1.580050e+00 3.041646e-01 -1.134620e+00 -6.351758e-01 3.041658e-01
2454440.664606 8.184621e-01 -1.414104e+00 -1.580123e+00 3.041347e-01 -1.134701e+00 -6.352129e-01 3.041359e-01
2454475.659439 1.110241e+00 -1.180533e+00 -1.891394e+00 1.602266e-01 -1.503210e+00 -9.624860e-01 1.602290e-01
2454475.665898 1.012675e+00 -1.180486e+00 -1.891446e+00 1.601994e-01 -1.503269e+00 -9.625747e-01 1.602018e-01
2454475.672308 1.012797e+00 -1.180439e+00 -1.891497e+00 1.601724e-01 -1.503329e+00 -9.626628e-01 1.601748e-01
2454549.618879 1.224746e+00 -5.751862e-01 -2.347762e+00 -1.553887e-01 -1.570130e+00 -2.412704e+00 -1.553867e-01
2454549.622789 6.427835e-01 -5.751516e-01 -2.347779e+00 -1.554052e-01 -1.570092e+00 -2.412788e+00 -1.554033e-01
2454549.626658 1.117077e+00 -5.751174e-01 -2.347796e+00 -1.554216e-01 -1.570055e+00 -2.412871e+00 -1.554196e-01
2454549.630508 1.117124e+00 -5.750833e-01 -2.347812e+00 -1.554378e-01 -1.570018e+00 -2.412954e+00 -1.554359e-01
2454804.947681 1.049820e+00 1.610186e+00 -2.066354e+00 -9.789769e-01 1.905932e+00 -1.126271e+00 -9.789763e-01
2454804.954901 1.049748e+00 1.610235e+00 -2.066314e+00 -9.789900e-01 1.905861e+00 -1.126193e+00 -9.789894e-01
2454804.962142 1.663622e+00 1.610285e+00 -2.066273e+00 -9.790031e-01 1.905790e+00 -1.126116e+00 -9.790025e-01
2454804.969502 1.150864e+00 1.610336e+00 -2.066232e+00 -9.790165e-01 1.905718e+00 -1.126037e+00 -9.790159e-01
2454861.849227 1.719310e+00 1.963722e+00 -1.704016e+00 -1.060330e+00 1.324532e+00 -9.544422e-01 -1.060327e+00
2454861.860237 1.567980e+00 1.963783e+00 -1.703938e+00 -1.060341e+00 1.324446e+00 -9.544880e-01 -1.060339e+00
2454861.871057 1.719203e+00 1.963842e+00 -1.703862e+00 -1.060353e+00 1.324361e+00 -9.545331e-01 -1.060350e+00
2454875.886296 1.284616e+00 2.038415e+00 -1.602638e+00 -1.073452e+00 1.232773e+00 -1.031774e+00 -1.073449e+00
2454875.891656 1.284621e+00 2.038442e+00 -1.602598e+00 -1.073456e+00 1.232745e+00 -1.031810e+00 -1.073453e+00
2454875.897106 1.171593e+00 2.038470e+00 -1.602558e+00 -1.073461e+00 1.232718e+00 -1.031847e+00 -1.073458e+00
2454875.902536 1.544466e+00 2.038498e+00 -1.602518e+00 -1.073465e+00 1.232690e+00 -1.031883e+00 -1.073462e+00
2454884.738258 1.085789e+00 2.082765e+00 -1.536516e+00 -1.080273e+00 1.196616e+00 -1.096838e+00 -1.080270e+00
2454884.743858 1.085807e+00 2.082793e+00 -1.536474e+00 -1.080277e+00 1.196598e+00 -1.096882e+00 -1.080274e+00
2454884.749428 1.190583e+00 2.082820e+00 -1.536432e+00 -1.080281e+00 1.196582e+00 -1.096926e+00 -1.080278e+00
2454884.754938 1.569518e+00 2.082847e+00 -1.536390e+00 -1.080285e+00 1.196565e+00 -1.096970e+00 -1.080282e+00
2454892.653170 1.118639e+00 2.120569e+00 -1.476026e+00 -1.085411e+00 1.180328e+00 -1.162647e+00 -1.085408e+00
2454892.664250 9.304905e-01 2.120620e+00 -1.475940e+00 -1.085417e+00 1.180317e+00 -1.162743e+00 -1.085414e+00
2454892.675340 7.739876e-01 2.120672e+00 -1.475855e+00 -1.085424e+00 1.180305e+00 -1.162839e+00 -1.085421e+00
2454892.686339 1.118810e+00 2.120723e+00 -1.475770e+00 -1.085430e+00 1.180294e+00 -1.162934e+00 -1.085427e+00
2454913.646395 1.401458e+00 2.212091e+00 -1.309695e+00 -1.094593e+00 1.216344e+00 -1.353390e+00 -1.094590e+00
2454913.651925 1.536733e+00 2.212114e+00 -1.309650e+00 -1.094595e+00 1.216369e+00 -1.353441e+00 -1.094592e+00
2454913.657384 1.401576e+00 2.212136e+00 -1.309605e+00 -1.094596e+00 1.216394e+00 -1.353491e+00 -1.094593e+00
2454913.662924 1.278307e+00 2.212158e+00 -1.309560e+00 -1.094598e+00 1.216419e+00 -1.353541e+00 -1.094595e+00
2454920.672499 1.025636e+00 2.239802e+00 -1.252230e+00 -1.096210e+00 1.254697e+00 -1.416525e+00 -1.096207e+00
2454920.679349 9.354441e-01 2.239828e+00 -1.252173e+00 -1.096211e+00 1.254740e+00 -1.416585e+00 -1.096208e+00
2454920.686108 8.531830e-01 2.239854e+00 -1.252118e+00 -1.096213e+00 1.254784e+00 -1.416644e+00 -1.096210e+00
2454920.692848 7.781553e-01 2.239880e+00 -1.252062e+00 -1.096214e+00 1.254827e+00 -1.416704e+00 -1.096211e+00
2454975.678533 1.018932e+00 2.402807e+00 -7.761493e-01 -1.083113e+00 1.943265e+00 -1.678576e+00 -1.083111e+00
2454975.684613 7.049593e-01 2.402819e+00 -7.760945e-01 -1.083109e+00 1.943369e+00 -1.678569e+00 -1.083107e+00
2454975.690502 7.730055e-01 2.402832e+00 -7.760414e-01 -1.083105e+00 1.943469e+00 -1.678562e+00 -1.083103e+00
2454975.696602 1.343388e+00 2.402844e+00 -7.759864e-01 -1.083101e+00 1.943574e+00 -1.678555e+00 -1.083099e+00
2455243.995862 9.767513e-01 1.535470e+00 1.560352e+00 -3.553049e-01 7.016991e-01 2.090347e+00 -3.553037e-01
2455244.005243 1.411631e+00 1.535386e+00 1.560409e+00 -3.552622e-01 7.015260e-01 2.090267e+00 -3.552610e-01
2455244.009893 1.174060e+00 1.535345e+00 1.560437e+00 -3.552411e-01 7.014402e-01 2.090228e+00 -3.552399e-01
1 0.5
