2	0.5	1000	 1	period_start period_step period_end fixed/free
0.0				initial epoch
0.0				initial rotation angle      
0.1				convexity weight      
3 3				degree and order of spherical harmonics      
6				number of rows        
0.5	1			scattering parameters
0.1	1
-0.5	1     
0.1	0			LS coeff                 
50				iteration stop condidion
10				minimum number of iterations (only if the above value < 1)
5				Alamda multiplicative factor
0.1				Alamda initial value
2
23 0 0.12 2004.6-2005.3 R 703_CATALINA
2453172.918577 2.356577e+00 -1.852095e+00 4.666331e-01 -1.508248e-01 -1.931208e+00 -5.462184e-01 -1.508345e-01
2453172.926037 1.787491e+00 -1.852110e+00 4.665353e-01 -1.508232e-01 -1.931097e+00 -5.463267e-01 -1.508329e-01
2453172.933498 1.630070e+00 -1.852125e+00 4.664375e-01 -1.508216e-01 -1.930986e+00 -5.464349e-01 -1.508313e-01
2453172.940938 1.787181e+00 -1.852140e+00 4.663400e-01 -1.508200e-01 -1.930875e+00 -5.465429e-01 -1.508297e-01
2453315.732308 2.017173e+00 -1.310168e+00 -1.324836e+00 -6.072513e-02 -5.982747e-01 -6.352260e-01 -6.071951e-02
2453315.738008 2.659176e+00 -1.310116e+00 -1.324893e+00 -6.071966e-02 -5.982923e-01 -6.352128e-01 -6.071404e-02
2453315.743688 2.659199e+00 -1.310064e+00 -1.324950e+00 -6.071422e-02 -5.983100e-01 -6.351998e-01 -6.070859e-02
2453318.864804 3.532144e+00 -1.281218e+00 -1.355840e+00 -5.770890e-02 -6.087426e-01 -6.287685e-01 -5.770291e-02
2453318.878494 3.221496e+00 -1.281090e+00 -1.355974e+00 -5.769566e-02 -6.087916e-01 -6.287436e-01 -5.768966e-02
2453318.892094 3.221640e+00 -1.280963e+00 -1.356108e+00 -5.768251e-02 -6.088403e-01 -6.287189e-01 -5.767651e-02
2453318.905674 3.221784e+00 -1.280836e+00 -1.356241e+00 -5.766937e-02 -6.088889e-01 -6.286943e-01 -5.766337e-02
2453328.750745 2.590469e+00 -1.186175e+00 -1.449660e+00 -4.802781e-02 -6.507044e-01 -6.191241e-01 -4.802076e-02
2453328.758995 2.590649e+00 -1.186093e+00 -1.449736e+00 -4.801963e-02 -6.507444e-01 -6.191234e-01 -4.801258e-02
2453328.767255 2.590829e+00 -1.186012e+00 -1.449812e+00 -4.801145e-02 -6.507845e-01 -6.191227e-01 -4.800440e-02
2453328.775595 2.591012e+00 -1.185929e+00 -1.449888e+00 -4.800319e-02 -6.508250e-01 -6.191221e-01 -4.799614e-02
2453431.596082 1.152107e+00 1.517481e-02 -2.012895e+00 5.704775e-02 -9.249071e-01 -1.698973e+00 5.705099e-02
2453431.604111 1.518953e+00 1.527548e-02 -2.012909e+00 5.705561e-02 -9.248524e-01 -1.699118e+00 5.705885e-02
2453431.612221 1.152382e+00 1.537715e-02 -2.012922e+00 5.706355e-02 -9.247972e-01 -1.699264e+00 5.706680e-02
2453431.620230 1.826618e+00 1.547757e-02 -2.012935e+00 5.707140e-02 -9.247426e-01 -1.699409e+00 5.707464e-02
2453440.623697 1.196632e+00 1.282833e-01 -2.024882e+00 6.580072e-02 -8.517155e-01 -1.862122e+00 6.580273e-02
2453440.626857 1.577538e+00 1.283228e-01 -2.024886e+00 6.580376e-02 -8.516858e-01 -1.862179e+00 6.580576e-02
2453440.630026 1.438795e+00 1.283625e-01 -2.024889e+00 6.580680e-02 -8.516560e-01 -1.862236e+00 6.580880e-02
2453440.633226 1.729890e+00 1.284025e-01 -2.024892e+00 6.580987e-02 -8.516258e-01 -1.862294e+00 6.581187e-02
79 0 0.12 2006.4-2009.5 V 703_CATALINA
2453846.750387 1.779985e+00 2.436768e+00 8.840163e-01 1.568096e-01 1.574679e+00 3.676844e-01 1.568085e-01
2453846.751957 1.623378e+00 2.436763e+00 8.840308e-01 1.568088e-01 1.574688e+00 3.676757e-01 1.568078e-01
2453846.761716 1.780088e+00 2.436733e+00 8.841209e-01 1.568041e-01 1.574741e+00 3.676211e-01 1.568030e-01
2453846.770006 1.780163e+00 2.436708e+00 8.841974e-01 1.568001e-01 1.574787e+00 3.675748e-01 1.567990e-01
2453846.771686 1.951926e+00 2.436702e+00 8.842129e-01 1.567993e-01 1.574796e+00 3.675654e-01 1.567982e-01
2453846.779836 1.480749e+00 2.436677e+00 8.842882e-01 1.567953e-01 1.574841e+00 3.675198e-01 1.567942e-01
2453846.781436 1.480762e+00 2.436672e+00 8.843029e-01 1.567945e-01 1.574849e+00 3.675109e-01 1.567934e-01
2454233.942026 1.202703e+00 -8.471409e-01 2.011967e+00 -1.191165e-01 -1.466335e+00 1.213540e+00 -1.191192e-01
2454233.944717 1.000322e+00 -8.471675e-01 2.011950e+00 -1.191181e-01 -1.466326e+00 1.213495e+00 -1.191208e-01
2454233.947397 8.319967e-01 -8.471940e-01 2.011933e+00 -1.191196e-01 -1.466317e+00 1.213449e+00 -1.191223e-01
2454233.950147 1.000236e+00 -8.472211e-01 2.011916e+00 -1.191211e-01 -1.466307e+00 1.213403e+00 -1.191238e-01
2454243.937413 9.326026e-01 -9.445640e-01 1.945959e+00 -1.245345e-01 -1.422464e+00 1.053393e+00 -1.245378e-01
2454243.941243 8.504896e-01 -9.446008e-01 1.945932e+00 -1.245365e-01 -1.422444e+00 1.053335e+00 -1.245398e-01
2454243.945063 9.324841e-01 -9.446376e-01 1.945906e+00 -1.245385e-01 -1.422423e+00 1.053278e+00 -1.245418e-01
2454243.948883 1.347764e+00 -9.446743e-01 1.945880e+00 -1.245405e-01 -1.422403e+00 1.053220e+00 -1.245438e-01
2454260.899224 9.185133e-01 -1.103413e+00 1.821035e+00 -1.328870e-01 -1.312804e+00 8.277622e-01 -1.328910e-01
2454260.906995 9.183872e-01 -1.103484e+00 1.820974e+00 -1.328905e-01 -1.312746e+00 8.276732e-01 -1.328946e-01
2454260.914835 1.006852e+00 -1.103555e+00 1.820913e+00 -1.328941e-01 -1.312687e+00 8.275834e-01 -1.328982e-01
2454260.922656 1.006713e+00 -1.103627e+00 1.820852e+00 -1.328977e-01 -1.312629e+00 8.274939e-01 -1.329018e-01
2454347.802589 1.422208e+00 -1.725460e+00 9.464395e-01 -1.548633e-01 -7.701571e-01 6.229311e-01 -1.548663e-01
2454347.818489 1.559490e+00 -1.725535e+00 9.462485e-01 -1.548636e-01 -7.701492e-01 6.229982e-01 -1.548666e-01
2454347.826619 1.422305e+00 -1.725574e+00 9.461508e-01 -1.548637e-01 -7.701452e-01 6.230325e-01 -1.548667e-01
2454347.834739 1.422338e+00 -1.725612e+00 9.460532e-01 -1.548639e-01 -7.701412e-01 6.230667e-01 -1.548669e-01
2454353.677633 1.455931e+00 -1.752145e+00 8.752374e-01 -1.548682e-01 -7.708793e-01 6.485378e-01 -1.548710e-01
2454353.684713 1.455984e+00 -1.752176e+00 8.751509e-01 -1.548680e-01 -7.708846e-01 6.485695e-01 -1.548709e-01
2454353.691823 1.327921e+00 -1.752207e+00 8.750640e-01 -1.548679e-01 -7.708899e-01 6.486013e-01 -1.548707e-01
2454353.698903 1.456089e+00 -1.752238e+00 8.749775e-01 -1.548678e-01 -7.708953e-01 6.486330e-01 -1.548706e-01
2454385.623246 1.022985e+00 -1.854300e+00 4.696771e-01 -1.511838e-01 -9.066249e-01 7.831443e-01 -1.511854e-01
2454385.630845 9.330555e-01 -1.854315e+00 4.695777e-01 -1.511822e-01 -9.066833e-01 7.831685e-01 -1.511838e-01
2454385.638615 9.331395e-01 -1.854331e+00 4.694759e-01 -1.511805e-01 -9.067430e-01 7.831932e-01 -1.511821e-01
2454385.646275 1.023258e+00 -1.854346e+00 4.693757e-01 -1.511789e-01 -9.068019e-01 7.832175e-01 -1.511804e-01
2454406.610812 8.291992e-01 -1.878884e+00 1.913953e-01 -1.452663e-01 -1.109674e+00 8.184063e-01 -1.452668e-01
2454406.618372 9.092817e-01 -1.878886e+00 1.912941e-01 -1.452637e-01 -1.109761e+00 8.184054e-01 -1.452642e-01
2454406.625941 9.970979e-01 -1.878888e+00 1.911927e-01 -1.452610e-01 -1.109848e+00 8.184045e-01 -1.452616e-01
2454406.633521 9.094468e-01 -1.878891e+00 1.910913e-01 -1.452584e-01 -1.109935e+00 8.184036e-01 -1.452589e-01
2454417.624193 7.857734e-01 -1.877478e+00 4.357513e-02 -1.410457e-01 -1.244447e+00 8.043341e-01 -1.410457e-01
2454417.631393 7.858394e-01 -1.877474e+00 4.347834e-02 -1.410427e-01 -1.244540e+00 8.043160e-01 -1.410427e-01
2454417.638552 8.617275e-01 -1.877470e+00 4.338208e-02 -1.410397e-01 -1.244632e+00 8.042981e-01 -1.410397e-01
2454417.645712 7.859706e-01 -1.877466e+00 4.328583e-02 -1.410368e-01 -1.244725e+00 8.042801e-01 -1.410367e-01
2454439.571462 8.352639e-01 -1.844522e+00 -2.508954e-01 -1.303918e-01 -1.546829e+00 6.885784e-01 -1.303906e-01
2454439.577861 8.353208e-01 -1.844506e+00 -2.509808e-01 -1.303883e-01 -1.546921e+00 6.885258e-01 -1.303871e-01
2454439.584301 8.353780e-01 -1.844491e+00 -2.510667e-01 -1.303847e-01 -1.547012e+00 6.884730e-01 -1.303836e-01
2454439.590721 9.160363e-01 -1.844475e+00 -2.511524e-01 -1.303812e-01 -1.547104e+00 6.884202e-01 -1.303800e-01
2454454.585331 7.390688e-01 -1.798705e+00 -4.495601e-01 -1.214475e-01 -1.758895e+00 5.334661e-01 -1.214458e-01
2454454.591770 8.104244e-01 -1.798681e+00 -4.496445e-01 -1.214434e-01 -1.758984e+00 5.333858e-01 -1.214416e-01
2454454.598250 8.104762e-01 -1.798658e+00 -4.497294e-01 -1.214393e-01 -1.759073e+00 5.333050e-01 -1.214375e-01
2454454.604680 7.392099e-01 -1.798634e+00 -4.498136e-01 -1.214352e-01 -1.759162e+00 5.332248e-01 -1.214334e-01
2454465.563072 9.872260e-01 -1.753357e+00 -5.919816e-01 -1.141042e-01 -1.904889e+00 3.795742e-01 -1.141021e-01
2454465.569112 9.872816e-01 -1.753329e+00 -5.920591e-01 -1.141000e-01 -1.904965e+00 3.794803e-01 -1.140979e-01
2454465.575161 8.212313e-01 -1.753302e+00 -5.921368e-01 -1.140958e-01 -1.905042e+00 3.793862e-01 -1.140937e-01
2454465.581181 8.212774e-01 -1.753274e+00 -5.922141e-01 -1.140916e-01 -1.905118e+00 3.792926e-01 -1.140894e-01
2454475.569547 8.201221e-01 -1.703475e+00 -7.189377e-01 -1.068539e-01 -2.024665e+00 2.104824e-01 -1.068516e-01
2454475.574396 7.479925e-01 -1.703449e+00 -7.189985e-01 -1.068503e-01 -2.024719e+00 2.103941e-01 -1.068479e-01
2454475.579206 9.860880e-01 -1.703423e+00 -7.190587e-01 -1.068467e-01 -2.024773e+00 2.103065e-01 -1.068443e-01
2454475.584026 8.993612e-01 -1.703397e+00 -7.191191e-01 -1.068431e-01 -2.024827e+00 2.102187e-01 -1.068407e-01
2454771.985522 1.048505e+00 1.478357e+00 -1.698376e+00 1.573899e-01 2.246277e+00 -1.069819e+00 1.573889e-01
2454771.990953 1.382154e+00 1.478410e+00 -1.698344e+00 1.573929e-01 2.246269e+00 -1.069715e+00 1.573919e-01
2454771.996483 9.561855e-01 1.478463e+00 -1.698311e+00 1.573960e-01 2.246260e+00 -1.069609e+00 1.573950e-01
2454772.001993 1.382063e+00 1.478516e+00 -1.698278e+00 1.573990e-01 2.246252e+00 -1.069503e+00 1.573981e-01
2454864.904836 1.291037e+00 2.197672e+00 -9.918849e-01 1.912823e-01 1.518566e+00 -2.776847e-01 1.912851e-01
2454864.912797 1.552082e+00 2.197717e+00 -9.918140e-01 1.912837e-01 1.518510e+00 -2.777087e-01 1.912865e-01
2454864.920917 1.551995e+00 2.197763e+00 -9.917417e-01 1.912851e-01 1.518452e+00 -2.777332e-01 1.912879e-01
2454864.928977 1.551909e+00 2.197809e+00 -9.916699e-01 1.912865e-01 1.518396e+00 -2.777575e-01 1.912893e-01
2454881.774753 1.310791e+00 2.287043e+00 -8.388354e-01 1.936750e-01 1.425566e+00 -3.539028e-01 1.936779e-01
2454881.782843 1.310771e+00 2.287083e+00 -8.387607e-01 1.936759e-01 1.425536e+00 -3.539499e-01 1.936788e-01
2454881.790864 1.310752e+00 2.287122e+00 -8.386867e-01 1.936767e-01 1.425505e+00 -3.539967e-01 1.936797e-01
2454881.798894 1.437189e+00 2.287161e+00 -8.386126e-01 1.936776e-01 1.425474e+00 -3.540436e-01 1.936806e-01
2454907.757259 1.550398e+00 2.398858e+00 -5.940053e-01 1.951825e-01 1.405492e+00 -5.360494e-01 1.951855e-01
2454907.762639 1.550461e+00 2.398878e+00 -5.939537e-01 1.951826e-01 1.405505e+00 -5.360905e-01 1.951856e-01
2454907.768049 1.550524e+00 2.398898e+00 -5.939018e-01 1.951826e-01 1.405518e+00 -5.361319e-01 1.951856e-01
2454907.773479 1.414153e+00 2.398918e+00 -5.938497e-01 1.951827e-01 1.405531e+00 -5.361734e-01 1.951856e-01
2454921.688814 1.342655e+00 2.445867e+00 -4.592853e-01 1.949308e-01 1.463504e+00 -6.408665e-01 1.949338e-01
2454921.697703 1.342788e+00 2.445894e+00 -4.591987e-01 1.949304e-01 1.463556e+00 -6.409309e-01 1.949334e-01
2454921.706213 1.342916e+00 2.445920e+00 -4.591158e-01 1.949300e-01 1.463606e+00 -6.409925e-01 1.949330e-01
2454921.714773 1.472620e+00 2.445946e+00 -4.590325e-01 1.949296e-01 1.463657e+00 -6.410545e-01 1.949327e-01
2454966.648463 8.061703e-01 2.536182e+00 -1.559835e-02 1.892975e-01 1.946591e+00 -8.367422e-01 1.893004e-01
2454966.654963 9.693139e-01 2.536189e+00 -1.553377e-02 1.892961e-01 1.946687e+00 -8.367432e-01 1.892990e-01
2454966.661622 9.694002e-01 2.536195e+00 -1.546760e-02 1.892948e-01 1.946784e+00 -8.367443e-01 1.892977e-01
2454966.668202 9.694855e-01 2.536201e+00 -1.540222e-02 1.892934e-01 1.946881e+00 -8.367453e-01 1.892963e-01
1 0.5
2 0.5
