2	0.5	1000	 1	period_start period_step period_end fixed/free
0.0				initial epoch
0.0				initial rotation angle      
0.1				convexity weight      
3 3				degree and order of spherical harmonics      
6				number of rows        
0.5	1			scattering parameters
0.1	1
-0.5	1     
0.1	0			LS coeff                 
50				iteration stop condidion
10				minimum number of iterations (only if the above value < 1)
5				Alamda multiplicative factor
0.1				Alamda initial value
1
117 0 0.12 2006.8-2010.11 V 703_CATALINA
2453976.904017 1.149572e+00 -1.826201e+00 -1.336020e+00 -1.133658e-01 -9.047896e-01 -1.749450e+00 -1.133690e-01
2453976.911167 1.149474e+00 -1.826151e+00 -1.336089e+00 -1.133465e-01 -9.046906e-01 -1.749408e+00 -1.133497e-01
2453976.918318 1.048243e+00 -1.826100e+00 -1.336159e+00 -1.133273e-01 -9.045917e-01 -1.749366e+00 -1.133305e-01
2453976.925498 1.149276e+00 -1.826049e+00 -1.336229e+00 -1.133080e-01 -9.044923e-01 -1.749323e+00 -1.133112e-01
2453996.955545 9.835821e-01 -1.675181e+00 -1.523982e+00 -5.895352e-02 -6.737331e-01 -1.606246e+00 -5.895526e-02
2453996.960645 1.078407e+00 -1.675140e+00 -1.524028e+00 -5.893958e-02 -6.736866e-01 -1.606205e+00 -5.894132e-02
2453996.965796 1.182373e+00 -1.675099e+00 -1.524075e+00 -5.892550e-02 -6.736398e-01 -1.606163e+00 -5.892724e-02
2453996.970916 1.078267e+00 -1.675058e+00 -1.524121e+00 -5.891151e-02 -6.735932e-01 -1.606122e+00 -5.891324e-02
2454024.846391 4.038389e+00 -1.437031e+00 -1.759161e+00 1.761173e-02 -5.176354e-01 -1.373786e+00 1.761240e-02
2454024.861832 5.322743e+00 -1.436891e+00 -1.759282e+00 1.765416e-02 -5.176023e-01 -1.373663e+00 1.765483e-02
2454024.869542 5.322299e+00 -1.436821e+00 -1.759342e+00 1.767535e-02 -5.175858e-01 -1.373602e+00 1.767602e-02
2454041.909095 2.183992e+00 -1.277108e+00 -1.886284e+00 6.437851e-02 -5.141303e-01 -1.251910e+00 6.438055e-02
2454041.915545 2.183896e+00 -1.277046e+00 -1.886330e+00 6.439612e-02 -5.141407e-01 -1.251871e+00 6.439816e-02
2454041.921935 2.394490e+00 -1.276984e+00 -1.886375e+00 6.441357e-02 -5.141511e-01 -1.251832e+00 6.441561e-02
2454041.928366 2.183706e+00 -1.276922e+00 -1.886420e+00 6.443112e-02 -5.141615e-01 -1.251792e+00 6.443317e-02
2454051.743707 6.273017e+00 -1.180627e+00 -1.953369e+00 9.114277e-02 -5.392121e-01 -1.199453e+00 9.114552e-02
2454051.749317 6.272902e+00 -1.180571e+00 -1.953406e+00 9.115799e-02 -5.392313e-01 -1.199428e+00 9.116073e-02
2454051.754987 5.217475e+00 -1.180515e+00 -1.953443e+00 9.117336e-02 -5.392508e-01 -1.199402e+00 9.117610e-02
2454081.811540 3.593649e+00 -8.691810e-01 -2.128941e+00 1.713550e-01 -6.987544e-01 -1.159234e+00 1.713592e-01
2454081.818130 3.593857e+00 -8.691104e-01 -2.128974e+00 1.713722e-01 -6.987973e-01 -1.159248e+00 1.713764e-01
2454081.824680 3.594064e+00 -8.690402e-01 -2.129008e+00 1.713893e-01 -6.988400e-01 -1.159263e+00 1.713935e-01
2454081.831259 3.594272e+00 -8.689697e-01 -2.129041e+00 1.714065e-01 -6.988828e-01 -1.159277e+00 1.714107e-01
2454125.590090 1.466517e+00 -3.839008e-01 -2.301429e+00 2.810834e-01 -9.431352e-01 -1.491264e+00 2.810877e-01
2454125.598819 1.608215e+00 -3.838015e-01 -2.301453e+00 2.811042e-01 -9.431620e-01 -1.491375e+00 2.811085e-01
2454125.607569 1.112759e+00 -3.837021e-01 -2.301477e+00 2.811250e-01 -9.431889e-01 -1.491485e+00 2.811294e-01
2454125.616338 9.256748e-01 -3.836024e-01 -2.301502e+00 2.811459e-01 -9.432158e-01 -1.491596e+00 2.811502e-01
2454147.643173 3.524387e+00 -1.316236e-01 -2.350309e+00 3.319710e-01 -9.598393e-01 -1.811880e+00 3.319745e-01
2454147.649652 3.524711e+00 -1.315491e-01 -2.350320e+00 3.319855e-01 -9.598273e-01 -1.811984e+00 3.319890e-01
2454147.656092 3.525032e+00 -1.314751e-01 -2.350331e+00 3.319999e-01 -9.598155e-01 -1.812088e+00 3.320033e-01
2454147.662551 3.525355e+00 -1.314008e-01 -2.350341e+00 3.320143e-01 -9.598036e-01 -1.812192e+00 3.320177e-01
2454153.657849 4.608737e+00 -6.245480e-02 -2.359254e+00 3.452506e-01 -9.440608e-01 -1.910791e+00 3.452537e-01
2454153.666839 5.054005e+00 -6.235137e-02 -2.359266e+00 3.452702e-01 -9.440300e-01 -1.910941e+00 3.452733e-01
2454153.675828 5.542292e+00 -6.224794e-02 -2.359278e+00 3.452899e-01 -9.439992e-01 -1.911092e+00 3.452930e-01
2454153.684827 5.055257e+00 -6.214440e-02 -2.359290e+00 3.453095e-01 -9.439683e-01 -1.911242e+00 3.453126e-01
2454169.603193 3.934390e+00 1.210071e-01 -2.373995e+00 3.791174e-01 -8.538676e-01 -2.185181e+00 3.791195e-01
2454169.607373 2.482564e+00 1.210551e-01 -2.373998e+00 3.791260e-01 -8.538344e-01 -2.185254e+00 3.791281e-01
2454169.611553 5.187083e+00 1.211032e-01 -2.374000e+00 3.791346e-01 -8.538012e-01 -2.185327e+00 3.791367e-01
2454169.615732 2.722363e+00 1.211512e-01 -2.374002e+00 3.791432e-01 -8.537679e-01 -2.185400e+00 3.791453e-01
2454180.615001 3.740367e+00 2.473828e-01 -2.376685e+00 4.013196e-01 -7.486050e-01 -2.376883e+00 4.013209e-01
2454180.621510 4.497251e+00 2.474573e-01 -2.376685e+00 4.013325e-01 -7.485322e-01 -2.376996e+00 4.013337e-01
2454180.628010 3.740936e+00 2.475318e-01 -2.376685e+00 4.013453e-01 -7.484595e-01 -2.377108e+00 4.013465e-01
2454180.634489 4.102165e+00 2.476060e-01 -2.376684e+00 4.013580e-01 -7.483871e-01 -2.377219e+00 4.013593e-01
2454426.004885 2.532617e+00 2.493234e+00 -1.196158e+00 6.104972e-01 3.006696e+00 -3.522000e-01 6.104977e-01
2454426.007405 2.532579e+00 2.493248e+00 -1.196137e+00 6.104966e-01 3.006673e+00 -3.521571e-01 6.104971e-01
2454426.009945 2.532540e+00 2.493263e+00 -1.196117e+00 6.104960e-01 3.006650e+00 -3.521139e-01 6.104965e-01
2454426.012476 2.776834e+00 2.493277e+00 -1.196096e+00 6.104954e-01 3.006626e+00 -3.520708e-01 6.104959e-01
2454524.867383 4.085380e+00 2.902504e+00 -3.341094e-01 5.509731e-01 1.977618e+00 2.034283e-02 5.509756e-01
2454524.875613 4.085274e+00 2.902524e+00 -3.340346e-01 5.509654e-01 1.977586e+00 2.028489e-02 5.509679e-01
2454524.883893 4.479297e+00 2.902545e+00 -3.339594e-01 5.509576e-01 1.977553e+00 2.022659e-02 5.509601e-01
2454530.866567 4.415657e+00 2.916998e+00 -2.795145e-01 5.452325e-01 1.958619e+00 -2.358706e-02 5.452350e-01
2454530.873017 4.415611e+00 2.917013e+00 -2.794557e-01 5.452262e-01 1.958603e+00 -2.363592e-02 5.452287e-01
2454530.879507 4.027044e+00 2.917028e+00 -2.793966e-01 5.452199e-01 1.958588e+00 -2.368510e-02 5.452224e-01
2454530.885957 4.027002e+00 2.917043e+00 -2.793378e-01 5.452136e-01 1.958572e+00 -2.373397e-02 5.452161e-01
2454537.817058 3.655647e+00 2.932323e+00 -2.161252e-01 5.383079e-01 1.948218e+00 -7.776095e-02 5.383101e-01
2454537.822018 3.655652e+00 2.932333e+00 -2.160800e-01 5.383028e-01 1.948215e+00 -7.780049e-02 5.383051e-01
2454537.826978 3.333999e+00 2.932344e+00 -2.160347e-01 5.382978e-01 1.948212e+00 -7.784003e-02 5.383000e-01
2454537.831998 3.655662e+00 2.932354e+00 -2.159889e-01 5.382927e-01 1.948209e+00 -7.788005e-02 5.382949e-01
2454555.750186 4.213432e+00 2.964630e+00 -5.211778e-02 5.191252e-01 1.980394e+00 -2.221546e-01 5.191269e-01
2454555.757276 4.620105e+00 2.964641e+00 -5.205286e-02 5.191172e-01 1.980424e+00 -2.222104e-01 5.191189e-01
2454555.764396 4.213743e+00 2.964652e+00 -5.198767e-02 5.191092e-01 1.980453e+00 -2.222663e-01 5.191109e-01
2454555.771495 5.066222e+00 2.964662e+00 -5.192267e-02 5.191013e-01 1.980483e+00 -2.223221e-01 5.191030e-01
2454561.679522 3.629588e+00 2.973031e+00 2.177810e-03 5.123789e-01 2.009595e+00 -2.677014e-01 5.123804e-01
2454561.686112 3.979938e+00 2.973040e+00 2.238150e-03 5.123713e-01 2.009632e+00 -2.677506e-01 5.123728e-01
2454561.692642 3.980109e+00 2.973049e+00 2.297950e-03 5.123638e-01 2.009670e+00 -2.677994e-01 5.123652e-01
2454561.699182 3.310654e+00 2.973057e+00 2.357840e-03 5.123562e-01 2.009707e+00 -2.678483e-01 5.123577e-01
2454583.654203 2.524775e+00 2.994379e+00 2.032256e-01 4.857144e-01 2.192010e+00 -4.046548e-01 4.857150e-01
2454583.661953 2.302804e+00 2.994384e+00 2.032964e-01 4.857046e-01 2.192093e+00 -4.046908e-01 4.857052e-01
2454583.669672 2.768797e+00 2.994389e+00 2.033669e-01 4.856948e-01 2.192176e+00 -4.047266e-01 4.856954e-01
2454583.677402 2.769015e+00 2.994393e+00 2.034375e-01 4.856849e-01 2.192259e+00 -4.047625e-01 4.856855e-01
2454977.766481 3.705965e+00 1.177977e+00 2.835227e+00 -2.248638e-01 7.501391e-01 1.916930e+00 -2.248612e-01
2454977.774281 3.705898e+00 1.177910e+00 2.835247e+00 -2.248783e-01 7.501918e-01 1.916892e+00 -2.248756e-01
2454977.782011 3.705832e+00 1.177844e+00 2.835266e+00 -2.248926e-01 7.502440e-01 1.916855e+00 -2.248900e-01
2454977.789861 3.705765e+00 1.177776e+00 2.835286e+00 -2.249072e-01 7.502970e-01 1.916817e+00 -2.249045e-01
2455003.756285 2.897634e+00 9.516113e-01 2.890241e+00 -2.722084e-01 9.495624e-01 1.873991e+00 -2.722066e-01
2455003.762095 3.177273e+00 9.515599e-01 2.890251e+00 -2.722188e-01 9.496094e-01 1.874001e+00 -2.722170e-01
2455003.767844 3.177353e+00 9.515091e-01 2.890261e+00 -2.722290e-01 9.496558e-01 1.874010e+00 -2.722273e-01
2455003.773584 2.897853e+00 9.514583e-01 2.890271e+00 -2.722393e-01 9.497022e-01 1.874020e+00 -2.722376e-01
2455333.935916 1.375852e+00 -1.878218e+00 1.648386e+00 -5.726567e-01 -2.439635e+00 8.072414e-01 -5.726520e-01
2455333.941756 1.654026e+00 -1.878252e+00 1.648331e+00 -5.726545e-01 -2.439588e+00 8.071310e-01 -5.726498e-01
2455333.947567 1.375667e+00 -1.878287e+00 1.648277e+00 -5.726522e-01 -2.439541e+00 8.070211e-01 -5.726476e-01
2455333.953427 1.375574e+00 -1.878322e+00 1.648223e+00 -5.726500e-01 -2.439493e+00 8.069103e-01 -5.726453e-01
2455358.895977 3.053456e+00 -2.015516e+00 1.407711e+00 -5.599741e-01 -2.187916e+00 4.071036e-01 -5.599701e-01
2455358.902348 2.539542e+00 -2.015548e+00 1.407647e+00 -5.599700e-01 -2.187842e+00 4.070210e-01 -5.599661e-01
2455358.908718 2.315896e+00 -2.015580e+00 1.407584e+00 -5.599660e-01 -2.187768e+00 4.069384e-01 -5.599620e-01
2455358.915049 2.539119e+00 -2.015612e+00 1.407521e+00 -5.599620e-01 -2.187695e+00 4.068564e-01 -5.599580e-01
2455365.905113 1.754942e+00 -2.050015e+00 1.337134e+00 -5.552610e-01 -2.104615e+00 3.225821e-01 -5.552574e-01
2455365.910353 1.754818e+00 -2.050040e+00 1.337081e+00 -5.552573e-01 -2.104552e+00 3.225237e-01 -5.552537e-01
2455365.915523 1.923985e+00 -2.050065e+00 1.337028e+00 -5.552536e-01 -2.104489e+00 3.224661e-01 -5.552500e-01
2455365.920704 1.754573e+00 -2.050090e+00 1.336976e+00 -5.552500e-01 -2.104427e+00 3.224084e-01 -5.552463e-01
2455382.858003 2.411831e+00 -2.125572e+00 1.161422e+00 -5.417418e-01 -1.895326e+00 1.711420e-01 -5.417392e-01
2455382.866734 2.644195e+00 -2.125608e+00 1.161329e+00 -5.417340e-01 -1.895218e+00 1.710833e-01 -5.417315e-01
2455382.875474 2.643869e+00 -2.125644e+00 1.161237e+00 -5.417263e-01 -1.895110e+00 1.710244e-01 -5.417237e-01
2455382.884215 2.643543e+00 -2.125680e+00 1.161145e+00 -5.417186e-01 -1.895002e+00 1.709657e-01 -5.417160e-01
2455456.714439 2.777967e+00 -2.307398e+00 3.323117e-01 -4.478144e-01 -1.307614e+00 2.284587e-01 -4.478178e-01
2455456.721119 2.777936e+00 -2.307402e+00 3.322335e-01 -4.478034e-01 -1.307608e+00 2.284944e-01 -4.478068e-01
2455456.727849 2.777904e+00 -2.307407e+00 3.321547e-01 -4.477923e-01 -1.307603e+00 2.285303e-01 -4.477957e-01
2455456.734579 2.777873e+00 -2.307411e+00 3.320760e-01 -4.477812e-01 -1.307597e+00 2.285663e-01 -4.477846e-01
2455476.630700 1.815617e+00 -2.310803e+00 9.809481e-02 -4.130077e-01 -1.339296e+00 3.332012e-01 -4.130124e-01
2455476.637479 1.815678e+00 -2.310801e+00 9.801481e-02 -4.129952e-01 -1.339323e+00 3.332341e-01 -4.129999e-01
2455476.644299 1.815739e+00 -2.310799e+00 9.793434e-02 -4.129826e-01 -1.339350e+00 3.332672e-01 -4.129873e-01
2455476.652389 1.656041e+00 -2.310796e+00 9.783888e-02 -4.129677e-01 -1.339383e+00 3.333065e-01 -4.129724e-01
2455481.602511 2.699276e+00 -2.308418e+00 3.940664e-02 -4.037268e-01 -1.361955e+00 3.563670e-01 -4.037318e-01
2455481.609881 2.959834e+00 -2.308414e+00 3.931962e-02 -4.037128e-01 -1.361992e+00 3.563997e-01 -4.037179e-01
2455481.617301 2.699528e+00 -2.308409e+00 3.923201e-02 -4.036988e-01 -1.362030e+00 3.564327e-01 -4.037039e-01
2455481.624770 2.699656e+00 -2.308405e+00 3.914381e-02 -4.036847e-01 -1.362069e+00 3.564658e-01 -4.036898e-01
2455481.630130 2.699747e+00 -2.308401e+00 3.908053e-02 -4.036746e-01 -1.362096e+00 3.564896e-01 -4.036796e-01
2455481.638350 2.960367e+00 -2.308396e+00 3.898347e-02 -4.036590e-01 -1.362139e+00 3.565261e-01 -4.036641e-01
2455481.646590 2.700029e+00 -2.308391e+00 3.888618e-02 -4.036435e-01 -1.362181e+00 3.565627e-01 -4.036485e-01
2455481.654800 2.960676e+00 -2.308386e+00 3.878924e-02 -4.036279e-01 -1.362223e+00 3.565991e-01 -4.036330e-01
2455498.601495 3.725995e+00 -2.290320e+00 -1.612215e-01 -3.702833e-01 -1.480670e+00 4.143952e-01 -3.702894e-01
2455498.608935 3.099369e+00 -2.290309e+00 -1.613092e-01 -3.702681e-01 -1.480735e+00 4.144114e-01 -3.702742e-01
2455498.616395 3.099590e+00 -2.290297e+00 -1.613971e-01 -3.702528e-01 -1.480800e+00 4.144276e-01 -3.702590e-01
2455498.623894 3.099813e+00 -2.290286e+00 -1.614855e-01 -3.702375e-01 -1.480865e+00 4.144439e-01 -3.702436e-01
2455512.700250 2.718475e+00 -2.263513e+00 -3.268461e-01 -3.406296e-01 -1.621160e+00 4.263363e-01 -3.406363e-01
2455512.708210 2.718709e+00 -2.263495e+00 -3.269392e-01 -3.406124e-01 -1.621249e+00 4.263315e-01 -3.406191e-01
2455512.719219 2.719034e+00 -2.263470e+00 -3.270681e-01 -3.405886e-01 -1.621371e+00 4.263248e-01 -3.405953e-01
2455512.727259 2.719270e+00 -2.263452e+00 -3.271621e-01 -3.405712e-01 -1.621460e+00 4.263199e-01 -3.405779e-01
1 0.5
