2	0.5	1000	 1	period_start period_step period_end fixed/free
0.0				initial epoch
0.0				initial rotation angle      
0.1				convexity weight      
3 3				degree and order of spherical harmonics      
6				number of rows        
0.5	1			scattering parameters
0.1	1
-0.5	1     
0.1	0			LS coeff                 
50				iteration stop condidion
10				minimum number of iterations (only if the above value < 1)
5				Alamda multiplicative factor
0.1				Alamda initial value
1
100 0 0.12 2005.10-2009.12 V 703_CATALINA
2453650.870403 1.366788e+00 -1.964368e+00 -1.642370e+00 6.675756e-01 -9.951913e-01 -1.398651e+00 6.675767e-01
2453650.877463 1.366728e+00 -1.964325e+00 -1.642431e+00 6.675831e-01 -9.951805e-01 -1.398594e+00 6.675843e-01
2453650.884683 1.498521e+00 -1.964282e+00 -1.642494e+00 6.675909e-01 -9.951694e-01 -1.398537e+00 6.675921e-01
2453650.891734 1.643024e+00 -1.964239e+00 -1.642555e+00 6.675985e-01 -9.951586e-01 -1.398480e+00 6.675996e-01
2453670.855665 1.381722e+00 -1.838114e+00 -1.809543e+00 6.869058e-01 -1.013765e+00 -1.254583e+00 6.869093e-01
2453670.860695 1.515016e+00 -1.838080e+00 -1.809583e+00 6.869101e-01 -1.013781e+00 -1.254552e+00 6.869136e-01
2453670.865735 1.515004e+00 -1.838047e+00 -1.809624e+00 6.869144e-01 -1.013798e+00 -1.254521e+00 6.869180e-01
2453670.870765 1.514992e+00 -1.838014e+00 -1.809665e+00 6.869188e-01 -1.013814e+00 -1.254490e+00 6.869223e-01
2453675.806798 1.254648e+00 -1.805027e+00 -1.849249e+00 6.910351e-01 -1.032624e+00 -1.226081e+00 6.910391e-01
2453675.815498 1.144251e+00 -1.804968e+00 -1.849318e+00 6.910421e-01 -1.032661e+00 -1.226035e+00 6.910462e-01
2453675.824248 1.375691e+00 -1.804909e+00 -1.849387e+00 6.910492e-01 -1.032699e+00 -1.225988e+00 6.910532e-01
2453675.832978 1.254643e+00 -1.804850e+00 -1.849457e+00 6.910562e-01 -1.032737e+00 -1.225941e+00 6.910603e-01
2453704.801436 1.287353e+00 -1.598088e+00 -2.067383e+00 7.099681e-01 -1.230314e+00 -1.152331e+00 7.099744e-01
2453704.810845 1.174168e+00 -1.598018e+00 -2.067450e+00 7.099728e-01 -1.230396e+00 -1.152338e+00 7.099791e-01
2453704.820285 1.174256e+00 -1.597947e+00 -2.067516e+00 7.099775e-01 -1.230478e+00 -1.152345e+00 7.099838e-01
2453704.829695 1.071015e+00 -1.597876e+00 -2.067583e+00 7.099822e-01 -1.230561e+00 -1.152352e+00 7.099885e-01
2453710.703380 1.354456e+00 -1.553400e+00 -2.108670e+00 7.127287e-01 -1.283300e+00 -1.161110e+00 7.127353e-01
2453710.709400 9.371068e-01 -1.553354e+00 -2.108711e+00 7.127313e-01 -1.283355e+00 -1.161124e+00 7.127379e-01
2453710.715429 1.235416e+00 -1.553307e+00 -2.108753e+00 7.127339e-01 -1.283411e+00 -1.161137e+00 7.127405e-01
2453710.721409 1.235484e+00 -1.553262e+00 -2.108794e+00 7.127366e-01 -1.283466e+00 -1.161151e+00 7.127431e-01
2454125.790071 1.924560e+00 2.055416e+00 -2.084963e+00 1.692963e-01 1.493298e+00 -1.276771e+00 1.693007e-01
2454125.800291 1.755145e+00 2.055483e+00 -2.084896e+00 1.692714e-01 1.493217e+00 -1.276806e+00 1.692757e-01
2454125.810521 1.755069e+00 2.055549e+00 -2.084830e+00 1.692463e-01 1.493136e+00 -1.276841e+00 1.692507e-01
2454125.820742 1.754994e+00 2.055615e+00 -2.084764e+00 1.692214e-01 1.493055e+00 -1.276875e+00 1.692257e-01
2454157.723932 1.358674e+00 2.249679e+00 -1.866008e+00 9.036163e-02 1.337470e+00 -1.481238e+00 9.036449e-02
2454157.734691 1.358751e+00 2.249740e+00 -1.865930e+00 9.033480e-02 1.337456e+00 -1.481332e+00 9.033766e-02
2454157.745401 1.030776e+00 2.249800e+00 -1.865853e+00 9.030809e-02 1.337442e+00 -1.481425e+00 9.031095e-02
2454157.756101 1.358904e+00 2.249861e+00 -1.865775e+00 9.028141e-02 1.337428e+00 -1.481518e+00 9.028426e-02
2454169.653142 1.114899e+00 2.315416e+00 -1.778307e+00 6.054480e-02 1.340364e+00 -1.590339e+00 6.054686e-02
2454169.659672 1.340472e+00 2.315451e+00 -1.778258e+00 6.052845e-02 1.340376e+00 -1.590401e+00 6.053050e-02
2454169.666192 1.340540e+00 2.315485e+00 -1.778209e+00 6.051212e-02 1.340388e+00 -1.590463e+00 6.051417e-02
2454169.672711 1.469947e+00 2.315520e+00 -1.778160e+00 6.049579e-02 1.340400e+00 -1.590525e+00 6.049784e-02
2454476.981933 6.470772e-01 2.383264e+00 1.031721e+00 -5.908839e-01 2.038812e+00 1.952826e+00 -5.908815e-01
2454476.987453 7.779149e-01 2.383234e+00 1.031770e+00 -5.908906e-01 2.038691e+00 1.952841e+00 -5.908882e-01
2454476.993064 7.094262e-01 2.383203e+00 1.031820e+00 -5.908974e-01 2.038569e+00 1.952857e+00 -5.908950e-01
2454504.017330 7.597785e-01 2.222385e+00 1.265808e+00 -6.203169e-01 1.489593e+00 1.925828e+00 -6.203142e-01
2454504.023411 1.001510e+00 2.222346e+00 1.265859e+00 -6.203228e-01 1.489482e+00 1.925801e+00 -6.203200e-01
2454504.029501 9.133208e-01 2.222307e+00 1.265910e+00 -6.203286e-01 1.489371e+00 1.925774e+00 -6.203258e-01
2454504.035582 3.315825e-01 2.222268e+00 1.265961e+00 -6.203344e-01 1.489260e+00 1.925747e+00 -6.203317e-01
2454555.916890 1.077591e+00 1.840862e+00 1.670282e+00 -6.557304e-01 8.570714e-01 1.497409e+00 -6.557287e-01
2454555.931041 9.826044e-01 1.840745e+00 1.670383e+00 -6.557360e-01 8.569932e-01 1.497269e+00 -6.557343e-01
2454555.938142 9.825190e-01 1.840687e+00 1.670433e+00 -6.557388e-01 8.569540e-01 1.497199e+00 -6.557371e-01
2454561.961519 1.099425e+00 1.790575e+00 1.712735e+00 -6.579197e-01 8.283793e-01 1.438169e+00 -6.579182e-01
2454561.969090 9.143816e-01 1.790511e+00 1.712788e+00 -6.579222e-01 8.283492e-01 1.438096e+00 -6.579207e-01
2454561.976720 9.143009e-01 1.790447e+00 1.712840e+00 -6.579247e-01 8.283189e-01 1.438022e+00 -6.579232e-01
2454561.984311 1.002423e+00 1.790383e+00 1.712893e+00 -6.579272e-01 8.282887e-01 1.437949e+00 -6.579257e-01
2454572.947722 1.548493e+00 1.696249e+00 1.787057e+00 -6.608143e-01 7.995943e-01 1.335972e+00 -6.608133e-01
2454572.954142 1.412153e+00 1.696193e+00 1.787099e+00 -6.608156e-01 7.995859e-01 1.335915e+00 -6.608145e-01
2454572.960572 1.174504e+00 1.696136e+00 1.787142e+00 -6.608169e-01 7.995776e-01 1.335858e+00 -6.608158e-01
2454572.966993 1.174430e+00 1.696080e+00 1.787184e+00 -6.608181e-01 7.995692e-01 1.335801e+00 -6.608171e-01
2454584.878954 1.399299e+00 1.589681e+00 1.863410e+00 -6.623466e-01 7.998662e-01 1.238789e+00 -6.623461e-01
2454584.889144 1.276084e+00 1.589588e+00 1.863473e+00 -6.623472e-01 7.998793e-01 1.238714e+00 -6.623466e-01
2454584.899355 1.399098e+00 1.589495e+00 1.863536e+00 -6.623478e-01 7.998924e-01 1.238639e+00 -6.623472e-01
2454584.909545 1.275901e+00 1.589403e+00 1.863600e+00 -6.623483e-01 7.999056e-01 1.238564e+00 -6.623478e-01
2454591.829302 1.612372e+00 1.525703e+00 1.905688e+00 -6.624541e-01 8.134564e-01 1.191410e+00 -6.624539e-01
2454591.829832 1.470496e+00 1.525699e+00 1.905691e+00 -6.624541e-01 8.134577e-01 1.191407e+00 -6.624539e-01
2454591.837352 1.341057e+00 1.525629e+00 1.905736e+00 -6.624539e-01 8.134773e-01 1.191360e+00 -6.624537e-01
2454591.837882 1.612301e+00 1.525624e+00 1.905739e+00 -6.624539e-01 8.134787e-01 1.191357e+00 -6.624536e-01
2454591.845402 1.470379e+00 1.525554e+00 1.905784e+00 -6.624537e-01 8.134982e-01 1.191310e+00 -6.624534e-01
2454591.845952 1.470375e+00 1.525549e+00 1.905787e+00 -6.624537e-01 8.134997e-01 1.191306e+00 -6.624534e-01
2454591.853462 1.470318e+00 1.525479e+00 1.905832e+00 -6.624535e-01 8.135192e-01 1.191259e+00 -6.624532e-01
2454591.854012 1.340942e+00 1.525474e+00 1.905835e+00 -6.624534e-01 8.135206e-01 1.191256e+00 -6.624532e-01
2454624.791166 1.009141e+00 1.204721e+00 2.082415e+00 -6.549154e-01 9.727650e-01 1.094314e+00 -6.549165e-01
2454624.791826 9.203506e-01 1.204714e+00 2.082418e+00 -6.549151e-01 9.727692e-01 1.094314e+00 -6.549162e-01
2454624.799616 1.106542e+00 1.204635e+00 2.082455e+00 -6.549117e-01 9.728184e-01 1.094320e+00 -6.549128e-01
2454624.800276 1.213303e+00 1.204628e+00 2.082458e+00 -6.549114e-01 9.728226e-01 1.094321e+00 -6.549126e-01
2454624.808066 1.330405e+00 1.204549e+00 2.082495e+00 -6.549080e-01 9.728719e-01 1.094326e+00 -6.549092e-01
2454624.808716 1.009218e+00 1.204543e+00 2.082498e+00 -6.549078e-01 9.728760e-01 1.094327e+00 -6.549089e-01
2454624.816525 1.213388e+00 1.204463e+00 2.082535e+00 -6.549044e-01 9.729254e-01 1.094333e+00 -6.549055e-01
2454624.817155 1.213392e+00 1.204457e+00 2.082538e+00 -6.549041e-01 9.729294e-01 1.094333e+00 -6.549052e-01
2454648.703203 9.831623e-01 9.559291e-01 2.183906e+00 -6.409710e-01 1.125751e+00 1.181493e+00 -6.409729e-01
2454648.710663 8.967105e-01 9.558497e-01 2.183934e+00 -6.409655e-01 1.125796e+00 1.181542e+00 -6.409674e-01
2454648.718133 8.967663e-01 9.557701e-01 2.183962e+00 -6.409600e-01 1.125841e+00 1.181591e+00 -6.409619e-01
2454648.725612 8.179116e-01 9.556905e-01 2.183990e+00 -6.409545e-01 1.125886e+00 1.181640e+00 -6.409564e-01
2455073.858704 1.058761e+00 -2.442590e+00 -1.386583e-01 3.962701e-01 -1.513354e+00 -5.334389e-01 3.962681e-01
2455073.864695 8.806003e-01 -2.442590e+00 -1.387241e-01 3.962851e-01 -1.513315e+00 -5.334102e-01 3.962832e-01
2455073.870715 1.160805e+00 -2.442590e+00 -1.387902e-01 3.963003e-01 -1.513276e+00 -5.333814e-01 3.962983e-01
2455073.876615 1.160754e+00 -2.442590e+00 -1.388551e-01 3.963151e-01 -1.513238e+00 -5.333532e-01 3.963131e-01
2455090.815570 1.269859e+00 -2.436036e+00 -3.243440e-01 4.376799e-01 -1.437279e+00 -4.391291e-01 4.376771e-01
2455090.825910 1.392324e+00 -2.436028e+00 -3.244568e-01 4.377044e-01 -1.437253e+00 -4.390658e-01 4.377016e-01
2455090.836340 1.392275e+00 -2.436020e+00 -3.245706e-01 4.377292e-01 -1.437228e+00 -4.390020e-01 4.377264e-01
2455090.846710 1.269726e+00 -2.436012e+00 -3.246837e-01 4.377538e-01 -1.437202e+00 -4.389385e-01 4.377510e-01
2455099.907676 1.499423e+00 -2.427012e+00 -4.232525e-01 4.589115e-01 -1.425025e+00 -3.824589e-01 4.589084e-01
2455099.914966 1.644078e+00 -2.427003e+00 -4.233316e-01 4.589282e-01 -1.425024e+00 -3.824131e-01 4.589251e-01
2455120.760878 1.749457e+00 -2.392174e+00 -6.473704e-01 5.048726e-01 -1.473793e+00 -2.596546e-01 5.048690e-01
2455120.768828 1.918338e+00 -2.392157e+00 -6.474550e-01 5.048894e-01 -1.473831e+00 -2.596137e-01 5.048857e-01
2455120.776808 1.595686e+00 -2.392140e+00 -6.475398e-01 5.049062e-01 -1.473870e+00 -2.595726e-01 5.049026e-01
2455120.784758 1.455357e+00 -2.392123e+00 -6.476244e-01 5.049230e-01 -1.473908e+00 -2.595317e-01 5.049193e-01
2455127.785127 1.532913e+00 -2.376114e+00 -7.217758e-01 5.194607e-01 -1.513348e+00 -2.263154e-01 5.194569e-01
2455127.791757 1.532998e+00 -2.376098e+00 -7.218457e-01 5.194742e-01 -1.513391e+00 -2.262869e-01 5.194705e-01
2455127.798406 1.533084e+00 -2.376082e+00 -7.219158e-01 5.194878e-01 -1.513434e+00 -2.262582e-01 5.194841e-01
2455127.805026 1.163028e+00 -2.376066e+00 -7.219857e-01 5.195014e-01 -1.513476e+00 -2.262298e-01 5.194976e-01
2455145.687880 1.164702e+00 -2.325656e+00 -9.083865e-01 5.545282e-01 -1.660138e+00 -1.750443e-01 5.545244e-01
2455145.697270 1.277214e+00 -2.325626e+00 -9.084831e-01 5.545457e-01 -1.660231e+00 -1.750330e-01 5.545420e-01
2455145.713049 1.165053e+00 -2.325575e+00 -9.086454e-01 5.545753e-01 -1.660386e+00 -1.750139e-01 5.545715e-01
2455145.719758 1.062627e+00 -2.325554e+00 -9.087144e-01 5.545878e-01 -1.660452e+00 -1.750059e-01 5.545841e-01
2455182.572380 6.874785e-01 -2.180899e+00 -1.275631e+00 6.167545e-01 -2.096964e+00 -2.951174e-01 6.167517e-01
2455182.576940 9.937692e-01 -2.180878e+00 -1.275675e+00 6.167614e-01 -2.097022e+00 -2.951547e-01 6.167586e-01
2455182.581530 6.875622e-01 -2.180857e+00 -1.275719e+00 6.167682e-01 -2.097081e+00 -2.951923e-01 6.167655e-01
2455182.586039 9.938895e-01 -2.180836e+00 -1.275762e+00 6.167750e-01 -2.097139e+00 -2.952293e-01 6.167722e-01
1 0.5
