2	0.5	1000	 1	period_start period_step period_end fixed/free
0.0				initial epoch
0.0				initial rotation angle      
0.1				convexity weight      
3 3				degree and order of spherical harmonics      
6				number of rows        
0.5	1			scattering parameters
0.1	1
-0.5	1     
0.1	0			LS coeff                 
50				iteration stop condidion
10				minimum number of iterations (only if the above value < 1)
5				Alamda multiplicative factor
0.1				Alamda initial value
2
28 0 0.12 2004.11-2005.2 R 703_CATALINA
2453320.604463 4.410746e+00 -2.114306e+00 -5.775973e-01 4.862667e-01 -1.464597e+00 1.693477e-01 4.862729e-01
2453320.613332 4.023356e+00 -2.114319e+00 -5.776963e-01 4.862376e-01 -1.464728e+00 1.693483e-01 4.862438e-01
2453320.622142 3.052562e+00 -2.114333e+00 -5.777946e-01 4.862086e-01 -1.464858e+00 1.693488e-01 4.862148e-01
2453320.631031 2.539459e+00 -2.114346e+00 -5.778938e-01 4.861794e-01 -1.464990e+00 1.693494e-01 4.861856e-01
2453355.544296 3.814329e+00 -2.135631e+00 -9.569287e-01 3.647283e-01 -2.038800e+00 2.243575e-02 3.647369e-01
2453355.555195 3.479411e+00 -2.135628e+00 -9.570433e-01 3.646886e-01 -2.038987e+00 2.233886e-02 3.646972e-01
2453355.566114 2.639935e+00 -2.135625e+00 -9.571582e-01 3.646487e-01 -2.039174e+00 2.224177e-02 3.646574e-01
2453355.577013 2.640467e+00 -2.135622e+00 -9.572728e-01 3.646090e-01 -2.039361e+00 2.214482e-02 3.646176e-01
2453361.621006 2.451540e+00 -2.133151e+00 -1.020436e+00 3.424292e-01 -2.142414e+00 -3.680376e-02 3.424378e-01
2453361.629756 1.547059e-01 -2.133147e+00 -1.020527e+00 3.423969e-01 -2.142562e+00 -3.689660e-02 3.424055e-01
2453361.638425 2.948317e+00 -2.133142e+00 -1.020617e+00 3.423648e-01 -2.142709e+00 -3.698862e-02 3.423735e-01
2453361.647224 3.887253e+00 -2.133137e+00 -1.020709e+00 3.423324e-01 -2.142858e+00 -3.708203e-02 3.423410e-01
2453383.556653 4.253219e+00 -2.110322e+00 -1.242688e+00 2.598265e-01 -2.492913e+00 -3.366000e-01 2.598346e-01
2453383.565512 2.447808e+00 -2.110308e+00 -1.242775e+00 2.597926e-01 -2.493043e+00 -3.367474e-01 2.598007e-01
2453383.574301 2.448141e+00 -2.110295e+00 -1.242862e+00 2.597589e-01 -2.493171e+00 -3.368935e-01 2.597670e-01
2453383.583200 2.684704e+00 -2.110281e+00 -1.242950e+00 2.597249e-01 -2.493301e+00 -3.370415e-01 2.597330e-01
2453388.591073 3.176598e+00 -2.102167e+00 -1.292066e+00 2.404807e-01 -2.564348e+00 -4.235152e-01 2.404885e-01
2453388.598973 2.004534e+00 -2.102153e+00 -1.292143e+00 2.404502e-01 -2.564456e+00 -4.236565e-01 2.404580e-01
2453388.606842 3.177345e+00 -2.102140e+00 -1.292219e+00 2.404199e-01 -2.564565e+00 -4.237974e-01 2.404277e-01
2453388.614751 6.639197e+00 -2.102126e+00 -1.292297e+00 2.403894e-01 -2.564673e+00 -4.239389e-01 2.403972e-01
2453405.572612 3.670740e+00 -2.067174e+00 -1.453868e+00 1.744196e-01 -2.767612e+00 -7.601559e-01 1.744261e-01
2453405.573142 4.839010e+00 -2.067173e+00 -1.453873e+00 1.744176e-01 -2.767617e+00 -7.601674e-01 1.744240e-01
2453405.580071 4.025275e+00 -2.067156e+00 -1.453937e+00 1.743904e-01 -2.767686e+00 -7.603170e-01 1.743968e-01
2453405.580591 5.306382e+00 -2.067155e+00 -1.453942e+00 1.743883e-01 -2.767691e+00 -7.603282e-01 1.743948e-01
2453405.587530 4.414054e+00 -2.067138e+00 -1.454007e+00 1.743611e-01 -2.767761e+00 -7.604781e-01 1.743676e-01
2453405.588050 4.025692e+00 -2.067137e+00 -1.454011e+00 1.743591e-01 -2.767766e+00 -7.604893e-01 1.743655e-01
2453405.595030 4.026056e+00 -2.067120e+00 -1.454076e+00 1.743317e-01 -2.767836e+00 -7.606401e-01 1.743382e-01
2453405.595550 4.026083e+00 -2.067119e+00 -1.454081e+00 1.743297e-01 -2.767841e+00 -7.606513e-01 1.743361e-01
80 0 0.12 2006.11-2009.12 V 703_CATALINA
2454066.940686 3.021118e+00 2.026810e+00 -1.196529e+00 -1.058698e+00 2.444681e+00 -3.026478e-01 -1.058695e+00
2454066.952767 3.020636e+00 2.026845e+00 -1.196415e+00 -1.058671e+00 2.444524e+00 -3.024463e-01 -1.058667e+00
2454066.963248 3.020219e+00 2.026876e+00 -1.196316e+00 -1.058647e+00 2.444389e+00 -3.022714e-01 -1.058644e+00
2454066.973719 3.311147e+00 2.026907e+00 -1.196216e+00 -1.058624e+00 2.444254e+00 -3.020967e-01 -1.058620e+00
2454150.839607 2.787371e+00 2.132357e+00 -3.411554e-01 -8.031227e-01 1.274586e+00 1.501427e-01 -8.031194e-01
2454150.848297 2.786962e+00 2.132351e+00 -3.410620e-01 -8.030892e-01 1.274503e+00 1.501059e-01 -8.030860e-01
2454150.857038 2.541364e+00 2.132346e+00 -3.409680e-01 -8.030555e-01 1.274420e+00 1.500688e-01 -8.030523e-01
2454150.865728 2.317412e+00 2.132340e+00 -3.408745e-01 -8.030221e-01 1.274338e+00 1.500319e-01 -8.030188e-01
2454156.793439 2.101356e+00 2.127517e+00 -2.769943e-01 -7.798384e-01 1.221911e+00 1.225341e-01 -7.798355e-01
2454156.802109 1.916192e+00 2.127509e+00 -2.769007e-01 -7.798040e-01 1.221840e+00 1.224907e-01 -7.798010e-01
2454156.810760 1.915925e+00 2.127500e+00 -2.768073e-01 -7.797696e-01 1.221769e+00 1.224474e-01 -7.797667e-01
2454156.819450 2.100477e+00 2.127492e+00 -2.767134e-01 -7.797351e-01 1.221698e+00 1.224038e-01 -7.797322e-01
2454174.949530 3.091731e+00 2.100972e+00 -8.004540e-02 -7.045957e-01 1.111340e+00 1.743729e-02 -7.045940e-01
2454185.776560 3.326454e+00 2.076283e+00 3.783968e-02 -6.567206e-01 1.082835e+00 -5.137297e-02 -6.567198e-01
2454185.777090 3.326439e+00 2.076282e+00 3.784545e-02 -6.567182e-01 1.082834e+00 -5.137631e-02 -6.567174e-01
2454185.786960 3.033496e+00 2.076256e+00 3.795292e-02 -6.566736e-01 1.082821e+00 -5.143861e-02 -6.566728e-01
2454185.787510 3.033482e+00 2.076255e+00 3.795891e-02 -6.566711e-01 1.082820e+00 -5.144208e-02 -6.566703e-01
2454185.797380 2.766338e+00 2.076229e+00 3.806637e-02 -6.566264e-01 1.082807e+00 -5.150438e-02 -6.566256e-01
2454185.797920 2.766325e+00 2.076227e+00 3.807225e-02 -6.566240e-01 1.082806e+00 -5.150779e-02 -6.566232e-01
2454185.807820 2.522707e+00 2.076202e+00 3.818005e-02 -6.565792e-01 1.082793e+00 -5.157027e-02 -6.565784e-01
2454185.808360 2.522695e+00 2.076200e+00 3.818592e-02 -6.565767e-01 1.082792e+00 -5.157368e-02 -6.565759e-01
2454215.641080 1.579171e+00 1.971192e+00 3.610183e-01 -5.134112e-01 1.141858e+00 -2.081754e-01 -5.134126e-01
2454215.648140 1.440233e+00 1.971161e+00 3.610939e-01 -5.133754e-01 1.141894e+00 -2.082005e-01 -5.133769e-01
2454215.655190 1.579198e+00 1.971129e+00 3.611693e-01 -5.133397e-01 1.141929e+00 -2.082255e-01 -5.133412e-01
2454231.706399 1.376192e+00 1.890719e+00 5.310487e-01 -4.298927e-01 1.242208e+00 -2.430959e-01 -4.298953e-01
2454231.712809 1.814223e+00 1.890684e+00 5.311157e-01 -4.298586e-01 1.242255e+00 -2.431001e-01 -4.298611e-01
2454231.719289 2.181236e+00 1.890648e+00 5.311834e-01 -4.298240e-01 1.242303e+00 -2.431044e-01 -4.298266e-01
2454231.725719 2.622494e+00 1.890612e+00 5.312506e-01 -4.297898e-01 1.242350e+00 -2.431087e-01 -4.297923e-01
2454265.687930 1.810624e+00 1.661260e+00 8.715629e-01 -2.406110e-01 1.531737e+00 -1.357784e-01 -2.406152e-01
2454265.696080 1.506080e+00 1.661195e+00 8.716403e-01 -2.405639e-01 1.531809e+00 -1.357195e-01 -2.405681e-01
2454265.704250 1.142532e+00 1.661130e+00 8.717177e-01 -2.405166e-01 1.531881e+00 -1.356605e-01 -2.405208e-01
2454265.712419 9.503596e-01 1.661064e+00 8.717952e-01 -2.404694e-01 1.531953e+00 -1.356014e-01 -2.404736e-01
2454733.891505 3.020395e+00 -2.032887e+00 -1.572011e+00 1.231697e-01 -1.030230e+00 -1.544345e+00 1.231673e-01
2454733.898435 3.020259e+00 -2.032867e+00 -1.572073e+00 1.231423e-01 -1.030215e+00 -1.544288e+00 1.231399e-01
2454733.905186 3.311504e+00 -2.032848e+00 -1.572134e+00 1.231156e-01 -1.030201e+00 -1.544233e+00 1.231132e-01
2454733.911946 3.630832e+00 -2.032829e+00 -1.572194e+00 1.230889e-01 -1.030187e+00 -1.544178e+00 1.230865e-01
2454746.903163 3.701886e+00 -1.992771e+00 -1.686258e+00 7.155756e-02 -1.024731e+00 -1.438197e+00 7.155557e-02
2454746.909873 4.058915e+00 -1.992749e+00 -1.686316e+00 7.153088e-02 -1.024740e+00 -1.438143e+00 7.152889e-02
2454746.916603 3.701663e+00 -1.992727e+00 -1.686374e+00 7.150412e-02 -1.024748e+00 -1.438090e+00 7.150213e-02
2454746.923294 3.078816e+00 -1.992705e+00 -1.686431e+00 7.147751e-02 -1.024756e+00 -1.438036e+00 7.147553e-02
2454777.794429 3.066605e+00 -1.875719e+00 -1.938333e+00 -5.151831e-02 -1.176544e+00 -1.236161e+00 -5.151902e-02
2454777.803079 3.362612e+00 -1.875682e+00 -1.938399e+00 -5.155275e-02 -1.176616e+00 -1.236123e+00 -5.155346e-02
2454777.811739 4.432980e+00 -1.875646e+00 -1.938466e+00 -5.158724e-02 -1.176687e+00 -1.236085e+00 -5.158794e-02
2454777.820379 4.860879e+00 -1.875609e+00 -1.938533e+00 -5.162164e-02 -1.176758e+00 -1.236048e+00 -5.162234e-02
2454777.875748 6.409687e+00 -1.875373e+00 -1.938960e+00 -5.184210e-02 -1.177214e+00 -1.235807e+00 -5.184281e-02
2454777.885218 5.845986e+00 -1.875333e+00 -1.939033e+00 -5.187981e-02 -1.177292e+00 -1.235766e+00 -5.188051e-02
2454777.894798 4.862716e+00 -1.875292e+00 -1.939107e+00 -5.191795e-02 -1.177371e+00 -1.235724e+00 -5.191865e-02
2454777.904347 4.044828e+00 -1.875252e+00 -1.939180e+00 -5.195598e-02 -1.177449e+00 -1.235682e+00 -5.195668e-02
2454788.701025 3.308025e+00 -1.827715e+00 -2.020726e+00 -9.488780e-02 -1.276388e+00 -1.200352e+00 -9.488799e-02
2454788.707875 3.017136e+00 -1.827684e+00 -2.020776e+00 -9.491499e-02 -1.276456e+00 -1.200337e+00 -9.491518e-02
2454788.714705 2.509694e+00 -1.827653e+00 -2.020827e+00 -9.494211e-02 -1.276525e+00 -1.200323e+00 -9.494229e-02
2454788.721535 2.509844e+00 -1.827622e+00 -2.020877e+00 -9.496922e-02 -1.276593e+00 -1.200308e+00 -9.496941e-02
2454821.702172 3.460568e+00 -1.663854e+00 -2.248544e+00 -2.248386e-01 -1.656501e+00 -1.264861e+00 -2.248372e-01
2454821.710081 3.156445e+00 -1.663812e+00 -2.248595e+00 -2.248694e-01 -1.656597e+00 -1.264911e+00 -2.248680e-01
2454821.717911 1.991813e+00 -1.663770e+00 -2.248645e+00 -2.248999e-01 -1.656692e+00 -1.264961e+00 -2.248985e-01
2454821.725750 2.394965e+00 -1.663728e+00 -2.248695e+00 -2.249304e-01 -1.656787e+00 -1.265010e+00 -2.249291e-01
2454848.656093 3.574791e+00 -1.511778e+00 -2.410329e+00 -3.286328e-01 -1.958966e+00 -1.534088e+00 -3.286304e-01
2454848.663273 2.712037e+00 -1.511736e+00 -2.410369e+00 -3.286601e-01 -1.959036e+00 -1.534185e+00 -3.286577e-01
2454848.670552 2.712321e+00 -1.511693e+00 -2.410410e+00 -3.286877e-01 -1.959106e+00 -1.534283e+00 -3.286853e-01
2454848.677871 2.256248e+00 -1.511649e+00 -2.410451e+00 -3.287156e-01 -1.959177e+00 -1.534381e+00 -3.287131e-01
2454877.582179 4.357656e+00 -1.333225e+00 -2.559423e+00 -4.366647e-01 -2.155853e+00 -2.012724e+00 -4.366618e-01
2454877.587678 1.902310e+00 -1.333189e+00 -2.559448e+00 -4.366849e-01 -2.155872e+00 -2.012829e+00 -4.366819e-01
2454877.593078 3.306047e+00 -1.333155e+00 -2.559474e+00 -4.367047e-01 -2.155890e+00 -2.012932e+00 -4.367017e-01
2454877.598587 1.316247e+00 -1.333119e+00 -2.559500e+00 -4.367249e-01 -2.155909e+00 -2.013037e+00 -4.367219e-01
2455093.961259 9.767950e-01 2.701702e-01 -2.871757e+00 -1.059201e+00 1.272785e+00 -2.932839e+00 -1.059204e+00
2455093.966220 2.040736e+00 2.702086e-01 -2.871748e+00 -1.059210e+00 1.272827e+00 -2.932745e+00 -1.059213e+00
2455093.971190 1.411790e+00 2.702470e-01 -2.871739e+00 -1.059220e+00 1.272870e+00 -2.932651e+00 -1.059223e+00
2455093.976151 1.861031e+00 2.702854e-01 -2.871730e+00 -1.059229e+00 1.272912e+00 -2.932557e+00 -1.059232e+00
2455130.903900 2.315906e+00 5.536076e-01 -2.785997e+00 -1.121511e+00 1.387533e+00 -2.244955e+00 -1.121515e+00
2455130.913020 2.784074e+00 5.536768e-01 -2.785970e+00 -1.121525e+00 1.387515e+00 -2.244798e+00 -1.121528e+00
2455130.922161 2.315477e+00 5.537461e-01 -2.785944e+00 -1.121538e+00 1.387496e+00 -2.244641e+00 -1.121542e+00
2455130.931312 1.756306e+00 5.538155e-01 -2.785918e+00 -1.121552e+00 1.387477e+00 -2.244483e+00 -1.121555e+00
2455155.898971 2.144009e+00 7.411759e-01 -2.705539e+00 -1.154719e+00 1.263885e+00 -1.867065e+00 -1.154723e+00
2455155.904381 2.826194e+00 7.412160e-01 -2.705519e+00 -1.154726e+00 1.263845e+00 -1.866997e+00 -1.154729e+00
2455155.909842 2.143765e+00 7.412565e-01 -2.705500e+00 -1.154732e+00 1.263804e+00 -1.866928e+00 -1.154736e+00
2455155.915322 2.577224e+00 7.412971e-01 -2.705480e+00 -1.154738e+00 1.263763e+00 -1.866859e+00 -1.154742e+00
2455183.802299 3.129770e+00 9.447081e-01 -2.594566e+00 -1.182739e+00 1.007198e+00 -1.612558e+00 -1.182742e+00
2455183.806929 2.603133e+00 9.447412e-01 -2.594546e+00 -1.182743e+00 1.007151e+00 -1.612533e+00 -1.182746e+00
2455183.811559 3.129538e+00 9.447744e-01 -2.594526e+00 -1.182747e+00 1.007103e+00 -1.612508e+00 -1.182750e+00
2455183.816219 3.129421e+00 9.448078e-01 -2.594505e+00 -1.182751e+00 1.007055e+00 -1.612483e+00 -1.182754e+00
1 0.5
2 0.5
