2	0.5	1000	 1	period_start period_step period_end fixed/free
0.0				initial epoch
0.0				initial rotation angle      
0.1				convexity weight      
3 3				degree and order of spherical harmonics      
6				number of rows        
0.5	1			scattering parameters
0.1	1
-0.5	1     
0.1	0			LS coeff                 
50				iteration stop condidion
10				minimum number of iterations (only if the above value < 1)
5				Alamda multiplicative factor
0.1				Alamda initial value
1
117 0 0.12 2005.12-2010.3 V 703_CATALINA
2453709.975848 1.208822e+00 2.299200e+00 -7.965966e-01 -1.867347e-01 2.581519e+00 1.475004e-01 -1.867281e-01
2453709.982679 5.785363e-01 2.299219e+00 -7.965220e-01 -1.867515e-01 2.581423e+00 1.476081e-01 -1.867450e-01
2453709.989469 6.343063e-01 2.299237e+00 -7.964479e-01 -1.867683e-01 2.581327e+00 1.477152e-01 -1.867618e-01
2453709.996270 8.361180e-01 2.299256e+00 -7.963737e-01 -1.867851e-01 2.581232e+00 1.478225e-01 -1.867786e-01
2453732.977948 9.275928e-01 2.348634e+00 -5.417213e-01 -2.424538e-01 2.232987e+00 4.348566e-01 -2.424469e-01
2453732.986548 1.340637e+00 2.348648e+00 -5.416247e-01 -2.424742e-01 2.232851e+00 4.349352e-01 -2.424672e-01
2453732.995239 6.416007e-01 2.348662e+00 -5.415271e-01 -2.424948e-01 2.232714e+00 4.350146e-01 -2.424878e-01
2453733.003950 8.457038e-01 2.348676e+00 -5.414293e-01 -2.425154e-01 2.232577e+00 4.350942e-01 -2.425085e-01
2453743.997318 8.068909e-01 2.363218e+00 -4.173365e-01 -2.682420e-01 2.059604e+00 5.179942e-01 -2.682353e-01
2453744.001588 9.700426e-01 2.363223e+00 -4.172880e-01 -2.682519e-01 2.059537e+00 5.180197e-01 -2.682452e-01
2453744.005828 8.846406e-01 2.363227e+00 -4.172399e-01 -2.682617e-01 2.059471e+00 5.180450e-01 -2.682550e-01
2453744.010099 8.845916e-01 2.363232e+00 -4.171915e-01 -2.682716e-01 2.059404e+00 5.180704e-01 -2.682649e-01
2453758.979202 1.149651e+00 2.373359e+00 -2.465907e-01 -3.021892e-01 1.833812e+00 5.766805e-01 -3.021831e-01
2453758.987533 8.720014e-01 2.373361e+00 -2.464954e-01 -3.022077e-01 1.833693e+00 5.766967e-01 -3.022016e-01
2453758.995963 9.560219e-01 2.373364e+00 -2.463989e-01 -3.022264e-01 1.833572e+00 5.767131e-01 -3.022203e-01
2453759.004354 9.559139e-01 2.373366e+00 -2.463029e-01 -3.022450e-01 1.833451e+00 5.767295e-01 -3.022389e-01
2453765.989363 9.539016e-01 2.374223e+00 -1.662372e-01 -3.175897e-01 1.736208e+00 5.843794e-01 -3.175839e-01
2453765.994903 8.699036e-01 2.374223e+00 -1.661736e-01 -3.176017e-01 1.736134e+00 5.843809e-01 -3.175960e-01
2453766.000263 1.045779e+00 2.374223e+00 -1.661121e-01 -3.176134e-01 1.736062e+00 5.843824e-01 -3.176076e-01
2453766.005814 9.536901e-01 2.374222e+00 -1.660484e-01 -3.176254e-01 1.735987e+00 5.843838e-01 -3.176197e-01
2453773.960632 1.130192e+00 2.372176e+00 -7.465387e-02 -3.346959e-01 1.634042e+00 5.795617e-01 -3.346906e-01
2453773.967153 1.030659e+00 2.372173e+00 -7.457890e-02 -3.347097e-01 1.633963e+00 5.795523e-01 -3.347044e-01
2453773.973673 1.030570e+00 2.372170e+00 -7.450392e-02 -3.347236e-01 1.633884e+00 5.795429e-01 -3.347182e-01
2453773.980184 8.571167e-01 2.372167e+00 -7.442906e-02 -3.347373e-01 1.633805e+00 5.795335e-01 -3.347320e-01
2453787.009743 1.049008e+00 2.361829e+00 7.541585e-02 -3.616986e-01 1.491716e+00 5.451897e-01 -3.616942e-01
2453787.016403 1.048923e+00 2.361822e+00 7.549242e-02 -3.617121e-01 1.491652e+00 5.451651e-01 -3.617077e-01
2453787.023014 1.150029e+00 2.361814e+00 7.556842e-02 -3.617254e-01 1.491588e+00 5.451405e-01 -3.617210e-01
2453787.029654 1.048755e+00 2.361807e+00 7.564476e-02 -3.617388e-01 1.491525e+00 5.451159e-01 -3.617344e-01
2453798.914720 1.104127e+00 2.344794e+00 2.121023e-01 -3.851731e-01 1.393522e+00 4.920572e-01 -3.851697e-01
2453798.921330 1.210571e+00 2.344783e+00 2.121781e-01 -3.851858e-01 1.393477e+00 4.920235e-01 -3.851824e-01
2453798.928231 1.210487e+00 2.344771e+00 2.122572e-01 -3.851991e-01 1.393430e+00 4.919882e-01 -3.851956e-01
2453798.934991 1.455226e+00 2.344759e+00 2.123347e-01 -3.852121e-01 1.393383e+00 4.919537e-01 -3.852086e-01
2453817.838885 1.517518e+00 2.302825e+00 4.278768e-01 -4.200108e-01 1.307061e+00 3.848764e-01 -4.200091e-01
2453817.848015 1.517454e+00 2.302801e+00 4.279802e-01 -4.200269e-01 1.307041e+00 3.848223e-01 -4.200251e-01
2453817.857156 1.517390e+00 2.302776e+00 4.280838e-01 -4.200429e-01 1.307021e+00 3.847681e-01 -4.200411e-01
2453817.866276 1.517326e+00 2.302752e+00 4.281871e-01 -4.200589e-01 1.307000e+00 3.847141e-01 -4.200572e-01
2453833.827948 1.617812e+00 2.253253e+00 6.076188e-01 -4.468814e-01 1.302423e+00 2.938609e-01 -4.468812e-01
2453833.847378 1.617848e+00 2.253185e+00 6.078354e-01 -4.469125e-01 1.302454e+00 2.937587e-01 -4.469123e-01
2453833.908288 1.617962e+00 2.252972e+00 6.085142e-01 -4.470101e-01 1.302553e+00 2.934388e-01 -4.470100e-01
2453843.790276 1.518272e+00 2.215925e+00 7.179551e-01 -4.623603e-01 1.329609e+00 2.461468e-01 -4.623611e-01
2453843.790806 1.151729e+00 2.215923e+00 7.179609e-01 -4.623611e-01 1.329611e+00 2.461445e-01 -4.623619e-01
2453843.799616 1.518336e+00 2.215888e+00 7.180578e-01 -4.623744e-01 1.329645e+00 2.461071e-01 -4.623752e-01
2453843.800156 1.384742e+00 2.215886e+00 7.180638e-01 -4.623752e-01 1.329647e+00 2.461048e-01 -4.623760e-01
2453843.808936 1.664893e+00 2.215851e+00 7.181604e-01 -4.623884e-01 1.329681e+00 2.460675e-01 -4.623892e-01
2453843.818246 1.518464e+00 2.215814e+00 7.182628e-01 -4.624024e-01 1.329716e+00 2.460280e-01 -4.624032e-01
2453843.818786 8.737871e-01 2.215812e+00 7.182687e-01 -4.624032e-01 1.329718e+00 2.460257e-01 -4.624040e-01
2453852.774913 1.459634e+00 2.178091e+00 8.161220e-01 -4.754517e-01 1.372036e+00 2.133623e-01 -4.754533e-01
2453852.782183 1.331271e+00 2.178059e+00 8.162009e-01 -4.754619e-01 1.372077e+00 2.133405e-01 -4.754636e-01
2453852.789413 1.600622e+00 2.178027e+00 8.162793e-01 -4.754721e-01 1.372117e+00 2.133189e-01 -4.754738e-01
2453852.796723 1.331409e+00 2.177995e+00 8.163586e-01 -4.754824e-01 1.372158e+00 2.132970e-01 -4.754841e-01
2453858.761711 1.395147e+00 2.150722e+00 8.807273e-01 -4.837044e-01 1.408754e+00 1.983633e-01 -4.837066e-01
2453858.769781 1.272477e+00 2.150684e+00 8.808139e-01 -4.837153e-01 1.408808e+00 1.983472e-01 -4.837175e-01
2453858.777881 1.272564e+00 2.150645e+00 8.809009e-01 -4.837262e-01 1.408862e+00 1.983311e-01 -4.837284e-01
2453858.785980 1.395435e+00 2.150607e+00 8.809878e-01 -4.837371e-01 1.408916e+00 1.983150e-01 -4.837393e-01
2454244.894450 9.467860e-01 -1.479780e+00 2.253499e+00 -2.101483e-01 -1.943370e+00 1.353216e+00 -2.101516e-01
2454244.899311 8.634405e-01 -1.479825e+00 2.253478e+00 -2.101377e-01 -1.943342e+00 1.353156e+00 -2.101410e-01
2454244.904181 5.973284e-01 -1.479870e+00 2.253456e+00 -2.101270e-01 -1.943314e+00 1.353096e+00 -2.101303e-01
2454244.909041 8.633636e-01 -1.479914e+00 2.253435e+00 -2.101164e-01 -1.943285e+00 1.353036e+00 -2.101197e-01
2454346.680949 1.112685e+00 -2.286470e+00 1.653629e+00 2.262172e-02 -1.337214e+00 1.311975e+00 2.261867e-02
2454346.687399 1.014835e+00 -2.286512e+00 1.653582e+00 2.263673e-02 -1.337221e+00 1.312033e+00 2.263368e-02
2454346.693809 1.220163e+00 -2.286553e+00 1.653536e+00 2.265165e-02 -1.337227e+00 1.312090e+00 2.264860e-02
2454346.700258 1.014941e+00 -2.286595e+00 1.653489e+00 2.266666e-02 -1.337233e+00 1.312147e+00 2.266361e-02
2454347.718827 1.230590e+00 -2.293203e+00 1.646136e+00 2.503682e-02 -1.338340e+00 1.321269e+00 2.503380e-02
2454347.727306 1.622350e+00 -2.293258e+00 1.646075e+00 2.505655e-02 -1.338350e+00 1.321345e+00 2.505353e-02
2454347.735816 1.122472e+00 -2.293313e+00 1.646014e+00 2.507635e-02 -1.338360e+00 1.321422e+00 2.507333e-02
2454347.744296 1.230854e+00 -2.293368e+00 1.645952e+00 2.509608e-02 -1.338371e+00 1.321498e+00 2.509306e-02
2454738.883642 2.294934e+00 -2.359129e+00 -1.715092e+00 6.732983e-01 -1.363901e+00 -1.602100e+00 6.732960e-01
2454738.894602 1.908666e+00 -2.359065e+00 -1.715172e+00 6.733041e-01 -1.363862e+00 -1.601993e+00 6.733018e-01
2454738.905573 2.515878e+00 -2.359001e+00 -1.715252e+00 6.733099e-01 -1.363822e+00 -1.601887e+00 6.733077e-01
2454738.916594 2.515645e+00 -2.358937e+00 -1.715333e+00 6.733157e-01 -1.363783e+00 -1.601780e+00 6.733135e-01
2454747.950242 1.950541e+00 -2.305239e+00 -1.780570e+00 6.777991e-01 -1.342121e+00 -1.515168e+00 6.777972e-01
2454747.957443 1.950443e+00 -2.305195e+00 -1.780622e+00 6.778024e-01 -1.342113e+00 -1.515100e+00 6.778005e-01
2454747.964583 2.138511e+00 -2.305152e+00 -1.780673e+00 6.778057e-01 -1.342104e+00 -1.515033e+00 6.778038e-01
2454747.971893 2.344709e+00 -2.305108e+00 -1.780725e+00 6.778091e-01 -1.342095e+00 -1.514964e+00 6.778072e-01
2454767.801990 2.127421e+00 -2.179981e+00 -1.918202e+00 6.854940e-01 -1.367373e+00 -1.346685e+00 6.854928e-01
2454767.809850 1.769477e+00 -2.179930e+00 -1.918255e+00 6.854964e-01 -1.367401e+00 -1.346627e+00 6.854953e-01
2454767.817800 2.127337e+00 -2.179878e+00 -1.918308e+00 6.854989e-01 -1.367430e+00 -1.346569e+00 6.854978e-01
2454773.789900 2.531953e+00 -2.140301e+00 -1.958090e+00 6.872265e-01 -1.392925e+00 -1.305941e+00 6.872256e-01
2454773.795640 2.105976e+00 -2.140263e+00 -1.958128e+00 6.872280e-01 -1.392953e+00 -1.305905e+00 6.872271e-01
2454773.801520 2.309145e+00 -2.140223e+00 -1.958166e+00 6.872296e-01 -1.392982e+00 -1.305868e+00 6.872287e-01
2454773.807280 2.105955e+00 -2.140185e+00 -1.958204e+00 6.872311e-01 -1.393010e+00 -1.305832e+00 6.872302e-01
2454773.843120 2.309062e+00 -2.139944e+00 -1.958441e+00 6.872407e-01 -1.393186e+00 -1.305606e+00 6.872398e-01
2454773.848450 2.531825e+00 -2.139909e+00 -1.958476e+00 6.872421e-01 -1.393212e+00 -1.305573e+00 6.872412e-01
2454773.853850 2.531813e+00 -2.139873e+00 -1.958511e+00 6.872435e-01 -1.393239e+00 -1.305539e+00 6.872426e-01
2454773.859180 2.105860e+00 -2.139837e+00 -1.958547e+00 6.872449e-01 -1.393265e+00 -1.305505e+00 6.872440e-01
2454789.714551 1.787896e+00 -2.030634e+00 -2.060312e+00 6.904913e-01 -1.494150e+00 -1.230407e+00 6.904911e-01
2454789.723641 1.960450e+00 -2.030569e+00 -2.060369e+00 6.904926e-01 -1.494219e+00 -1.230379e+00 6.904924e-01
2454789.732630 1.960509e+00 -2.030506e+00 -2.060425e+00 6.904938e-01 -1.494288e+00 -1.230352e+00 6.904937e-01
2454789.741540 2.149720e+00 -2.030443e+00 -2.060480e+00 6.904951e-01 -1.494356e+00 -1.230325e+00 6.904950e-01
2454801.736801 1.574858e+00 -1.943985e+00 -2.133612e+00 6.916524e-01 -1.595143e+00 -1.211386e+00 6.916529e-01
2454801.744721 1.726880e+00 -1.943926e+00 -2.133659e+00 6.916528e-01 -1.595214e+00 -1.211385e+00 6.916533e-01
2454801.752490 2.076264e+00 -1.943869e+00 -2.133705e+00 6.916532e-01 -1.595284e+00 -1.211385e+00 6.916537e-01
2454801.760350 2.076362e+00 -1.943812e+00 -2.133752e+00 6.916536e-01 -1.595355e+00 -1.211384e+00 6.916540e-01
2455151.916466 1.875801e+00 1.285856e+00 -2.271046e+00 2.419890e-01 1.866504e+00 -1.470570e+00 2.419853e-01
2455151.928147 8.976776e-01 1.285956e+00 -2.270975e+00 2.419609e-01 1.866438e+00 -1.470382e+00 2.419572e-01
2455151.939908 8.975393e-01 1.286057e+00 -2.270905e+00 2.419325e-01 1.866372e+00 -1.470193e+00 2.419288e-01
2455151.951649 1.559504e+00 1.286158e+00 -2.270834e+00 2.419042e-01 1.866306e+00 -1.470005e+00 2.419005e-01
2455161.968975 7.845528e-01 1.371062e+00 -2.208618e+00 2.175790e-01 1.800670e+00 -1.320135e+00 2.175755e-01
2455161.974415 7.844943e-01 1.371107e+00 -2.208584e+00 2.175657e-01 1.800630e+00 -1.320060e+00 2.175622e-01
2455161.979906 7.154134e-01 1.371153e+00 -2.208548e+00 2.175523e-01 1.800589e+00 -1.319984e+00 2.175487e-01
2455161.985376 1.034010e+00 1.371199e+00 -2.208514e+00 2.175389e-01 1.800549e+00 -1.319909e+00 2.175353e-01
2455162.940835 1.020541e+00 1.379180e+00 -2.202385e+00 2.151990e-01 1.793402e+00 -1.306816e+00 2.151956e-01
2455162.949416 1.020420e+00 1.379251e+00 -2.202330e+00 2.151780e-01 1.793338e+00 -1.306699e+00 2.151745e-01
2455162.957996 7.058749e-01 1.379323e+00 -2.202275e+00 2.151570e-01 1.793273e+00 -1.306583e+00 2.151535e-01
2455162.966507 7.738861e-01 1.379394e+00 -2.202220e+00 2.151361e-01 1.793208e+00 -1.306467e+00 2.151327e-01
2455232.743460 1.660439e+00 1.895666e+00 -1.667917e+00 3.759074e-02 1.184382e+00 -9.851631e-01 3.759111e-02
2455232.748700 1.996248e+00 1.895699e+00 -1.667871e+00 3.757709e-02 1.184352e+00 -9.851823e-01 3.757746e-02
2455232.753900 1.820563e+00 1.895732e+00 -1.667825e+00 3.756355e-02 1.184321e+00 -9.852013e-01 3.756392e-02
2455232.759130 1.996169e+00 1.895765e+00 -1.667779e+00 3.754993e-02 1.184290e+00 -9.852205e-01 3.755030e-02
2455241.797738 1.355373e+00 1.951434e+00 -1.586898e+00 1.398566e-02 1.139178e+00 -1.025247e+00 1.398669e-02
2455241.805288 1.486133e+00 1.951479e+00 -1.586830e+00 1.396596e-02 1.139147e+00 -1.025285e+00 1.396699e-02
2455241.812818 1.486129e+00 1.951525e+00 -1.586761e+00 1.394632e-02 1.139117e+00 -1.025324e+00 1.394735e-02
2455241.820338 1.355362e+00 1.951570e+00 -1.586693e+00 1.392670e-02 1.139086e+00 -1.025363e+00 1.392773e-02
2455259.754173 9.859530e-01 2.053119e+00 -1.419167e+00 -3.285492e-02 1.102846e+00 -1.136099e+00 -3.285267e-02
2455259.759903 1.081111e+00 2.053150e+00 -1.419112e+00 -3.286985e-02 1.102847e+00 -1.136138e+00 -3.286760e-02
2455259.765633 1.081146e+00 2.053180e+00 -1.419057e+00 -3.288478e-02 1.102848e+00 -1.136178e+00 -3.288253e-02
2455259.771423 1.185492e+00 2.053211e+00 -1.419001e+00 -3.289987e-02 1.102848e+00 -1.136219e+00 -3.289761e-02
1 0.5
