2	0.5	1000	 1	period_start period_step period_end fixed/free
0.0				initial epoch
0.0				initial rotation angle      
0.1				convexity weight      
3 3				degree and order of spherical harmonics      
6				number of rows        
0.5	1			scattering parameters
0.1	1
-0.5	1     
0.1	0			LS coeff                 
50				iteration stop condidion
10				minimum number of iterations (only if the above value < 1)
5				Alamda multiplicative factor
0.1				Alamda initial value
2
36 0 0.12 1999.6-2004.11 R 703_CATALINA
2451335.705215 6.974381e+00 1.144294e+00 2.211974e+00 -1.960487e-01 8.831954e-01 1.231444e+00 -1.960704e-01
2451335.721404 7.647833e+00 1.144131e+00 2.212049e+00 -1.960684e-01 8.832965e-01 1.231445e+00 -1.960900e-01
2451335.737544 9.195407e+00 1.143968e+00 2.212123e+00 -1.960879e-01 8.833972e-01 1.231447e+00 -1.961096e-01
2451335.753643 9.196097e+00 1.143805e+00 2.212196e+00 -1.961074e-01 8.834977e-01 1.231449e+00 -1.961291e-01
2453148.926388 7.088066e+00 -1.512789e+00 1.922638e+00 -3.314956e-01 -1.979416e+00 1.023930e+00 -3.315043e-01
2453148.932119 5.376527e+00 -1.512841e+00 1.922599e+00 -3.314942e-01 -1.979382e+00 1.023846e+00 -3.315029e-01
2453148.937859 6.463620e+00 -1.512893e+00 1.922560e+00 -3.314928e-01 -1.979348e+00 1.023761e+00 -3.315015e-01
2453148.943609 6.463234e+00 -1.512945e+00 1.922522e+00 -3.314914e-01 -1.979313e+00 1.023676e+00 -3.315001e-01
2453158.896123 1.010421e+01 -1.601500e+00 1.853536e+00 -3.287389e-01 -1.912820e+00 8.881997e-01 -3.287482e-01
2453158.903764 1.010337e+01 -1.601567e+00 1.853482e+00 -3.287365e-01 -1.912764e+00 8.881045e-01 -3.287458e-01
2453158.911484 9.213609e+00 -1.601635e+00 1.853427e+00 -3.287341e-01 -1.912707e+00 8.880084e-01 -3.287435e-01
2453158.919185 1.214489e+01 -1.601702e+00 1.853372e+00 -3.287317e-01 -1.912650e+00 8.879125e-01 -3.287411e-01
2453169.882392 7.447027e+00 -1.695631e+00 1.773218e+00 -3.249601e-01 -1.825845e+00 7.659442e-01 -3.249697e-01
2453169.890673 8.164749e+00 -1.695701e+00 1.773156e+00 -3.249569e-01 -1.825775e+00 7.658633e-01 -3.249666e-01
2453169.899003 8.951641e+00 -1.695771e+00 1.773093e+00 -3.249538e-01 -1.825705e+00 7.657819e-01 -3.249634e-01
2453169.907344 8.163234e+00 -1.695841e+00 1.773030e+00 -3.249506e-01 -1.825635e+00 7.657004e-01 -3.249603e-01
2453175.921135 8.369847e+00 -1.745685e+00 1.727276e+00 -3.225561e-01 -1.774060e+00 7.114990e-01 -3.225658e-01
2453175.928576 9.176592e+00 -1.745746e+00 1.727219e+00 -3.225530e-01 -1.773995e+00 7.114376e-01 -3.225627e-01
2453175.936016 8.368456e+00 -1.745807e+00 1.727161e+00 -3.225499e-01 -1.773931e+00 7.113762e-01 -3.225596e-01
2453175.943457 9.175067e+00 -1.745868e+00 1.727104e+00 -3.225468e-01 -1.773866e+00 7.113148e-01 -3.225565e-01
2453238.751286 1.420222e+01 -2.187585e+00 1.183572e+00 -2.844741e-01 -1.325457e+00 6.544602e-01 -2.844798e-01
2453238.759776 1.420219e+01 -2.187634e+00 1.183491e+00 -2.844675e-01 -1.325433e+00 6.545037e-01 -2.844732e-01
2453238.768286 1.295252e+01 -2.187684e+00 1.183411e+00 -2.844608e-01 -1.325408e+00 6.545473e-01 -2.844665e-01
2453238.776796 1.707471e+01 -2.187733e+00 1.183330e+00 -2.844541e-01 -1.325383e+00 6.545909e-01 -2.844598e-01
2453244.723046 1.715540e+01 -2.221501e+00 1.126582e+00 -2.796886e-01 -1.311792e+00 6.872046e-01 -2.796935e-01
2453244.734326 1.715576e+01 -2.221564e+00 1.126473e+00 -2.796794e-01 -1.311773e+00 6.872703e-01 -2.796842e-01
2453244.745656 1.715612e+01 -2.221627e+00 1.126364e+00 -2.796701e-01 -1.311755e+00 6.873363e-01 -2.796750e-01
2453244.757006 1.564689e+01 -2.221690e+00 1.126255e+00 -2.796608e-01 -1.311736e+00 6.874024e-01 -2.796657e-01
2453296.658395 8.186484e+00 -2.452186e+00 6.036215e-01 -2.306191e-01 -1.549684e+00 1.025419e+00 -2.306161e-01
2453296.668674 8.977494e+00 -2.452220e+00 6.035141e-01 -2.306082e-01 -1.549795e+00 1.025471e+00 -2.306051e-01
2453296.679093 3.919346e+00 -2.452255e+00 6.034053e-01 -2.305971e-01 -1.549909e+00 1.025524e+00 -2.305941e-01
2453296.689743 8.189802e+00 -2.452290e+00 6.032941e-01 -2.305858e-01 -1.550024e+00 1.025578e+00 -2.305827e-01
2453322.643477 9.561229e+00 -2.522969e+00 3.291473e-01 -2.016457e-01 -1.900705e+00 1.098506e+00 -2.016393e-01
2453322.651076 8.720794e+00 -2.522985e+00 3.290663e-01 -2.016369e-01 -1.900826e+00 1.098507e+00 -2.016305e-01
2453322.658635 8.721638e+00 -2.523001e+00 3.289857e-01 -2.016281e-01 -1.900945e+00 1.098508e+00 -2.016217e-01
2453322.666165 1.149847e+01 -2.523017e+00 3.289054e-01 -2.016193e-01 -1.901064e+00 1.098508e+00 -2.016129e-01
88 0 0.12 2003.5-2010.11 V 703_CATALINA
2452764.729253 4.892202e+00 2.250329e+00 1.271834e+00 -1.117213e-02 1.528418e+00 5.676349e-01 -1.118059e-02
2452764.740333 4.069371e+00 2.250264e+00 1.271933e+00 -1.118839e-02 1.528483e+00 5.675970e-01 -1.119685e-02
2452764.751382 4.069585e+00 2.250199e+00 1.272032e+00 -1.120461e-02 1.528548e+00 5.675591e-01 -1.121307e-02
2452764.762442 6.450198e+00 2.250134e+00 1.272131e+00 -1.122084e-02 1.528613e+00 5.675212e-01 -1.122931e-02
2452781.751355 6.024646e+00 2.145006e+00 1.420894e+00 -3.610839e-02 1.649908e+00 5.379836e-01 -3.611882e-02
2452781.761244 3.801615e+00 2.144941e+00 1.420978e+00 -3.612283e-02 1.649989e+00 5.379844e-01 -3.613327e-02
2452781.771124 3.801936e+00 2.144877e+00 1.421063e+00 -3.613727e-02 1.650071e+00 5.379852e-01 -3.614770e-02
2452781.781013 3.162579e+00 2.144813e+00 1.421147e+00 -3.615171e-02 1.650152e+00 5.379860e-01 -3.616215e-02
2453705.853888 1.358711e+01 -6.057961e-01 -2.705303e+00 2.914764e-01 -2.551793e-01 -1.783723e+00 2.914828e-01
2453705.864188 1.358677e+01 -6.056966e-01 -2.705328e+00 2.914858e-01 -2.552484e-01 -1.783685e+00 2.914922e-01
2453705.874548 1.358642e+01 -6.055965e-01 -2.705353e+00 2.914953e-01 -2.553178e-01 -1.783648e+00 2.915016e-01
2453705.884938 1.358608e+01 -6.054962e-01 -2.705379e+00 2.915048e-01 -2.553874e-01 -1.783610e+00 2.915111e-01
2453711.823703 1.346444e+01 -5.479860e-01 -2.719115e+00 2.968624e-01 -2.967882e-01 -1.766527e+00 2.968690e-01
2453711.828193 1.476342e+01 -5.479424e-01 -2.719125e+00 2.968664e-01 -2.968206e-01 -1.766518e+00 2.968730e-01
2453711.832693 1.476338e+01 -5.478987e-01 -2.719135e+00 2.968704e-01 -2.968530e-01 -1.766508e+00 2.968770e-01
2453711.837213 1.476335e+01 -5.478549e-01 -2.719145e+00 2.968744e-01 -2.968856e-01 -1.766499e+00 2.968810e-01
2453725.866086 9.537056e+00 -4.110087e-01 -2.746388e+00 3.089585e-01 -4.025753e-01 -1.762678e+00 3.089655e-01
2453725.873076 9.537315e+00 -4.109402e-01 -2.746400e+00 3.089644e-01 -4.026290e-01 -1.762689e+00 3.089713e-01
2453725.880086 1.045774e+01 -4.108715e-01 -2.746412e+00 3.089702e-01 -4.026829e-01 -1.762701e+00 3.089771e-01
2453725.887116 9.537835e+00 -4.108026e-01 -2.746423e+00 3.089761e-01 -4.027369e-01 -1.762712e+00 3.089830e-01
2453731.754023 9.807331e+00 -3.532274e-01 -2.755639e+00 3.137860e-01 -4.475969e-01 -1.776735e+00 3.137930e-01
2453731.762623 1.075404e+01 -3.531429e-01 -2.755652e+00 3.137930e-01 -4.476621e-01 -1.776762e+00 3.137999e-01
2453731.771243 1.075456e+01 -3.530582e-01 -2.755665e+00 3.137999e-01 -4.477274e-01 -1.776790e+00 3.138069e-01
2453731.779843 1.179270e+01 -3.529737e-01 -2.755677e+00 3.138069e-01 -4.477925e-01 -1.776817e+00 3.138138e-01
2454090.992352 4.827155e+00 2.503349e+00 -1.082368e+00 2.923325e-01 2.514101e+00 -9.868377e-02 2.923369e-01
2454091.002553 5.292240e+00 2.503386e+00 -1.082271e+00 2.923230e-01 2.513960e+00 -9.858596e-02 2.923275e-01
2454091.012814 5.291607e+00 2.503423e+00 -1.082174e+00 2.923135e-01 2.513817e+00 -9.848760e-02 2.923180e-01
2454091.023025 5.801440e+00 2.503459e+00 -1.082078e+00 2.923041e-01 2.513675e+00 -9.838975e-02 2.923085e-01
2454170.772241 9.252521e+00 2.670838e+00 -2.890002e-01 2.061931e-01 1.692013e+00 -1.200447e-01 2.061951e-01
2454170.777611 1.014501e+01 2.670841e+00 -2.889450e-01 2.061866e-01 1.691999e+00 -1.200809e-01 2.061885e-01
2454170.782981 1.014484e+01 2.670844e+00 -2.888899e-01 2.061800e-01 1.691985e+00 -1.201171e-01 2.061820e-01
2454170.788311 1.014467e+01 2.670847e+00 -2.888351e-01 2.061735e-01 1.691971e+00 -1.201531e-01 2.061755e-01
2454241.676720 4.638879e+00 2.605721e+00 4.411400e-01 1.128881e-01 2.094521e+00 -4.322740e-01 1.128849e-01
2454241.685859 5.577681e+00 2.605699e+00 4.412331e-01 1.128753e-01 2.094633e+00 -4.322610e-01 1.128722e-01
2454241.695009 4.639749e+00 2.605677e+00 4.413263e-01 1.128626e-01 2.094744e+00 -4.322478e-01 1.128594e-01
2454241.704178 4.640184e+00 2.605655e+00 4.414197e-01 1.128497e-01 2.094856e+00 -4.322347e-01 1.128466e-01
2455039.938002 4.908799e+00 -2.336300e+00 -1.278868e+00 7.178370e-03 -1.762574e+00 -2.116763e+00 7.178250e-03
2455039.943453 4.908582e+00 -2.336276e+00 -1.278919e+00 7.186160e-03 -1.762474e+00 -2.116762e+00 7.186040e-03
2455039.949063 4.476477e+00 -2.336252e+00 -1.278972e+00 7.194180e-03 -1.762372e+00 -2.116760e+00 7.194060e-03
2455039.954613 4.476276e+00 -2.336227e+00 -1.279024e+00 7.202120e-03 -1.762270e+00 -2.116759e+00 7.201990e-03
2455042.910417 5.759583e+00 -2.323169e+00 -1.306787e+00 1.142661e-02 -1.708813e+00 -2.114947e+00 1.142631e-02
2455042.914898 5.252608e+00 -2.323149e+00 -1.306829e+00 1.143301e-02 -1.708733e+00 -2.114943e+00 1.143271e-02
2455042.919268 4.790261e+00 -2.323129e+00 -1.306870e+00 1.143925e-02 -1.708654e+00 -2.114938e+00 1.143896e-02
2455042.923688 4.368610e+00 -2.323110e+00 -1.306912e+00 1.144557e-02 -1.708575e+00 -2.114934e+00 1.144528e-02
2455125.813591 1.063293e+01 -1.837735e+00 -2.001464e+00 1.272540e-01 -9.580343e-01 -1.535573e+00 1.272503e-01
2455125.821722 1.063240e+01 -1.837677e+00 -2.001524e+00 1.272649e-01 -9.580443e-01 -1.535509e+00 1.272612e-01
2455125.829812 1.063188e+01 -1.837620e+00 -2.001582e+00 1.272758e-01 -9.580542e-01 -1.535446e+00 1.272721e-01
2455125.837932 1.063135e+01 -1.837562e+00 -2.001641e+00 1.272867e-01 -9.580641e-01 -1.535382e+00 1.272830e-01
2455125.881754 6.116079e+00 -1.837250e+00 -2.001960e+00 1.273455e-01 -9.581181e-01 -1.535037e+00 1.273418e-01
2455125.887364 6.115871e+00 -1.837210e+00 -2.002001e+00 1.273530e-01 -9.581250e-01 -1.534993e+00 1.273493e-01
2455125.893044 9.692671e+00 -1.837170e+00 -2.002042e+00 1.273606e-01 -9.581321e-01 -1.534948e+00 1.273569e-01
2455125.898724 6.705459e+00 -1.837130e+00 -2.002083e+00 1.273682e-01 -9.581391e-01 -1.534904e+00 1.273645e-01
2455125.943856 8.059532e+00 -1.836809e+00 -2.002411e+00 1.274288e-01 -9.581953e-01 -1.534549e+00 1.274251e-01
2455125.951436 8.059163e+00 -1.836755e+00 -2.002466e+00 1.274390e-01 -9.582048e-01 -1.534490e+00 1.274352e-01
2455125.958956 1.164851e+01 -1.836701e+00 -2.002521e+00 1.274491e-01 -9.582143e-01 -1.534431e+00 1.274453e-01
2455125.966547 1.062308e+01 -1.836647e+00 -2.002576e+00 1.274592e-01 -9.582238e-01 -1.534371e+00 1.274555e-01
2455126.845496 1.270528e+01 -1.830383e+00 -2.008952e+00 1.286377e-01 -9.594195e-01 -1.527514e+00 1.286340e-01
2455126.853156 1.270472e+01 -1.830329e+00 -2.009008e+00 1.286480e-01 -9.594307e-01 -1.527455e+00 1.286442e-01
2455126.860746 8.015779e+00 -1.830274e+00 -2.009063e+00 1.286581e-01 -9.594419e-01 -1.527396e+00 1.286544e-01
2455126.868487 8.015418e+00 -1.830219e+00 -2.009119e+00 1.286685e-01 -9.594532e-01 -1.527336e+00 1.286648e-01
2455128.887360 9.528822e+00 -1.815752e+00 -2.023676e+00 1.313697e-01 -9.628941e-01 -1.511934e+00 1.313660e-01
2455128.897570 1.044758e+01 -1.815678e+00 -2.023749e+00 1.313834e-01 -9.629139e-01 -1.511857e+00 1.313796e-01
2455128.907650 1.256008e+01 -1.815606e+00 -2.023821e+00 1.313968e-01 -9.629335e-01 -1.511782e+00 1.313931e-01
2455128.917811 1.145431e+01 -1.815533e+00 -2.023894e+00 1.314104e-01 -9.629532e-01 -1.511705e+00 1.314066e-01
2455144.839362 1.091567e+01 -1.697703e+00 -2.134387e+00 1.524249e-01 -1.021211e+00 -1.410881e+00 1.524211e-01
2455144.845853 9.955172e+00 -1.697653e+00 -2.134431e+00 1.524333e-01 -1.021245e+00 -1.410848e+00 1.524295e-01
2455144.852553 1.091559e+01 -1.697602e+00 -2.134475e+00 1.524421e-01 -1.021280e+00 -1.410815e+00 1.524383e-01
2455144.859103 9.955101e+00 -1.697553e+00 -2.134519e+00 1.524506e-01 -1.021315e+00 -1.410782e+00 1.524468e-01
2455150.786282 1.200007e+01 -1.652061e+00 -2.173660e+00 1.601340e-01 -1.055472e+00 -1.384683e+00 1.601303e-01
2455150.795202 1.200022e+01 -1.651992e+00 -2.173718e+00 1.601455e-01 -1.055528e+00 -1.384649e+00 1.601418e-01
2455150.804242 1.200037e+01 -1.651922e+00 -2.173777e+00 1.601572e-01 -1.055585e+00 -1.384615e+00 1.601534e-01
2455150.813162 1.200053e+01 -1.651853e+00 -2.173835e+00 1.601687e-01 -1.055640e+00 -1.384581e+00 1.601649e-01
2455175.779024 9.477510e+00 -1.451319e+00 -2.326374e+00 1.915954e-01 -1.249917e+00 -1.362377e+00 1.915923e-01
2455175.786914 9.478159e+00 -1.451253e+00 -2.326419e+00 1.916051e-01 -1.249986e+00 -1.362395e+00 1.916020e-01
2455175.794903 9.478816e+00 -1.451187e+00 -2.326464e+00 1.916149e-01 -1.250057e+00 -1.362413e+00 1.916118e-01
2455175.802643 1.039401e+01 -1.451123e+00 -2.326508e+00 1.916244e-01 -1.250125e+00 -1.362430e+00 1.916213e-01
2455240.667986 4.976304e+00 -8.749257e-01 -2.624153e+00 2.647409e-01 -1.675653e+00 -2.046552e+00 2.647419e-01
2455240.675425 4.139446e+00 -8.748560e-01 -2.624178e+00 2.647485e-01 -1.675660e+00 -2.046682e+00 2.647494e-01
2455240.682915 3.775529e+00 -8.747859e-01 -2.624204e+00 2.647561e-01 -1.675667e+00 -2.046813e+00 2.647571e-01
2455240.690554 3.775845e+00 -8.747143e-01 -2.624230e+00 2.647639e-01 -1.675675e+00 -2.046946e+00 2.647649e-01
2455267.593016 7.813143e+00 -6.187495e-01 -2.703627e+00 2.907908e-01 -1.600761e+00 -2.552546e+00 2.907936e-01
2455267.596616 7.813392e+00 -6.187148e-01 -2.703636e+00 2.907941e-01 -1.600736e+00 -2.552616e+00 2.907969e-01
2455267.600286 6.499107e+00 -6.186794e-01 -2.703645e+00 2.907975e-01 -1.600711e+00 -2.552688e+00 2.908002e-01
2455267.603896 7.813893e+00 -6.186446e-01 -2.703653e+00 2.908008e-01 -1.600687e+00 -2.552759e+00 2.908035e-01
2455513.982677 4.475172e+00 1.684677e+00 -2.202082e+00 3.764437e-01 2.309724e+00 -1.434856e+00 3.764369e-01
2455513.990248 4.474823e+00 1.684735e+00 -2.202035e+00 3.764417e-01 2.309680e+00 -1.434727e+00 3.764349e-01
2455513.997888 4.080766e+00 1.684795e+00 -2.201987e+00 3.764396e-01 2.309635e+00 -1.434596e+00 3.764328e-01
2455514.005469 3.721412e+00 1.684854e+00 -2.201940e+00 3.764376e-01 2.309590e+00 -1.434467e+00 3.764308e-01
1 0.5
2 0.5
