2	0.5	1000	 1	period_start period_step period_end fixed/free
0.0				initial epoch
0.0				initial rotation angle      
0.1				convexity weight      
3 3				degree and order of spherical harmonics      
6				number of rows        
0.5	1			scattering parameters
0.1	1
-0.5	1     
0.1	0			LS coeff                 
50				iteration stop condidion
10				minimum number of iterations (only if the above value < 1)
5				Alamda multiplicative factor
0.1				Alamda initial value
2
28 0 0.12 2005.3-2005.5 R 703_CATALINA
2453432.908891 8.687869e-01 2.498928e+00 2.805568e-02 -3.149327e-01 1.551572e+00 3.203901e-01 -3.149297e-01
2453432.919592 7.922437e-01 2.498909e+00 2.816351e-02 -3.149225e-01 1.551495e+00 3.203213e-01 -3.149194e-01
2453432.930302 6.009031e-01 2.498890e+00 2.827145e-02 -3.149123e-01 1.551419e+00 3.202525e-01 -3.149092e-01
2453432.941073 6.008273e-01 2.498871e+00 2.837998e-02 -3.149020e-01 1.551342e+00 3.201832e-01 -3.148989e-01
2453439.782979 1.165316e+00 2.485566e+00 9.730587e-02 -3.082237e-01 1.508277e+00 2.743710e-01 -3.082216e-01
2453439.794080 1.277602e+00 2.485543e+00 9.741764e-02 -3.082126e-01 1.508216e+00 2.742941e-01 -3.082105e-01
2453439.805010 1.400710e+00 2.485520e+00 9.752770e-02 -3.082017e-01 1.508157e+00 2.742184e-01 -3.081996e-01
2453439.815960 1.164933e+00 2.485497e+00 9.763797e-02 -3.081908e-01 1.508097e+00 2.741426e-01 -3.081887e-01
2453447.837471 2.268429e+00 2.467102e+00 1.783352e-01 -3.000141e-01 1.472478e+00 2.172454e-01 -3.000131e-01
2453447.844471 1.431207e+00 2.467084e+00 1.784056e-01 -3.000068e-01 1.472454e+00 2.171949e-01 -3.000058e-01
2453447.851491 1.886599e+00 2.467067e+00 1.784761e-01 -2.999995e-01 1.472430e+00 2.171443e-01 -2.999985e-01
2453447.858562 1.305138e+00 2.467049e+00 1.785472e-01 -2.999921e-01 1.472406e+00 2.170934e-01 -2.999911e-01
2453459.824804 1.017294e+00 2.433942e+00 2.984827e-01 -2.871087e-01 1.449275e+00 1.311883e-01 -2.871094e-01
2453459.833364 1.017266e+00 2.433916e+00 2.985682e-01 -2.870992e-01 1.449271e+00 1.311281e-01 -2.870999e-01
2453459.841954 1.017237e+00 2.433889e+00 2.986541e-01 -2.870896e-01 1.449267e+00 1.310677e-01 -2.870903e-01
2453459.850564 1.767706e+00 2.433863e+00 2.987401e-01 -2.870800e-01 1.449263e+00 1.310072e-01 -2.870808e-01
2453466.753577 1.449890e+00 2.411647e+00 3.675676e-01 -2.792782e-01 1.451961e+00 8.377532e-02 -2.792799e-01
2453466.761097 1.743142e+00 2.411622e+00 3.676424e-01 -2.792696e-01 1.451970e+00 8.372558e-02 -2.792713e-01
2453466.768637 1.743131e+00 2.411596e+00 3.677174e-01 -2.792609e-01 1.451979e+00 8.367570e-02 -2.792626e-01
2453466.776167 1.911294e+00 2.411571e+00 3.677923e-01 -2.792522e-01 1.451989e+00 8.362590e-02 -2.792539e-01
2453476.772428 1.334308e+00 2.375316e+00 4.668212e-01 -2.674822e-01 1.475621e+00 2.209060e-02 -2.674852e-01
2453476.782157 1.012201e+00 2.375278e+00 4.669171e-01 -2.674705e-01 1.475655e+00 2.203588e-02 -2.674735e-01
2453476.791927 1.216963e+00 2.375241e+00 4.670135e-01 -2.674587e-01 1.475689e+00 2.198094e-02 -2.674617e-01
2453476.801937 1.216994e+00 2.375202e+00 4.671122e-01 -2.674466e-01 1.475723e+00 2.192467e-02 -2.674496e-01
2453493.753534 1.584473e+00 2.302567e+00 6.327347e-01 -2.462388e-01 1.563374e+00 -5.277503e-02 -2.462438e-01
2453493.762674 1.317986e+00 2.302524e+00 6.328231e-01 -2.462270e-01 1.563435e+00 -5.280255e-02 -2.462319e-01
2453493.771873 1.318065e+00 2.302481e+00 6.329120e-01 -2.462150e-01 1.563497e+00 -5.283023e-02 -2.462200e-01
2453493.780953 1.096383e+00 2.302439e+00 6.329997e-01 -2.462033e-01 1.563558e+00 -5.285754e-02 -2.462082e-01
78 0 0.12 2005.5-2008.4 V 703_CATALINA
2453521.681843 7.176413e-01 2.152012e+00 8.965325e-01 -2.080350e-01 1.801187e+00 -5.474868e-02 -2.080423e-01
2453521.689912 6.545417e-01 2.151963e+00 8.966066e-01 -2.080234e-01 1.801266e+00 -5.472306e-02 -2.080307e-01
2453521.698012 5.969903e-01 2.151914e+00 8.966811e-01 -2.080117e-01 1.801345e+00 -5.469733e-02 -2.080190e-01
2453521.706111 4.965894e-01 2.151865e+00 8.967555e-01 -2.080001e-01 1.801424e+00 -5.467158e-02 -2.080074e-01
2453528.682564 4.805651e-01 2.108206e+00 9.603562e-01 -1.978556e-01 1.870600e+00 -2.634798e-02 -1.978631e-01
2453528.690064 4.805955e-01 2.108158e+00 9.604240e-01 -1.978445e-01 1.870675e+00 -2.631087e-02 -1.978521e-01
2453528.697534 4.806258e-01 2.108110e+00 9.604915e-01 -1.978335e-01 1.870750e+00 -2.627389e-02 -1.978411e-01
2453528.705013 4.383637e-01 2.108062e+00 9.605591e-01 -1.978226e-01 1.870825e+00 -2.623685e-02 -1.978301e-01
2454008.826200 4.601382e-01 -1.883820e+00 -8.773815e-01 1.754147e-01 -8.896471e-01 -7.565746e-01 1.754140e-01
2454008.838150 5.045046e-01 -1.883784e+00 -8.775249e-01 1.753998e-01 -8.896393e-01 -7.565146e-01 1.753991e-01
2454008.850100 5.044778e-01 -1.883748e+00 -8.776682e-01 1.753849e-01 -8.896316e-01 -7.564546e-01 1.753841e-01
2454008.862050 6.064834e-01 -1.883712e+00 -8.778115e-01 1.753699e-01 -8.896239e-01 -7.563946e-01 1.753692e-01
2454008.920752 6.648225e-01 -1.883535e+00 -8.785154e-01 1.752965e-01 -8.895866e-01 -7.560999e-01 1.752958e-01
2454008.929992 6.647953e-01 -1.883507e+00 -8.786262e-01 1.752849e-01 -8.895808e-01 -7.560535e-01 1.752843e-01
2454008.939222 6.647681e-01 -1.883480e+00 -8.787369e-01 1.752734e-01 -8.895751e-01 -7.560072e-01 1.752727e-01
2454008.948552 7.288736e-01 -1.883452e+00 -8.788487e-01 1.752617e-01 -8.895692e-01 -7.559603e-01 1.752610e-01
2454024.795944 8.536802e-01 -1.828184e+00 -1.065068e+00 1.547586e-01 -9.084397e-01 -6.804909e-01 1.547592e-01
2454024.801324 7.785718e-01 -1.828163e+00 -1.065130e+00 1.547514e-01 -9.084557e-01 -6.804677e-01 1.547521e-01
2454024.806694 8.536937e-01 -1.828142e+00 -1.065191e+00 1.547442e-01 -9.084717e-01 -6.804446e-01 1.547449e-01
2454024.812064 8.537005e-01 -1.828121e+00 -1.065253e+00 1.547370e-01 -9.084876e-01 -6.804215e-01 1.547377e-01
2454030.832721 7.917905e-01 -1.803323e+00 -1.133883e+00 1.466188e-01 -9.302698e-01 -6.561429e-01 1.466200e-01
2454030.838651 8.682022e-01 -1.803298e+00 -1.133950e+00 1.466108e-01 -9.302950e-01 -6.561208e-01 1.466119e-01
2454030.844581 9.519879e-01 -1.803272e+00 -1.134017e+00 1.466027e-01 -9.303202e-01 -6.560986e-01 1.466038e-01
2454030.850511 5.478253e-01 -1.803247e+00 -1.134084e+00 1.465946e-01 -9.303455e-01 -6.560765e-01 1.465958e-01
2454052.682479 5.523140e-01 -1.697134e+00 -1.372102e+00 1.158882e-01 -1.068369e+00 -6.078829e-01 1.158910e-01
2454052.689459 5.523642e-01 -1.697096e+00 -1.372175e+00 1.158781e-01 -1.068426e+00 -6.078803e-01 1.158809e-01
2454052.696448 5.038081e-01 -1.697059e+00 -1.372248e+00 1.158680e-01 -1.068483e+00 -6.078777e-01 1.158708e-01
2454052.703408 6.057655e-01 -1.697021e+00 -1.372321e+00 1.158579e-01 -1.068540e+00 -6.078751e-01 1.158607e-01
2454094.577806 7.063537e-01 -1.431966e+00 -1.775733e+00 5.300486e-02 -1.483880e+00 -7.935714e-01 5.300938e-02
2454094.587005 5.876176e-01 -1.431900e+00 -1.775814e+00 5.299068e-02 -1.483974e+00 -7.936608e-01 5.299520e-02
2454094.596144 5.877151e-01 -1.431834e+00 -1.775894e+00 5.297659e-02 -1.484069e+00 -7.937496e-01 5.298111e-02
2454094.605303 5.360917e-01 -1.431769e+00 -1.775974e+00 5.296247e-02 -1.484163e+00 -7.938386e-01 5.296699e-02
2454108.656347 6.280206e-01 -1.327735e+00 -1.894344e+00 3.118863e-02 -1.621357e+00 -9.558648e-01 3.119323e-02
2454108.665026 5.224436e-01 -1.327669e+00 -1.894414e+00 3.117513e-02 -1.621435e+00 -9.559803e-01 3.117972e-02
2454108.673736 6.888191e-01 -1.327602e+00 -1.894484e+00 3.116158e-02 -1.621514e+00 -9.560962e-01 3.116617e-02
2454108.682445 5.226018e-01 -1.327536e+00 -1.894555e+00 3.114802e-02 -1.621593e+00 -9.562122e-01 3.115262e-02
2454115.616247 4.463505e-01 -1.273837e+00 -1.949677e+00 2.034212e-02 -1.681186e+00 -1.054373e+00 2.034665e-02
2454115.626296 4.071454e-01 -1.273758e+00 -1.949755e+00 2.032644e-02 -1.681267e+00 -1.054524e+00 2.033097e-02
2454115.636375 4.895793e-01 -1.273679e+00 -1.949833e+00 2.031072e-02 -1.681349e+00 -1.054675e+00 2.031524e-02
2454130.624464 5.184487e-01 -1.152810e+00 -2.061450e+00 -3.109620e-03 -1.782445e+00 -1.303929e+00 -3.105440e-03
2454130.629803 3.933159e-01 -1.152765e+00 -2.061488e+00 -3.117970e-03 -1.782473e+00 -1.304026e+00 -3.113790e-03
2454130.635183 6.234152e-01 -1.152721e+00 -2.061526e+00 -3.126380e-03 -1.782501e+00 -1.304124e+00 -3.122200e-03
2454130.640582 2.984100e-01 -1.152676e+00 -2.061565e+00 -3.134820e-03 -1.782529e+00 -1.304222e+00 -3.130650e-03
2454144.588246 6.362060e-01 -1.034945e+00 -2.156089e+00 -2.491862e-02 -1.832485e+00 -1.574190e+00 -2.491501e-02
2454144.594715 5.802790e-01 -1.034889e+00 -2.156131e+00 -2.492870e-02 -1.832497e+00 -1.574322e+00 -2.492510e-02
2454144.601174 5.803312e-01 -1.034834e+00 -2.156173e+00 -2.493877e-02 -1.832509e+00 -1.574454e+00 -2.493517e-02
2454144.607604 7.650941e-01 -1.034779e+00 -2.156214e+00 -2.494880e-02 -1.832521e+00 -1.574585e+00 -2.494519e-02
2454476.853145 1.082559e+00 1.909426e+00 -1.929897e+00 -3.820350e-01 1.567086e+00 -1.008011e+00 -3.820326e-01
2454476.862196 9.003593e-01 1.909484e+00 -1.929837e+00 -3.820381e-01 1.566996e+00 -1.008005e+00 -3.820356e-01
2454476.871256 8.210703e-01 1.909542e+00 -1.929776e+00 -3.820411e-01 1.566906e+00 -1.007999e+00 -3.820386e-01
2454476.880347 8.210027e-01 1.909601e+00 -1.929715e+00 -3.820441e-01 1.566815e+00 -1.007993e+00 -3.820417e-01
2454476.913478 8.207566e-01 1.909814e+00 -1.929493e+00 -3.820551e-01 1.566485e+00 -1.007972e+00 -3.820526e-01
2454476.922769 8.206876e-01 1.909874e+00 -1.929431e+00 -3.820581e-01 1.566393e+00 -1.007966e+00 -3.820557e-01
2454476.931959 8.206194e-01 1.909933e+00 -1.929369e+00 -3.820612e-01 1.566301e+00 -1.007961e+00 -3.820588e-01
2454476.940429 8.997222e-01 1.909988e+00 -1.929312e+00 -3.820640e-01 1.566217e+00 -1.007955e+00 -3.820616e-01
2454496.794953 7.174129e-01 2.032337e+00 -1.790886e+00 -3.875531e-01 1.390398e+00 -1.043633e+00 -3.875504e-01
2454496.800363 7.173971e-01 2.032369e+00 -1.790847e+00 -3.875543e-01 1.390357e+00 -1.043654e+00 -3.875516e-01
2454496.805703 7.865931e-01 2.032400e+00 -1.790808e+00 -3.875555e-01 1.390317e+00 -1.043676e+00 -3.875528e-01
2454496.811573 6.542442e-01 2.032435e+00 -1.790766e+00 -3.875568e-01 1.390274e+00 -1.043700e+00 -3.875541e-01
2454502.736130 8.466013e-01 2.066732e+00 -1.747451e+00 -3.887686e-01 1.349236e+00 -1.071138e+00 -3.887659e-01
2454502.743780 8.465872e-01 2.066776e+00 -1.747394e+00 -3.887700e-01 1.349187e+00 -1.071178e+00 -3.887673e-01
2454502.751400 8.465731e-01 2.066819e+00 -1.747338e+00 -3.887715e-01 1.349138e+00 -1.071218e+00 -3.887687e-01
2454502.759000 8.465591e-01 2.066863e+00 -1.747282e+00 -3.887729e-01 1.349090e+00 -1.071257e+00 -3.887702e-01
2454509.710227 9.215354e-01 2.105758e+00 -1.695326e+00 -3.899419e-01 1.309588e+00 -1.111619e+00 -3.899392e-01
2454509.716707 1.010444e+00 2.105794e+00 -1.695277e+00 -3.899428e-01 1.309555e+00 -1.111661e+00 -3.899401e-01
2454509.729627 1.010445e+00 2.105865e+00 -1.695180e+00 -3.899448e-01 1.309491e+00 -1.111743e+00 -3.899420e-01
2454523.744314 1.043699e+00 2.179755e+00 -1.586835e+00 -3.914668e-01 1.262276e+00 -1.214338e+00 -3.914642e-01
2454523.749754 8.681317e-01 2.179782e+00 -1.586792e+00 -3.914671e-01 1.262267e+00 -1.214382e+00 -3.914646e-01
2454523.755224 7.917644e-01 2.179810e+00 -1.586749e+00 -3.914675e-01 1.262258e+00 -1.214426e+00 -3.914649e-01
2454523.760674 8.681734e-01 2.179837e+00 -1.586706e+00 -3.914679e-01 1.262248e+00 -1.214470e+00 -3.914653e-01
2454528.658714 7.401910e-01 2.204194e+00 -1.547750e+00 -3.917347e-01 1.256941e+00 -1.255180e+00 -3.917322e-01
2454528.665284 7.402186e-01 2.204226e+00 -1.547698e+00 -3.917349e-01 1.256938e+00 -1.255236e+00 -3.917324e-01
2454528.671823 6.157097e-01 2.204258e+00 -1.547645e+00 -3.917352e-01 1.256935e+00 -1.255292e+00 -3.917327e-01
2454528.678343 7.402734e-01 2.204290e+00 -1.547593e+00 -3.917354e-01 1.256932e+00 -1.255347e+00 -3.917330e-01
2454582.641906 3.981510e-01 2.418835e+00 -1.085099e+00 -3.854360e-01 1.606353e+00 -1.678943e+00 -3.854353e-01
2454582.648375 5.755393e-01 2.418854e+00 -1.085040e+00 -3.854342e-01 1.606436e+00 -1.678975e+00 -3.854335e-01
2454582.654945 5.755757e-01 2.418874e+00 -1.084981e+00 -3.854324e-01 1.606521e+00 -1.679007e+00 -3.854317e-01
2454582.661374 2.755049e-01 2.418894e+00 -1.084922e+00 -3.854306e-01 1.606604e+00 -1.679038e+00 -3.854300e-01
1 0.5
2 0.5
