2	0.5	1000	 1	period_start period_step period_end fixed/free
0.0				initial epoch
0.0				initial rotation angle      
0.1				convexity weight      
3 3				degree and order of spherical harmonics      
6				number of rows        
0.5	1			scattering parameters
0.1	1
-0.5	1     
0.1	0			LS coeff                 
50				iteration stop condidion
10				minimum number of iterations (only if the above value < 1)
5				Alamda multiplicative factor
0.1				Alamda initial value
1
105 0 0.12 2006.11-2010.11 V 703_CATALINA
2454050.966705 5.506606e+00 2.804023e+00 -2.384352e+00 2.483913e-01 3.455778e+00 -1.639117e+00 2.483940e-01
2454050.975486 5.021736e+00 2.804068e+00 -2.384297e+00 2.483860e-01 3.455707e+00 -1.638964e+00 2.483887e-01
2454050.984327 7.958365e+00 2.804113e+00 -2.384242e+00 2.483807e-01 3.455634e+00 -1.638810e+00 2.483834e-01
2454050.993097 2.889309e+00 2.804157e+00 -2.384188e+00 2.483754e-01 3.455563e+00 -1.638657e+00 2.483781e-01
2454066.926281 4.396038e+00 2.882742e+00 -2.283790e+00 2.385838e-01 3.300842e+00 -1.390013e+00 2.385874e-01
2454066.936831 4.008864e+00 2.882793e+00 -2.283723e+00 2.385772e-01 3.300725e+00 -1.389869e+00 2.385808e-01
2454066.948883 4.819205e+00 2.882851e+00 -2.283645e+00 2.385696e-01 3.300591e+00 -1.389705e+00 2.385732e-01
2454066.959404 5.283665e+00 2.882901e+00 -2.283578e+00 2.385630e-01 3.300475e+00 -1.389562e+00 2.385667e-01
2454127.769443 5.432972e+00 3.141928e+00 -1.870128e+00 1.980200e-01 2.551646e+00 -1.081996e+00 1.980243e-01
2454127.779733 6.531447e+00 3.141966e+00 -1.870055e+00 1.980128e-01 2.551539e+00 -1.082029e+00 1.980170e-01
2454127.789964 7.852025e+00 3.142004e+00 -1.869981e+00 1.980056e-01 2.551433e+00 -1.082062e+00 1.980098e-01
2454127.800224 6.530610e+00 3.142042e+00 -1.869908e+00 1.979983e-01 2.551327e+00 -1.082095e+00 1.980026e-01
2454139.734943 7.382197e+00 3.184867e+00 -1.783605e+00 1.894969e-01 2.440729e+00 -1.136131e+00 1.895007e-01
2454139.742013 7.381989e+00 3.184892e+00 -1.783554e+00 1.894918e-01 2.440672e+00 -1.136172e+00 1.894956e-01
2454139.749114 8.093962e+00 3.184916e+00 -1.783502e+00 1.894867e-01 2.440614e+00 -1.136212e+00 1.894905e-01
2454139.756194 6.732074e+00 3.184941e+00 -1.783450e+00 1.894816e-01 2.440557e+00 -1.136253e+00 1.894854e-01
2454146.853412 7.215324e+00 3.209105e+00 -1.731392e+00 1.843478e-01 2.388596e+00 -1.181572e+00 1.843513e-01
2454146.861243 8.674562e+00 3.209132e+00 -1.731335e+00 1.843421e-01 2.388545e+00 -1.181627e+00 1.843456e-01
2454146.869063 7.911146e+00 3.209158e+00 -1.731277e+00 1.843364e-01 2.388494e+00 -1.181681e+00 1.843399e-01
2454146.876903 8.674234e+00 3.209184e+00 -1.731219e+00 1.843307e-01 2.388443e+00 -1.181736e+00 1.843342e-01
2454148.782570 6.552583e+00 3.215505e+00 -1.717149e+00 1.829425e-01 2.376451e+00 -1.195334e+00 1.829459e-01
2454148.790530 5.975932e+00 3.215531e+00 -1.717090e+00 1.829367e-01 2.376403e+00 -1.195392e+00 1.829401e-01
2454148.798470 7.877690e+00 3.215557e+00 -1.717032e+00 1.829309e-01 2.376355e+00 -1.195450e+00 1.829343e-01
2454148.806411 7.877566e+00 3.215583e+00 -1.716973e+00 1.829251e-01 2.376306e+00 -1.195508e+00 1.829285e-01
2454168.687058 5.483471e+00 3.277234e+00 -1.567980e+00 1.682065e-01 2.305737e+00 -1.363656e+00 1.682086e-01
2454168.695168 5.001088e+00 3.277258e+00 -1.567918e+00 1.682004e-01 2.305729e+00 -1.363732e+00 1.682026e-01
2454168.703297 5.483696e+00 3.277282e+00 -1.567856e+00 1.681943e-01 2.305722e+00 -1.363808e+00 1.681964e-01
2454168.711417 6.592988e+00 3.277305e+00 -1.567795e+00 1.681882e-01 2.305715e+00 -1.363883e+00 1.681903e-01
2454168.717857 7.229186e+00 3.277324e+00 -1.567746e+00 1.681834e-01 2.305709e+00 -1.363943e+00 1.681855e-01
2454168.725977 6.593231e+00 3.277347e+00 -1.567684e+00 1.681773e-01 2.305701e+00 -1.364019e+00 1.681794e-01
2454168.734107 6.593366e+00 3.277371e+00 -1.567622e+00 1.681712e-01 2.305694e+00 -1.364094e+00 1.681733e-01
2454168.742166 7.927132e+00 3.277394e+00 -1.567561e+00 1.681651e-01 2.305687e+00 -1.364170e+00 1.681673e-01
2454227.678735 3.808168e+00 3.412384e+00 -1.104733e+00 1.222504e-01 2.713434e+00 -1.832349e+00 1.222481e-01
2454227.687905 3.167722e+00 3.412399e+00 -1.104659e+00 1.222430e-01 2.713560e+00 -1.832384e+00 1.222407e-01
2454227.697084 4.176168e+00 3.412414e+00 -1.104584e+00 1.222356e-01 2.713687e+00 -1.832420e+00 1.222333e-01
2454227.706273 5.505654e+00 3.412429e+00 -1.104510e+00 1.222282e-01 2.713813e+00 -1.832456e+00 1.222259e-01
2454500.010150 4.314270e+00 2.972692e+00 1.176454e+00 -1.078207e-01 2.288940e+00 1.886280e+00 -1.078180e-01
2454500.017191 3.588147e+00 2.972656e+00 1.176509e+00 -1.078264e-01 2.288815e+00 1.886251e+00 -1.078237e-01
2454500.024371 3.933981e+00 2.972619e+00 1.176565e+00 -1.078322e-01 2.288687e+00 1.886221e+00 -1.078294e-01
2454500.031582 2.983968e+00 2.972582e+00 1.176622e+00 -1.078380e-01 2.288558e+00 1.886191e+00 -1.078353e-01
2454581.869711 1.160165e+01 2.463086e+00 1.776416e+00 -1.696675e-01 1.643052e+00 1.193397e+00 -1.696668e-01
2454581.876191 1.160138e+01 2.463038e+00 1.776459e+00 -1.696720e-01 1.643067e+00 1.193349e+00 -1.696713e-01
2454581.882691 9.649381e+00 2.462991e+00 1.776502e+00 -1.696765e-01 1.643083e+00 1.193301e+00 -1.696758e-01
2454581.889171 8.800137e+00 2.462944e+00 1.776546e+00 -1.696810e-01 1.643098e+00 1.193253e+00 -1.696803e-01
2454591.756455 7.850389e+00 2.389589e+00 1.841516e+00 -1.764399e-01 1.676475e+00 1.128129e+00 -1.764397e-01
2454591.765025 8.607718e+00 2.389524e+00 1.841572e+00 -1.764457e-01 1.676512e+00 1.128080e+00 -1.764455e-01
2454591.773575 8.607654e+00 2.389460e+00 1.841628e+00 -1.764515e-01 1.676549e+00 1.128031e+00 -1.764513e-01
2454591.782175 7.850213e+00 2.389395e+00 1.841683e+00 -1.764573e-01 1.676587e+00 1.127981e+00 -1.764571e-01
2454977.919919 4.373900e+00 -1.574039e+00 1.888583e+00 -1.944768e-01 -1.999526e+00 9.691635e-01 -1.944741e-01
2454977.927169 3.637760e+00 -1.574106e+00 1.888526e+00 -1.944714e-01 -1.999481e+00 9.690546e-01 -1.944687e-01
2454977.934330 3.637473e+00 -1.574171e+00 1.888471e+00 -1.944661e-01 -1.999436e+00 9.689471e-01 -1.944634e-01
2454977.941520 3.317153e+00 -1.574237e+00 1.888416e+00 -1.944607e-01 -1.999392e+00 9.688391e-01 -1.944580e-01
2454981.926029 3.480155e+00 -1.610431e+00 1.857307e+00 -1.914624e-01 -1.973564e+00 9.108038e-01 -1.914598e-01
2454981.929669 3.173811e+00 -1.610464e+00 1.857278e+00 -1.914596e-01 -1.973540e+00 9.107525e-01 -1.914571e-01
2454981.933169 3.173687e+00 -1.610495e+00 1.857250e+00 -1.914569e-01 -1.973516e+00 9.107031e-01 -1.914544e-01
2454981.936829 3.173558e+00 -1.610528e+00 1.857222e+00 -1.914542e-01 -1.973491e+00 9.106515e-01 -1.914516e-01
2455006.905974 3.450091e+00 -1.825364e+00 1.649436e+00 -1.713393e-01 -1.774127e+00 6.342954e-01 -1.713378e-01
2455006.913165 3.449807e+00 -1.825423e+00 1.649373e+00 -1.713332e-01 -1.774065e+00 6.342383e-01 -1.713316e-01
2455006.920315 3.146005e+00 -1.825481e+00 1.649310e+00 -1.713271e-01 -1.774002e+00 6.341816e-01 -1.713256e-01
2455006.927405 3.449245e+00 -1.825539e+00 1.649248e+00 -1.713211e-01 -1.773940e+00 6.341253e-01 -1.713195e-01
2455058.815015 8.006703e+00 -2.197830e+00 1.156056e+00 -1.231094e-01 -1.394523e+00 5.393119e-01 -1.231106e-01
2455058.822246 6.659541e+00 -2.197875e+00 1.155982e+00 -1.231021e-01 -1.394494e+00 5.393365e-01 -1.231034e-01
2455058.829506 6.073440e+00 -2.197919e+00 1.155909e+00 -1.230949e-01 -1.394464e+00 5.393613e-01 -1.230961e-01
2455058.836736 6.073308e+00 -2.197963e+00 1.155835e+00 -1.230877e-01 -1.394435e+00 5.393859e-01 -1.230889e-01
2455070.737584 9.513493e+00 -2.267821e+00 1.033216e+00 -1.110251e-01 -1.360001e+00 5.897887e-01 -1.110269e-01
2455070.745704 1.143784e+01 -2.267867e+00 1.033131e+00 -1.110167e-01 -1.359987e+00 5.898291e-01 -1.110185e-01
2455070.754034 9.513666e+00 -2.267914e+00 1.033044e+00 -1.110082e-01 -1.359973e+00 5.898705e-01 -1.110100e-01
2455070.762214 8.676645e+00 -2.267960e+00 1.032959e+00 -1.109998e-01 -1.359960e+00 5.899112e-01 -1.110016e-01
2455073.769911 9.561077e+00 -2.284647e+00 1.001516e+00 -1.079023e-01 -1.355984e+00 6.053351e-01 -1.079042e-01
2455073.780371 9.561295e+00 -2.284704e+00 1.001406e+00 -1.078915e-01 -1.355974e+00 6.053903e-01 -1.078935e-01
2455073.790711 9.561512e+00 -2.284761e+00 1.001298e+00 -1.078808e-01 -1.355964e+00 6.054449e-01 -1.078828e-01
2455073.801081 9.561730e+00 -2.284818e+00 1.001189e+00 -1.078701e-01 -1.355953e+00 6.054996e-01 -1.078721e-01
2455084.733066 8.318502e+00 -2.342131e+00 8.855008e-01 -9.645951e-02 -1.358971e+00 6.679488e-01 -9.646201e-02
2455084.738466 8.318770e+00 -2.342158e+00 8.854431e-01 -9.645382e-02 -1.358980e+00 6.679815e-01 -9.645632e-02
2455084.743936 8.319041e+00 -2.342186e+00 8.853847e-01 -9.644805e-02 -1.358988e+00 6.680146e-01 -9.645055e-02
2455084.749366 6.919702e+00 -2.342213e+00 8.853268e-01 -9.644233e-02 -1.358997e+00 6.680475e-01 -9.644483e-02
2455084.752776 7.587457e+00 -2.342230e+00 8.852904e-01 -9.643874e-02 -1.359002e+00 6.680682e-01 -9.644124e-02
2455084.757686 6.920045e+00 -2.342254e+00 8.852379e-01 -9.643356e-02 -1.359010e+00 6.680979e-01 -9.643606e-02
2455084.762426 6.920241e+00 -2.342278e+00 8.851873e-01 -9.642856e-02 -1.359017e+00 6.681266e-01 -9.643106e-02
2455084.767286 6.311518e+00 -2.342302e+00 8.851354e-01 -9.642344e-02 -1.359025e+00 6.681561e-01 -9.642594e-02
2455095.683319 6.860225e+00 -2.394268e+00 7.676272e-01 -8.481216e-02 -1.390767e+00 7.360299e-01 -8.481512e-02
2455095.689968 7.522547e+00 -2.394298e+00 7.675551e-01 -8.480503e-02 -1.390795e+00 7.360717e-01 -8.480798e-02
2455095.696568 7.523003e+00 -2.394328e+00 7.674834e-01 -8.479795e-02 -1.390823e+00 7.361132e-01 -8.480090e-02
2455095.703198 5.707130e+00 -2.394358e+00 7.674115e-01 -8.479083e-02 -1.390852e+00 7.361548e-01 -8.479379e-02
2455101.720604 5.038893e+00 -2.420739e+00 7.018745e-01 -7.830672e-02 -1.421011e+00 7.736918e-01 -7.830988e-02
2455101.728664 5.525508e+00 -2.420773e+00 7.017864e-01 -7.829800e-02 -1.421057e+00 7.737415e-01 -7.830116e-02
2455101.736713 5.525980e+00 -2.420807e+00 7.016984e-01 -7.828929e-02 -1.421104e+00 7.737911e-01 -7.829245e-02
2455101.744813 5.526455e+00 -2.420842e+00 7.016099e-01 -7.828053e-02 -1.421150e+00 7.738411e-01 -7.828368e-02
2455146.599415 3.977828e+00 -2.566315e+00 2.015786e-01 -2.861815e-02 -1.912749e+00 9.453077e-01 -2.862191e-02
2455146.606665 3.978232e+00 -2.566331e+00 2.014968e-01 -2.860999e-02 -1.912861e+00 9.453077e-01 -2.861375e-02
2455146.613924 2.752543e+00 -2.566347e+00 2.014148e-01 -2.860182e-02 -1.912973e+00 9.453076e-01 -2.860558e-02
2455146.621254 2.510607e+00 -2.566364e+00 2.013320e-01 -2.859357e-02 -1.913087e+00 9.453076e-01 -2.859733e-02
2455182.547994 1.928497e+00 -2.618372e+00 -2.051813e-01 1.200292e-02 -2.534012e+00 7.752982e-01 1.200014e-02
2455182.552023 2.318676e+00 -2.618375e+00 -2.052268e-01 1.200747e-02 -2.534085e+00 7.752584e-01 1.200470e-02
2455182.556093 2.542503e+00 -2.618377e+00 -2.052728e-01 1.201208e-02 -2.534158e+00 7.752182e-01 1.200930e-02
2455182.560183 2.114865e+00 -2.618380e+00 -2.053189e-01 1.201670e-02 -2.534232e+00 7.751777e-01 1.201392e-02
2455202.552827 3.495491e+00 -2.623258e+00 -4.301886e-01 3.455327e-02 -2.885409e+00 5.175509e-01 3.455159e-02
2455202.558166 4.202742e+00 -2.623257e+00 -4.302483e-01 3.455926e-02 -2.885498e+00 5.174663e-01 3.455759e-02
2455202.563636 4.608481e+00 -2.623256e+00 -4.303096e-01 3.456541e-02 -2.885590e+00 5.173796e-01 3.456373e-02
2455202.569166 3.188476e+00 -2.623255e+00 -4.303715e-01 3.457162e-02 -2.885682e+00 5.172920e-01 3.456994e-02
2455506.918566 7.889091e+00 -1.141248e+00 -3.016489e+00 2.988314e-01 -4.249935e-01 -2.331203e+00 2.988249e-01
2455506.923686 7.194773e+00 -1.141207e+00 -3.016514e+00 2.988340e-01 -4.250153e-01 -2.331165e+00 2.988275e-01
2455506.928887 7.194611e+00 -1.141166e+00 -3.016539e+00 2.988367e-01 -4.250375e-01 -2.331126e+00 2.988302e-01
2455506.934057 7.888562e+00 -1.141125e+00 -3.016565e+00 2.988393e-01 -4.250595e-01 -2.331087e+00 2.988328e-01
2455506.939267 7.194288e+00 -1.141084e+00 -3.016590e+00 2.988420e-01 -4.250817e-01 -2.331048e+00 2.988355e-01
1 0.5
