2	0.5	1000	 1	period_start period_step period_end fixed/free
0.0				initial epoch
0.0				initial rotation angle      
0.1				convexity weight      
3 3				degree and order of spherical harmonics      
6				number of rows        
0.5	1			scattering parameters
0.1	1
-0.5	1     
0.1	0			LS coeff                 
50				iteration stop condidion
10				minimum number of iterations (only if the above value < 1)
5				Alamda multiplicative factor
0.1				Alamda initial value
4
33 0   0.070   2008-09-24.5   R   Oey
2454733.948748  1.027858e+00    -2.99761430  -0.33497780   0.14134410   -1.99500068  -0.30633061   0.14134171
2454733.952552  8.370151e-01    -2.99760962  -0.33501402   0.14134499   -1.99499893  -0.30630165   0.14134261
2454733.956255  1.095300e+00    -2.99760506  -0.33504927   0.14134587   -1.99499724  -0.30627347   0.14134348
2454733.960048  1.352488e+00    -2.99760039  -0.33508539   0.14134676   -1.99499550  -0.30624460   0.14134437
2454733.963774  1.352488e+00    -2.99759580  -0.33512086   0.14134764   -1.99499381  -0.30621624   0.14134525
2454733.967476  1.361236e+00    -2.99759124  -0.33515610   0.14134851   -1.99499212  -0.30618807   0.14134613
2454733.971144  1.118751e+00    -2.99758672  -0.33519102   0.14134938   -1.99499046  -0.30616016   0.14134699
2454733.974819  9.934207e-01    -2.99758220  -0.33522601   0.14135025   -1.99498879  -0.30613218   0.14134786
2454733.979093  9.305362e-01    -2.99757693  -0.33526671   0.14135125   -1.99498686  -0.30609966   0.14134886
2454733.982816  7.718506e-01    -2.99757234  -0.33530215   0.14135213   -1.99498518  -0.30607132   0.14134974
2454733.990294  1.039282e+00    -2.99756313  -0.33537335   0.14135390   -1.99498182  -0.30601440   0.14135151
2454733.994074  8.870196e-01    -2.99755847  -0.33540934   0.14135479   -1.99498013  -0.30598564   0.14135240
2454733.997846  7.847534e-01    -2.99755382  -0.33544525   0.14135568   -1.99497844  -0.30595693   0.14135329
2454734.001542  1.084259e+00    -2.99754927  -0.33548044   0.14135655   -1.99497680  -0.30592880   0.14135416
2454734.005227  9.645688e-01    -2.99754472  -0.33551553   0.14135742   -1.99497516  -0.30590075   0.14135503
2454734.008942  1.096310e+00    -2.99754014  -0.33555090   0.14135829   -1.99497351  -0.30587248   0.14135590
2454734.012696  1.163947e+00    -2.99753552  -0.33558664   0.14135918   -1.99497184  -0.30584391   0.14135679
2454734.016381  1.083261e+00    -2.99753097  -0.33562172   0.14136005   -1.99497021  -0.30581586   0.14135766
2454734.020077  1.200973e+00    -2.99752641  -0.33565691   0.14136092   -1.99496858  -0.30578773   0.14135853
2454734.023826  1.018435e+00    -2.99752179  -0.33569261   0.14136180   -1.99496693  -0.30575920   0.14135941
2454734.027524  1.138501e+00    -2.99751723  -0.33572781   0.14136268   -1.99496531  -0.30573105   0.14136028
2454734.031211  1.053740e+00    -2.99751268  -0.33576292   0.14136354   -1.99496369  -0.30570299   0.14136115
2454734.034932  9.690210e-01    -2.99750809  -0.33579834   0.14136442   -1.99496207  -0.30567467   0.14136203
2454734.038691  8.408787e-01    -2.99750345  -0.33583413   0.14136531   -1.99496043  -0.30564606   0.14136292
2454734.042437  8.612579e-01    -2.99749883  -0.33586980   0.14136619   -1.99495880  -0.30561755   0.14136380
2454734.046174  9.026788e-01    -2.99749422  -0.33590538   0.14136707   -1.99495717  -0.30558911   0.14136468
2454734.049913  7.065344e-01    -2.99748960  -0.33594097   0.14136795   -1.99495555  -0.30556066   0.14136556
2454734.053625  8.187161e-01    -2.99748502  -0.33597632   0.14136883   -1.99495395  -0.30553241   0.14136644
2454734.057345  8.339372e-01    -2.99748043  -0.33601173   0.14136971   -1.99495234  -0.30550410   0.14136731
2454734.061216  8.944031e-01    -2.99747565  -0.33604859   0.14137062   -1.99495068  -0.30547464   0.14136823
2454734.064957  8.927571e-01    -2.99747103  -0.33608420   0.14137150   -1.99494907  -0.30544616   0.14136911
2454734.068706  9.035107e-01    -2.99746640  -0.33611990   0.14137238   -1.99494747  -0.30541763   0.14136999
2454734.072423  1.020313e+00    -2.99746181  -0.33615529   0.14137326   -1.99494588  -0.30538934   0.14137087
29 0   0.079   2008-09-27.5   R   Oey
2454736.922917  9.702938e-01    -2.99381068  -0.36327860   0.14203899   -1.99479240  -0.28373488   0.14203645
2454736.926602  1.235103e+00    -2.99380579  -0.36331364   0.14203984   -1.99479358  -0.28370696   0.14203730
2454736.930357  1.146313e+00    -2.99380081  -0.36334935   0.14204071   -1.99479478  -0.28367851   0.14203817
2454736.937744  1.201443e+00    -2.99379100  -0.36341960   0.14204242   -1.99479716  -0.28362254   0.14203988
2454736.945121  1.117129e+00    -2.99378121  -0.36348976   0.14204412   -1.99479955  -0.28356664   0.14204159
2454736.993029  1.145258e+00    -2.99371758  -0.36394534   0.14205520   -1.99481542  -0.28320369   0.14205267
2454736.996699  9.455908e-01    -2.99371270  -0.36398024   0.14205605   -1.99481666  -0.28317588   0.14205351
2454737.000402  9.223659e-01    -2.99370778  -0.36401545   0.14205691   -1.99481792  -0.28314783   0.14205437
2454737.004123  8.319616e-01    -2.99370283  -0.36405084   0.14205777   -1.99481918  -0.28311964   0.14205523
2454737.007812  9.403797e-01    -2.99369793  -0.36408592   0.14205862   -1.99482044  -0.28309169   0.14205608
2454737.011537  9.249180e-01    -2.99369297  -0.36412134   0.14205948   -1.99482171  -0.28306348   0.14205694
2454737.015217  7.937856e-01    -2.99368808  -0.36415634   0.14206033   -1.99482297  -0.28303560   0.14205780
2454737.018908  9.072004e-01    -2.99368317  -0.36419144   0.14206119   -1.99482424  -0.28300764   0.14205865
2454737.022582  1.017896e+00    -2.99367828  -0.36422637   0.14206204   -1.99482551  -0.28297981   0.14205950
2454737.026344  9.438507e-01    -2.99367328  -0.36426215   0.14206291   -1.99482681  -0.28295131   0.14206037
2454737.030106  9.965596e-01    -2.99366828  -0.36429792   0.14206378   -1.99482811  -0.28292281   0.14206124
2454737.033819  9.783702e-01    -2.99366334  -0.36433323   0.14206464   -1.99482940  -0.28289468   0.14206210
2454737.037501  9.919807e-01    -2.99365844  -0.36436825   0.14206549   -1.99483069  -0.28286679   0.14206295
2454737.041268  8.914630e-01    -2.99365343  -0.36440407   0.14206636   -1.99483201  -0.28283826   0.14206382
2454737.045023  1.015087e+00    -2.99364843  -0.36443978   0.14206723   -1.99483332  -0.28280981   0.14206469
2454737.048740  9.055309e-01    -2.99364348  -0.36447512   0.14206809   -1.99483463  -0.28278166   0.14206554
2454737.052542  9.956422e-01    -2.99363842  -0.36451128   0.14206896   -1.99483597  -0.28275286   0.14206642
2454737.056224  9.613982e-01    -2.99363352  -0.36454629   0.14206982   -1.99483727  -0.28272497   0.14206727
2454737.059986  9.774696e-01    -2.99362851  -0.36458207   0.14207069   -1.99483861  -0.28269647   0.14206814
2454737.064008  9.377851e-01    -2.99362316  -0.36462031   0.14207161   -1.99484004  -0.28266601   0.14206907
2454737.067684  1.094721e+00    -2.99361827  -0.36465527   0.14207246   -1.99484135  -0.28263817   0.14206992
2454737.071369  1.178429e+00    -2.99361336  -0.36469031   0.14207332   -1.99484266  -0.28261026   0.14207077
2454737.075043  1.021653e+00    -2.99360847  -0.36472525   0.14207417   -1.99484398  -0.28258243   0.14207162
2454737.078756  1.010423e+00    -2.99360352  -0.36476056   0.14207502   -1.99484532  -0.28255430   0.14207248
21 0   0.049   2008-09-28.6   R   Oey
2454738.091024  9.061123e-01    -2.99223887  -0.37438446   0.14230821   -1.99534361  -0.27489853   0.14230561
2454738.094708  9.953640e-01    -2.99223384  -0.37441947   0.14230905   -1.99534592  -0.27487071   0.14230646
2454738.098395  1.027974e+00    -2.99222881  -0.37445452   0.14230990   -1.99534823  -0.27484287   0.14230731
2454738.102093  9.727068e-01    -2.99222376  -0.37448967   0.14231075   -1.99535054  -0.27481495   0.14230816
2454738.105777  9.470698e-01    -2.99221873  -0.37452469   0.14231159   -1.99535286  -0.27478713   0.14230900
2454738.109450  9.086195e-01    -2.99221372  -0.37455960   0.14231244   -1.99535517  -0.27475940   0.14230984
2454738.113149  1.028921e+00    -2.99220867  -0.37459476   0.14231328   -1.99535750  -0.27473147   0.14231069
2454738.116833  1.035576e+00    -2.99220364  -0.37462978   0.14231413   -1.99535982  -0.27470365   0.14231154
2454738.120507  7.230728e-01    -2.99219863  -0.37466470   0.14231497   -1.99536214  -0.27467591   0.14231238
2454738.124190  8.895738e-01    -2.99219360  -0.37469970   0.14231582   -1.99536447  -0.27464810   0.14231323
2454738.127940  7.592450e-01    -2.99218848  -0.37473535   0.14231668   -1.99536685  -0.27461979   0.14231409
2454738.131731  8.558192e-01    -2.99218330  -0.37477138   0.14231755   -1.99536925  -0.27459117   0.14231496
2454738.135408  1.046121e+00    -2.99217828  -0.37480633   0.14231839   -1.99537159  -0.27456341   0.14231580
2454738.139081  9.102947e-01    -2.99217326  -0.37484125   0.14231924   -1.99537393  -0.27453568   0.14231664
2454738.142780  1.192290e+00    -2.99216821  -0.37487640   0.14232009   -1.99537629  -0.27450775   0.14231749
2454738.146475  1.151283e+00    -2.99216316  -0.37491153   0.14232093   -1.99537865  -0.27447985   0.14231834
2454738.150148  1.143884e+00    -2.99215814  -0.37494644   0.14232178   -1.99538100  -0.27445212   0.14231918
2454738.153874  1.115789e+00    -2.99215305  -0.37498185   0.14232263   -1.99538338  -0.27442399   0.14232004
2454738.157995  1.133397e+00    -2.99214742  -0.37502102   0.14232358   -1.99538603  -0.27439288   0.14232098
2454738.161705  1.182448e+00    -2.99214235  -0.37505629   0.14232443   -1.99538841  -0.27436488   0.14232183
2454738.165422  1.074440e+00    -2.99213727  -0.37509162   0.14232528   -1.99539080  -0.27433681   0.14232269
28 0 0.12 2005.12-2008.9 V 703_CATALINA
2453732.921091 1.310579e+00 2.559394e+00 -8.134231e-01 -8.698708e-02 2.444734e+00 1.632729e-01 -8.698015e-02
2453732.927612 3.291786e-01 2.559415e+00 -8.133559e-01 -8.699003e-02 2.444641e+00 1.633267e-01 -8.698309e-02
2453732.934162 5.216744e-01 2.559435e+00 -8.132883e-01 -8.699299e-02 2.444548e+00 1.633807e-01 -8.698605e-02
2453732.940933 9.939554e-01 2.559456e+00 -8.132184e-01 -8.699604e-02 2.444451e+00 1.634365e-01 -8.698911e-02
2453788.849718 1.350444e+00 2.673005e+00 -2.216467e-01 -1.099759e-01 1.787791e+00 2.199154e-01 -1.099716e-01
2453788.860138 1.350327e+00 2.673015e+00 -2.215346e-01 -1.099797e-01 1.787718e+00 2.198664e-01 -1.099754e-01
2453788.876729 1.024186e+00 2.673029e+00 -2.213560e-01 -1.099858e-01 1.787601e+00 2.197884e-01 -1.099815e-01
2453788.893230 1.122843e+00 2.673044e+00 -2.211785e-01 -1.099919e-01 1.787484e+00 2.197108e-01 -1.099876e-01
2453816.927453 1.881860e+00 2.682124e+00 8.124557e-02 -1.196007e-01 1.686062e+00 5.397457e-02 -1.195988e-01
2453816.932523 1.881858e+00 2.682123e+00 8.130027e-02 -1.196023e-01 1.686062e+00 5.394176e-02 -1.196004e-01
2453816.937583 1.301926e+00 2.682121e+00 8.135487e-02 -1.196039e-01 1.686061e+00 5.390901e-02 -1.196020e-01
2453816.942683 1.565258e+00 2.682120e+00 8.140990e-02 -1.196055e-01 1.686061e+00 5.387600e-02 -1.196037e-01
2453845.756160 1.017922e+00 2.657932e+00 3.911893e-01 -1.279854e-01 1.787457e+00 -1.103299e-01 -1.279864e-01
2453845.763650 1.017984e+00 2.657922e+00 3.912693e-01 -1.279874e-01 1.787509e+00 -1.103620e-01 -1.279884e-01
2453845.771179 1.223960e+00 2.657911e+00 3.913498e-01 -1.279894e-01 1.787561e+00 -1.103942e-01 -1.279904e-01
2453845.778699 8.468249e-01 2.657900e+00 3.914302e-01 -1.279914e-01 1.787612e+00 -1.104264e-01 -1.279923e-01
2453880.664830 8.405219e-01 2.583802e+00 7.595469e-01 -1.359675e-01 2.135697e+00 -1.487459e-01 -1.359714e-01
2453880.673519 1.108134e+00 2.583777e+00 7.596371e-01 -1.359692e-01 2.135804e+00 -1.487224e-01 -1.359731e-01
2453880.682268 9.217984e-01 2.583753e+00 7.597280e-01 -1.359709e-01 2.135912e+00 -1.486987e-01 -1.359748e-01
2453880.690968 1.010833e+00 2.583728e+00 7.598183e-01 -1.359725e-01 2.136020e+00 -1.486751e-01 -1.359765e-01
2453886.688811 6.832209e-01 2.566145e+00 8.218951e-01 -1.370952e-01 2.211452e+00 -1.278770e-01 -1.370995e-01
2453886.697910 7.492148e-01 2.566117e+00 8.219889e-01 -1.370968e-01 2.211568e+00 -1.278385e-01 -1.371011e-01
2453886.707010 7.492929e-01 2.566089e+00 8.220828e-01 -1.370985e-01 2.211685e+00 -1.278000e-01 -1.371028e-01
2453886.716099 8.216691e-01 2.566062e+00 8.221765e-01 -1.371001e-01 2.211801e+00 -1.277615e-01 -1.371044e-01
2454738.807249 1.621607e+00 -2.991254e+00 -3.811918e-01 1.424716e-01 -1.995858e+00 -2.695007e-01 1.424694e-01
2454738.813859 1.949597e+00 -2.991245e+00 -3.812546e-01 1.424731e-01 -1.995863e+00 -2.694509e-01 1.424709e-01
2454738.820419 1.949593e+00 -2.991236e+00 -3.813169e-01 1.424746e-01 -1.995869e+00 -2.694015e-01 1.424724e-01
2454738.827059 1.778047e+00 -2.991227e+00 -3.813800e-01 1.424761e-01 -1.995874e+00 -2.693515e-01 1.424739e-01
1 1
2 1
3 1
4 0.15
