2	0.5	1000	 1	period_start period_step period_end fixed/free
0.0				initial epoch
0.0				initial rotation angle      
0.1				convexity weight      
3 3				degree and order of spherical harmonics      
6				number of rows        
0.5	1			scattering parameters
0.1	1
-0.5	1     
0.1	0			LS coeff                 
50				iteration stop condidion
10				minimum number of iterations (only if the above value < 1)
5				Alamda multiplicative factor
0.1				Alamda initial value
1
101 0 0.12 2005.10-2009.12 V 703_CATALINA
2453668.834546 1.366054e+00 -1.983887e+00 -1.892567e+00 4.512757e-01 -1.140064e+00 -1.366660e+00 4.512790e-01
2453668.843166 1.497833e+00 -1.983842e+00 -1.892641e+00 4.512617e-01 -1.140100e+00 -1.366608e+00 4.512650e-01
2453668.851766 1.642325e+00 -1.983797e+00 -1.892715e+00 4.512476e-01 -1.140136e+00 -1.366557e+00 4.512509e-01
2453675.836280 1.496225e+00 -1.946578e+00 -1.951779e+00 4.397008e-01 -1.174502e+00 -1.328219e+00 4.397048e-01
2453675.844150 1.496235e+00 -1.946536e+00 -1.951844e+00 4.396876e-01 -1.174547e+00 -1.328180e+00 4.396917e-01
2453675.852080 1.496246e+00 -1.946493e+00 -1.951911e+00 4.396743e-01 -1.174592e+00 -1.328140e+00 4.396784e-01
2453675.859970 1.640613e+00 -1.946450e+00 -1.951977e+00 4.396611e-01 -1.174637e+00 -1.328101e+00 4.396652e-01
2453696.784738 1.356829e+00 -1.827372e+00 -2.121078e+00 4.033647e-01 -1.333443e+00 -1.265826e+00 4.033705e-01
2453696.790058 1.631330e+00 -1.827340e+00 -2.121119e+00 4.033552e-01 -1.333492e+00 -1.265822e+00 4.033610e-01
2453696.795358 1.788786e+00 -1.827309e+00 -2.121161e+00 4.033457e-01 -1.333541e+00 -1.265818e+00 4.033515e-01
2453696.800648 1.487905e+00 -1.827277e+00 -2.121202e+00 4.033362e-01 -1.333590e+00 -1.265814e+00 4.033420e-01
2453703.668526 1.308783e+00 -1.785857e+00 -2.174078e+00 3.909041e-01 -1.399754e+00 -1.266403e+00 3.909104e-01
2453703.674976 1.308859e+00 -1.785817e+00 -2.174127e+00 3.908923e-01 -1.399818e+00 -1.266409e+00 3.908986e-01
2453703.681426 1.573686e+00 -1.785778e+00 -2.174176e+00 3.908806e-01 -1.399883e+00 -1.266416e+00 3.908868e-01
2453703.687885 1.309011e+00 -1.785738e+00 -2.174225e+00 3.908687e-01 -1.399947e+00 -1.266422e+00 3.908750e-01
2453710.726484 1.278907e+00 -1.742155e+00 -2.227039e+00 3.778798e-01 -1.472445e+00 -1.279372e+00 3.778864e-01
2453710.734504 1.166475e+00 -1.742105e+00 -2.227098e+00 3.778648e-01 -1.472529e+00 -1.279394e+00 3.778714e-01
2453710.742563 1.063928e+00 -1.742055e+00 -2.227158e+00 3.778498e-01 -1.472615e+00 -1.279416e+00 3.778564e-01
2453710.750583 1.537973e+00 -1.742004e+00 -2.227217e+00 3.778349e-01 -1.472699e+00 -1.279439e+00 3.778415e-01
2453725.665599 1.388263e+00 -1.646060e+00 -2.334454e+00 3.495346e-01 -1.634122e+00 -1.350767e+00 3.495416e-01
2453725.671999 1.154800e+00 -1.646018e+00 -2.334499e+00 3.495223e-01 -1.634191e+00 -1.350811e+00 3.495292e-01
2453725.678408 1.388487e+00 -1.645976e+00 -2.334544e+00 3.495099e-01 -1.634261e+00 -1.350855e+00 3.495168e-01
2453725.684818 1.388599e+00 -1.645934e+00 -2.334588e+00 3.494975e-01 -1.634331e+00 -1.350899e+00 3.495045e-01
2453758.632213 4.899004e-01 -1.418415e+00 -2.548450e+00 2.837036e-01 -1.952861e+00 -1.721900e+00 2.837097e-01
2453758.638212 1.122384e+00 -1.418372e+00 -2.548486e+00 2.836913e-01 -1.952906e+00 -1.721992e+00 2.836974e-01
2453758.644182 1.023705e+00 -1.418329e+00 -2.548522e+00 2.836790e-01 -1.952951e+00 -1.722084e+00 2.836851e-01
2454082.889707 1.236031e+00 1.241772e+00 -2.901893e+00 -4.156659e-01 1.393598e+00 -1.929220e+00 -4.156616e-01
2454082.895118 8.550857e-01 1.241814e+00 -2.901873e+00 -4.156760e-01 1.393546e+00 -1.929186e+00 -4.156718e-01
2454082.900558 1.485900e+00 1.241856e+00 -2.901854e+00 -4.156862e-01 1.393494e+00 -1.929153e+00 -4.156820e-01
2454082.905988 9.374965e-01 1.241897e+00 -2.901834e+00 -4.156964e-01 1.393442e+00 -1.929119e+00 -4.156921e-01
2454094.726574 8.573449e-01 1.332181e+00 -2.857191e+00 -4.375871e-01 1.277669e+00 -1.875177e+00 -4.375826e-01
2454094.738044 1.130116e+00 1.332267e+00 -2.857145e+00 -4.376081e-01 1.277556e+00 -1.875143e+00 -4.376036e-01
2454094.747705 1.633411e+00 1.332341e+00 -2.857107e+00 -4.376258e-01 1.277460e+00 -1.875115e+00 -4.376212e-01
2454094.757375 1.489595e+00 1.332414e+00 -2.857069e+00 -4.376434e-01 1.277365e+00 -1.875087e+00 -4.376389e-01
2454108.871230 1.829635e+00 1.437957e+00 -2.798961e+00 -4.630414e-01 1.140749e+00 -1.861607e+00 -4.630368e-01
2454108.877820 2.006111e+00 1.438006e+00 -2.798933e+00 -4.630531e-01 1.140688e+00 -1.861614e+00 -4.630485e-01
2454108.884380 1.521757e+00 1.438054e+00 -2.798905e+00 -4.630647e-01 1.140627e+00 -1.861620e+00 -4.630601e-01
2454108.890860 1.154346e+00 1.438102e+00 -2.798877e+00 -4.630762e-01 1.140567e+00 -1.861626e+00 -4.630716e-01
2454117.763055 1.968195e+00 1.503113e+00 -2.759712e+00 -4.786105e-01 1.061844e+00 -1.880481e+00 -4.786060e-01
2454117.770005 1.795003e+00 1.503164e+00 -2.759681e+00 -4.786225e-01 1.061786e+00 -1.880504e+00 -4.786181e-01
2454117.776945 1.637051e+00 1.503214e+00 -2.759649e+00 -4.786346e-01 1.061728e+00 -1.880526e+00 -4.786301e-01
2454117.783905 1.361631e+00 1.503265e+00 -2.759618e+00 -4.786466e-01 1.061669e+00 -1.880549e+00 -4.786421e-01
2454125.672590 1.638795e+00 1.560152e+00 -2.723110e+00 -4.921668e-01 9.997267e-01 -1.913758e+00 -4.921625e-01
2454125.683660 1.638817e+00 1.560231e+00 -2.723057e+00 -4.921856e-01 9.996462e-01 -1.913815e+00 -4.921812e-01
2454125.694750 2.160411e+00 1.560310e+00 -2.723005e+00 -4.922044e-01 9.995657e-01 -1.913872e+00 -4.922001e-01
2454125.705870 1.243203e+00 1.560390e+00 -2.722952e+00 -4.922232e-01 9.994849e-01 -1.913929e+00 -4.922189e-01
2454139.604232 7.458008e-01 1.658403e+00 -2.654829e+00 -5.153476e-01 9.157800e-01 -2.005651e+00 -5.153437e-01
2454139.615432 1.421168e+00 1.658481e+00 -2.654772e+00 -5.153659e-01 9.157278e-01 -2.005740e+00 -5.153620e-01
2454139.620822 1.182106e+00 1.658519e+00 -2.654744e+00 -5.153746e-01 9.157028e-01 -2.005783e+00 -5.153708e-01
2454139.626252 1.182136e+00 1.658556e+00 -2.654717e+00 -5.153835e-01 9.156775e-01 -2.005826e+00 -5.153797e-01
2454139.690670 1.421668e+00 1.659004e+00 -2.654390e+00 -5.154886e-01 9.153783e-01 -2.006338e+00 -5.154847e-01
2454139.699279 1.421725e+00 1.659064e+00 -2.654346e+00 -5.155026e-01 9.153384e-01 -2.006407e+00 -5.154988e-01
2454139.707869 1.296680e+00 1.659123e+00 -2.654303e+00 -5.155166e-01 9.152986e-01 -2.006475e+00 -5.155128e-01
2454139.716479 1.559016e+00 1.659183e+00 -2.654259e+00 -5.155306e-01 9.152587e-01 -2.006544e+00 -5.155268e-01
2454149.603970 9.489695e-01 1.727099e+00 -2.602867e+00 -5.314176e-01 8.804391e-01 -2.093159e+00 -5.314142e-01
2454149.609330 1.371726e+00 1.727135e+00 -2.602839e+00 -5.314261e-01 8.804264e-01 -2.093210e+00 -5.314227e-01
2454149.614650 7.893741e-01 1.727171e+00 -2.602811e+00 -5.314345e-01 8.804138e-01 -2.093260e+00 -5.314311e-01
2454149.631809 9.491437e-01 1.727288e+00 -2.602719e+00 -5.314617e-01 8.803734e-01 -2.093423e+00 -5.314583e-01
2454423.993841 9.530706e-01 2.750028e+00 -4.128209e-01 -7.245519e-01 3.293290e+00 4.127638e-01 -7.245515e-01
2454423.996561 1.044997e+00 2.750028e+00 -4.127942e-01 -7.245509e-01 3.293249e+00 4.128160e-01 -7.245505e-01
2454423.999401 1.044973e+00 2.750027e+00 -4.127664e-01 -7.245498e-01 3.293207e+00 4.128705e-01 -7.245495e-01
2454424.002281 6.593176e-01 2.750027e+00 -4.127382e-01 -7.245488e-01 3.293165e+00 4.129257e-01 -7.245484e-01
2454498.016258 1.496951e+00 2.639508e+00 3.178307e-01 -6.721546e-01 1.981436e+00 1.051142e+00 -6.721519e-01
2454498.022758 4.956423e-01 2.639489e+00 3.178946e-01 -6.721478e-01 1.981333e+00 1.051131e+00 -6.721450e-01
2454498.029249 7.163573e-01 2.639471e+00 3.179584e-01 -6.721409e-01 1.981229e+00 1.051120e+00 -6.721381e-01
2454498.035689 1.035359e+00 2.639452e+00 3.180217e-01 -6.721341e-01 1.981127e+00 1.051109e+00 -6.721313e-01
2454563.901901 1.083162e+00 2.367771e+00 9.479808e-01 -5.813467e-01 1.414725e+00 6.413471e-01 -5.813453e-01
2454563.906941 9.009078e-01 2.367744e+00 9.480270e-01 -5.813382e-01 1.414723e+00 6.413105e-01 -5.813368e-01
2454563.911962 9.008806e-01 2.367717e+00 9.480731e-01 -5.813296e-01 1.414721e+00 6.412740e-01 -5.813282e-01
2454563.916962 9.877662e-01 2.367690e+00 9.481190e-01 -5.813211e-01 1.414719e+00 6.412377e-01 -5.813198e-01
2454572.785545 1.039188e+00 2.318192e+00 1.028861e+00 -5.658898e-01 1.420333e+00 5.802798e-01 -5.658888e-01
2454572.791055 1.039169e+00 2.318160e+00 1.028910e+00 -5.658800e-01 1.420342e+00 5.802444e-01 -5.658790e-01
2454572.796575 9.477163e-01 2.318129e+00 1.028960e+00 -5.658702e-01 1.420351e+00 5.802089e-01 -5.658691e-01
2454572.802095 1.039131e+00 2.318097e+00 1.029010e+00 -5.658603e-01 1.420360e+00 5.801735e-01 -5.658593e-01
2454585.858580 1.477620e+00 2.239625e+00 1.145352e+00 -5.417763e-01 1.460099e+00 5.075364e-01 -5.417758e-01
2454585.866630 1.347613e+00 2.239575e+00 1.145422e+00 -5.417610e-01 1.460134e+00 5.074995e-01 -5.417605e-01
2454585.874700 1.120902e+00 2.239524e+00 1.145493e+00 -5.417456e-01 1.460169e+00 5.074624e-01 -5.417451e-01
2454585.882719 1.022281e+00 2.239474e+00 1.145564e+00 -5.417303e-01 1.460204e+00 5.074256e-01 -5.417298e-01
2454591.795333 9.409239e-01 2.201749e+00 1.197157e+00 -5.302935e-01 1.489098e+00 4.832941e-01 -5.302932e-01
2454591.802963 9.409408e-01 2.201700e+00 1.197223e+00 -5.302785e-01 1.489139e+00 4.832670e-01 -5.302783e-01
2454591.810583 1.491317e+00 2.201650e+00 1.197289e+00 -5.302636e-01 1.489180e+00 4.832399e-01 -5.302633e-01
2454591.818193 1.240446e+00 2.201601e+00 1.197355e+00 -5.302486e-01 1.489221e+00 4.832129e-01 -5.302484e-01
2455091.809831 8.708190e-01 -2.337026e+00 9.615741e-02 6.071481e-01 -1.336738e+00 -1.682410e-03 6.071453e-01
2455091.815271 8.708315e-01 -2.337039e+00 9.609541e-02 6.071492e-01 -1.336742e+00 -1.651610e-03 6.071464e-01
2455091.820781 9.548616e-01 -2.337051e+00 9.603261e-02 6.071504e-01 -1.336747e+00 -1.620420e-03 6.071476e-01
2455091.826250 9.548753e-01 -2.337063e+00 9.597027e-02 6.071515e-01 -1.336752e+00 -1.589450e-03 6.071487e-01
2455098.819032 8.941016e-01 -2.351558e+00 1.621211e-02 6.082892e-01 -1.348679e+00 3.835543e-02 6.082862e-01
2455098.825292 8.154552e-01 -2.351570e+00 1.614069e-02 6.082900e-01 -1.348695e+00 3.839128e-02 6.082869e-01
2455098.831532 9.804229e-01 -2.351582e+00 1.606950e-02 6.082907e-01 -1.348711e+00 3.842702e-02 6.082876e-01
2455098.837892 8.941842e-01 -2.351594e+00 1.599694e-02 6.082915e-01 -1.348728e+00 3.846344e-02 6.082884e-01
2455126.699334 7.227632e-01 -2.385997e+00 -3.011244e-01 6.068075e-01 -1.513779e+00 1.781206e-01 6.068038e-01
2455126.707784 7.925758e-01 -2.386002e+00 -3.012201e-01 6.068056e-01 -1.513856e+00 1.781517e-01 6.068019e-01
2455126.716204 9.529834e-01 -2.386007e+00 -3.013155e-01 6.068038e-01 -1.513933e+00 1.781827e-01 6.068001e-01
2455126.724643 7.229862e-01 -2.386012e+00 -3.014111e-01 6.068019e-01 -1.514010e+00 1.782138e-01 6.067982e-01
2455152.683889 9.428958e-01 -2.385706e+00 -5.929392e-01 5.971819e-01 -1.816012e+00 2.151672e-01 5.971782e-01
2455152.691738 6.523998e-01 -2.385701e+00 -5.930264e-01 5.971779e-01 -1.816120e+00 2.151573e-01 5.971742e-01
2455152.707327 6.525494e-01 -2.385692e+00 -5.931995e-01 5.971698e-01 -1.816334e+00 2.151376e-01 5.971661e-01
2455182.570254 6.362772e-01 -2.349115e+00 -9.193669e-01 5.770381e-01 -2.265143e+00 6.114391e-02 5.770353e-01
2455182.574794 6.363178e-01 -2.349107e+00 -9.194155e-01 5.770343e-01 -2.265214e+00 6.110165e-02 5.770315e-01
2455182.579373 1.105865e+00 -2.349098e+00 -9.194646e-01 5.770305e-01 -2.265285e+00 6.105902e-02 5.770277e-01
2455182.583923 1.457906e+00 -2.349090e+00 -9.195133e-01 5.770268e-01 -2.265356e+00 6.101666e-02 5.770240e-01
1 0.5
