2	0.5	1000	 1	period_start period_step period_end fixed/free
0.0				initial epoch
0.0				initial rotation angle      
0.1				convexity weight      
3 3				degree and order of spherical harmonics      
6				number of rows        
0.5	1			scattering parameters
0.1	1
-0.5	1     
0.1	0			LS coeff                 
50				iteration stop condidion
10				minimum number of iterations (only if the above value < 1)
5				Alamda multiplicative factor
0.1				Alamda initial value
19
66 0   0.012   2008-09-01.4   R   Oey
2454710.033030  9.526465e-01    -2.23590051  -0.00900072   0.39304262   -1.29772251  -0.38119762   0.39304159
2454710.057651  9.395756e-01    -2.23594828  -0.00930851   0.39298869   -1.29762106  -0.38111323   0.39298767
2454710.059822  9.404414e-01    -2.23595249  -0.00933565   0.39298394   -1.29761212  -0.38110579   0.39298291
2454710.077443  9.378464e-01    -2.23598665  -0.00955593   0.39294534   -1.29753959  -0.38104535   0.39294431
2454710.095567  9.413080e-01    -2.23602177  -0.00978251   0.39290564   -1.29746507  -0.38098315   0.39290461
2454710.097047  9.856705e-01    -2.23602464  -0.00980101   0.39290239   -1.29745898  -0.38097807   0.39290137
2454710.110046  9.473965e-01    -2.23604981  -0.00996351   0.39287392   -1.29740558  -0.38093344   0.39287289
2454710.111523  9.335373e-01    -2.23605267  -0.00998197   0.39287068   -1.29739951  -0.38092836   0.39286965
2454710.124978  9.318194e-01    -2.23607872  -0.01015018   0.39284120   -1.29734428  -0.38088214   0.39284017
2454710.126446  9.326780e-01    -2.23608156  -0.01016853   0.39283798   -1.29733825  -0.38087710   0.39283696
2454710.139091  9.491431e-01    -2.23610603  -0.01032660   0.39281028   -1.29728638  -0.38083364   0.39280925
2454710.140561  9.387106e-01    -2.23610887  -0.01034498   0.39280706   -1.29728036  -0.38082859   0.39280603
2454710.153253  9.232763e-01    -2.23613342  -0.01050365   0.39277925   -1.29722833  -0.38078495   0.39277822
2454710.154721  9.266841e-01    -2.23613626  -0.01052200   0.39277603   -1.29722231  -0.38077990   0.39277500
2454710.167723  9.249786e-01    -2.23616140  -0.01068454   0.39274754   -1.29716906  -0.38073517   0.39274651
2454710.169201  9.387106e-01    -2.23616426  -0.01070301   0.39274430   -1.29716301  -0.38073009   0.39274327
2454710.987653  1.061040e+00    -2.23772748  -0.02093474   0.39094738   -1.29388371  -0.37787859   0.39094630
2454710.989142  1.057138e+00    -2.23773029  -0.02095335   0.39094410   -1.29387787  -0.37787334   0.39094302
2454710.994741  1.051312e+00    -2.23774085  -0.02102333   0.39093179   -1.29385594  -0.37785359   0.39093071
2454710.996232  1.037843e+00    -2.23774366  -0.02104197   0.39092851   -1.29385010  -0.37784833   0.39092743
2454711.001891  1.040715e+00    -2.23775434  -0.02111272   0.39091606   -1.29382793  -0.37782836   0.39091498
2454711.003376  1.046482e+00    -2.23775714  -0.02113129   0.39091279   -1.29382212  -0.37782312   0.39091171
2454711.008980  1.056165e+00    -2.23776771  -0.02120135   0.39090047   -1.29380018  -0.37780335   0.39089938
2454711.010468  1.080766e+00    -2.23777051  -0.02121995   0.39089719   -1.29379436  -0.37779810   0.39089611
2454711.025131  1.049378e+00    -2.23779815  -0.02140325   0.39086494   -1.29373699  -0.37774634   0.39086385
2454711.026615  1.066920e+00    -2.23780095  -0.02142180   0.39086167   -1.29373119  -0.37774110   0.39086059
2454711.033731  1.047446e+00    -2.23781436  -0.02151076   0.39084602   -1.29370337  -0.37771597   0.39084493
2454711.050454  1.015154e+00    -2.23784586  -0.02171982   0.39080922   -1.29363802  -0.37765690   0.39080814
2454711.051937  1.056165e+00    -2.23784866  -0.02173836   0.39080596   -1.29363223  -0.37765166   0.39080487
2454711.065195  1.032124e+00    -2.23787362  -0.02190410   0.39077679   -1.29358048  -0.37760480   0.39077570
2454711.066681  9.993824e-01    -2.23787642  -0.02192267   0.39077352   -1.29357468  -0.37759955   0.39077243
2454711.079556  1.047446e+00    -2.23790065  -0.02208363   0.39074519   -1.29352446  -0.37755403   0.39074410
2454711.081037  1.034979e+00    -2.23790343  -0.02210215   0.39074193   -1.29351869  -0.37754879   0.39074084
2454711.093845  9.658991e-01    -2.23792753  -0.02226225   0.39071375   -1.29346878  -0.37750349   0.39071266
2454711.095327  1.017025e+00    -2.23793032  -0.02228078   0.39071049   -1.29346300  -0.37749825   0.39070940
2454711.108188  9.838565e-01    -2.23795450  -0.02244156   0.39068218   -1.29341292  -0.37745273   0.39068109
2454711.109672  1.028328e+00    -2.23795729  -0.02246012   0.39067892   -1.29340714  -0.37744748   0.39067783
2454711.123048  9.920458e-01    -2.23798243  -0.02262734   0.39064948   -1.29335509  -0.37740013   0.39064839
2454711.124528  9.775337e-01    -2.23798521  -0.02264584   0.39064622   -1.29334933  -0.37739489   0.39064513
2454711.137376  9.947907e-01    -2.23800935  -0.02280644   0.39061794   -1.29329938  -0.37734939   0.39061685
2454711.138862  1.009559e+00    -2.23801214  -0.02282502   0.39061467   -1.29329361  -0.37734412   0.39061358
2454711.153966  9.874878e-01    -2.23804051  -0.02301385   0.39058142   -1.29323493  -0.37729061   0.39058033
2454711.166830  9.865787e-01    -2.23806465  -0.02317465   0.39055311   -1.29318500  -0.37724501   0.39055201
2454711.168314  1.000303e+00    -2.23806744  -0.02319320   0.39054984   -1.29317924  -0.37723975   0.39054875
2454711.230003  1.003995e+00    -2.23818310  -0.02396438   0.39041402   -1.29294031  -0.37702084   0.39041293
2454711.231490  9.829507e-01    -2.23818589  -0.02398297   0.39041075   -1.29293456  -0.37701556   0.39040965
2454711.237231  9.938749e-01    -2.23819664  -0.02405474   0.39039811   -1.29291237  -0.37699517   0.39039701
2454711.238713  1.006773e+00    -2.23819942  -0.02407327   0.39039484   -1.29290664  -0.37698990   0.39039375
2454711.244561  9.975433e-01    -2.23821037  -0.02414638   0.39038196   -1.29288404  -0.37696912   0.39038087
2454711.246052  1.014219e+00    -2.23821316  -0.02416502   0.39037868   -1.29287828  -0.37696382   0.39037758
2454711.251860  1.004921e+00    -2.23822403  -0.02423763   0.39036589   -1.29285585  -0.37694318   0.39036479
2454711.253341  1.005847e+00    -2.23822680  -0.02425614   0.39036263   -1.29285013  -0.37693792   0.39036153
2454711.259049  1.017025e+00    -2.23823749  -0.02432750   0.39035006   -1.29282809  -0.37691763   0.39034896
2454711.260534  1.000303e+00    -2.23824027  -0.02434605   0.39034679   -1.29282236  -0.37691236   0.39034569
2454711.266260  1.001225e+00    -2.23825098  -0.02441764   0.39033418   -1.29280026  -0.37689200   0.39033308
2454711.267742  1.032124e+00    -2.23825375  -0.02443616   0.39033092   -1.29279454  -0.37688673   0.39032982
2454711.273530  1.016089e+00    -2.23826458  -0.02450852   0.39031817   -1.29277221  -0.37686615   0.39031707
2454711.275016  1.009559e+00    -2.23826736  -0.02452710   0.39031489   -1.29276648  -0.37686086   0.39031380
2454711.280721  1.017025e+00    -2.23827803  -0.02459842   0.39030233   -1.29274448  -0.37684057   0.39030123
2454711.282203  1.019839e+00    -2.23828081  -0.02461695   0.39029907   -1.29273876  -0.37683530   0.39029797
2454711.288243  9.947907e-01    -2.23829210  -0.02469245   0.39028576   -1.29271548  -0.37681381   0.39028466
2454711.289725  1.000303e+00    -2.23829487  -0.02471098   0.39028250   -1.29270977  -0.37680854   0.39028140
2454711.295449  1.000303e+00    -2.23830557  -0.02478253   0.39026989   -1.29268772  -0.37678817   0.39026879
2454711.296929  1.032124e+00    -2.23830834  -0.02480103   0.39026663   -1.29268202  -0.37678291   0.39026553
2454711.302598  1.019839e+00    -2.23831894  -0.02487190   0.39025414   -1.29266018  -0.37676273   0.39025304
2454711.304081  1.061040e+00    -2.23832171  -0.02489044   0.39025088   -1.29265447  -0.37675745   0.39024978
7 0   0.016   2008-09-06.6   R   Oey
2454716.076088  1.025487e+00    -2.24659896  -0.08453173   0.37962907   -1.27677187  -0.35868949   0.37962768
2454716.077561  9.847598e-01    -2.24660131  -0.08455014   0.37962576   -1.27676775  -0.35868360   0.37962436
2454716.090306  1.047443e+00    -2.24662171  -0.08470938   0.37959709   -1.27673209  -0.35863266   0.37959570
2454716.091782  9.793328e-01    -2.24662407  -0.08472782   0.37959377   -1.27672796  -0.35862675   0.37959238
2454716.104991  1.010486e+00    -2.24664519  -0.08489284   0.37956407   -1.27669105  -0.35857394   0.37956268
2454716.119536  9.650067e-01    -2.24666844  -0.08507457   0.37953136   -1.27665045  -0.35851576   0.37952996
2454716.120994  9.874846e-01    -2.24667077  -0.08509279   0.37952808   -1.27664639  -0.35850993   0.37952668
31 0   0.023   2008-09-09.6   R   Oey
2454718.981768  1.001816e+00    -2.25101273  -0.12082561   0.37305524   -1.26959060  -0.34675097   0.37305368
2454718.983241  9.826258e-01    -2.25101485  -0.12084401   0.37305189   -1.26958745  -0.34674476   0.37305033
2454718.988592  9.727208e-01    -2.25102254  -0.12091082   0.37303971   -1.26957599  -0.34672221   0.37303815
2454718.990063  9.817212e-01    -2.25102466  -0.12092919   0.37303636   -1.26957285  -0.34671601   0.37303480
2454718.995422  1.001816e+00    -2.25103236  -0.12099611   0.37302417   -1.26956138  -0.34669342   0.37302260
2454718.996894  9.799144e-01    -2.25103447  -0.12101449   0.37302082   -1.26955823  -0.34668721   0.37301925
2454719.002568  9.908050e-01    -2.25104263  -0.12108535   0.37300790   -1.26954611  -0.34666329   0.37300634
2454719.009410  9.799144e-01    -2.25105245  -0.12117078   0.37299233   -1.26953149  -0.34663445   0.37299076
2454719.010876  1.014818e+00    -2.25105456  -0.12118909   0.37298899   -1.26952836  -0.34662826   0.37298742
2454719.034768  9.754122e-01    -2.25108885  -0.12148742   0.37293460   -1.26947742  -0.34652751   0.37293304
2454719.048961  9.340888e-01    -2.25110921  -0.12166465   0.37290229   -1.26944722  -0.34646763   0.37290072
2454719.087179  9.470832e-01    -2.25116398  -0.12214186   0.37281528   -1.26936613  -0.34630634   0.37281371
2454719.101751  9.638028e-01    -2.25118484  -0.12232382   0.37278209   -1.26933530  -0.34624481   0.37278052
2454719.103222  9.145094e-01    -2.25118694  -0.12234219   0.37277875   -1.26933219  -0.34623860   0.37277717
2454719.129992  9.799144e-01    -2.25122523  -0.12267645   0.37271778   -1.26927569  -0.34612554   0.37271621
2454719.131456  9.289411e-01    -2.25122732  -0.12269473   0.37271445   -1.26927260  -0.34611935   0.37271288
2454719.145397  9.366734e-01    -2.25124725  -0.12286880   0.37268270   -1.26924325  -0.34606045   0.37268113
2454719.216020  1.033685e+00    -2.25134800  -0.12375062   0.37252183   -1.26909522  -0.34576186   0.37252026
2454719.217485  1.000894e+00    -2.25135009  -0.12376891   0.37251850   -1.26909216  -0.34575566   0.37251692
2454719.237444  1.062645e+00    -2.25137851  -0.12401813   0.37247302   -1.26905054  -0.34567121   0.37247144
2454719.238908  1.022323e+00    -2.25138060  -0.12403641   0.37246969   -1.26904749  -0.34566502   0.37246811
2454719.253242  1.045173e+00    -2.25140099  -0.12421539   0.37243703   -1.26901766  -0.34560435   0.37243545
2454719.259465  1.047100e+00    -2.25140985  -0.12429309   0.37242285   -1.26900472  -0.34557800   0.37242127
2454719.260932  1.037500e+00    -2.25141193  -0.12431141   0.37241950   -1.26900167  -0.34557179   0.37241792
2454719.266505  1.063624e+00    -2.25141986  -0.12438099   0.37240681   -1.26899010  -0.34554820   0.37240523
2454719.273528  1.066567e+00    -2.25142984  -0.12446868   0.37239080   -1.26897552  -0.34551847   0.37238922
2454719.274997  1.047100e+00    -2.25143193  -0.12448702   0.37238746   -1.26897248  -0.34551225   0.37238588
2454719.280584  1.037500e+00    -2.25143987  -0.12455678   0.37237473   -1.26896089  -0.34548859   0.37237314
2454719.282051  1.023265e+00    -2.25144195  -0.12457510   0.37237138   -1.26895785  -0.34548238   0.37236980
2454719.287627  1.025152e+00    -2.25144988  -0.12464472   0.37235868   -1.26894629  -0.34545876   0.37235709
2454719.289092  1.000894e+00    -2.25145196  -0.12466301   0.37235534   -1.26894326  -0.34545256   0.37235376
34 0   0.019   2008-09-10.3   R   Oey
2454719.087179  9.444301e-01    -2.25116398  -0.12214186   0.37281528   -1.26936613  -0.34630634   0.37281371
2454719.088646  9.470440e-01    -2.25116608  -0.12216018   0.37281194   -1.26936303  -0.34630015   0.37281037
2454719.129992  9.780697e-01    -2.25122523  -0.12267645   0.37271778   -1.26927569  -0.34612554   0.37271621
2454719.131456  9.558066e-01    -2.25122732  -0.12269473   0.37271445   -1.26927260  -0.34611935   0.37271288
2454719.216020  1.023222e+00    -2.25134800  -0.12375062   0.37252183   -1.26909522  -0.34576186   0.37252026
2454719.217485  9.834897e-01    -2.25135009  -0.12376891   0.37251850   -1.26909216  -0.34575566   0.37251692
2454719.251773  9.898513e-01    -2.25139890  -0.12419705   0.37244037   -1.26902071  -0.34561057   0.37243880
2454719.253242  9.744732e-01    -2.25140099  -0.12421539   0.37243703   -1.26901766  -0.34560435   0.37243545
2454719.259465  1.014776e+00    -2.25140985  -0.12429309   0.37242285   -1.26900472  -0.34557800   0.37242127
2454719.260932  1.023222e+00    -2.25141193  -0.12431141   0.37241950   -1.26900167  -0.34557179   0.37241792
2454719.282051  1.017584e+00    -2.25144195  -0.12457510   0.37237138   -1.26895785  -0.34548238   0.37236980
2454719.289092  1.013842e+00    -2.25145196  -0.12466301   0.37235534   -1.26894326  -0.34545256   0.37235376
2454719.985775  1.019460e+00    -2.25242814  -0.13336104   0.37076547   -1.26755588  -0.34248590   0.37076385
2454719.987249  9.880297e-01    -2.25243017  -0.13337944   0.37076211   -1.26755307  -0.34247958   0.37076048
2454719.992762  1.002698e+00    -2.25243779  -0.13344826   0.37074951   -1.26754253  -0.34245598   0.37074788
2454719.994239  9.834897e-01    -2.25243983  -0.13346670   0.37074613   -1.26753971  -0.34244966   0.37074451
2454720.006439  9.925902e-01    -2.25245668  -0.13361899   0.37071825   -1.26751644  -0.34239742   0.37071663
2454720.007909  9.789712e-01    -2.25245871  -0.13363734   0.37071489   -1.26751363  -0.34239113   0.37071327
2454720.024816  1.006399e+00    -2.25248204  -0.13384841   0.37067625   -1.26748143  -0.34231872   0.37067462
2454720.026284  9.834897e-01    -2.25248406  -0.13386674   0.37067289   -1.26747864  -0.34231243   0.37067127
2454720.039053  9.999306e-01    -2.25250167  -0.13402614   0.37064371   -1.26745437  -0.34225773   0.37064208
2454720.040523  1.032690e+00    -2.25250370  -0.13404449   0.37064035   -1.26745158  -0.34225143   0.37063872
2454720.053070  9.971721e-01    -2.25252099  -0.13420112   0.37061167   -1.26742777  -0.34219767   0.37061004
2454720.054536  1.015711e+00    -2.25252301  -0.13421942   0.37060832   -1.26742499  -0.34219139   0.37060669
2454720.066999  1.011975e+00    -2.25254018  -0.13437500   0.37057983   -1.26740139  -0.34213797   0.37057820
2454720.068464  1.040327e+00    -2.25254220  -0.13439329   0.37057648   -1.26739861  -0.34213170   0.37057485
2454720.081038  1.011044e+00    -2.25255951  -0.13455026   0.37054773   -1.26737484  -0.34207779   0.37054610
2454720.082504  1.016647e+00    -2.25256153  -0.13456856   0.37054438   -1.26737207  -0.34207151   0.37054275
2454720.095255  1.003621e+00    -2.25257908  -0.13472774   0.37051523   -1.26734799  -0.34201684   0.37051360
2454720.096724  9.971721e-01    -2.25258110  -0.13474607   0.37051187   -1.26734523  -0.34201054   0.37051024
2454720.109485  9.980904e-01    -2.25259865  -0.13490537   0.37048270   -1.26732118  -0.34195582   0.37048107
2454720.110951  1.012908e+00    -2.25260066  -0.13492367   0.37047934   -1.26731842  -0.34194953   0.37047771
2454720.123831  1.026999e+00    -2.25261836  -0.13508446   0.37044989   -1.26729419  -0.34189428   0.37044826
2454720.139590  1.014776e+00    -2.25264001  -0.13528119   0.37041386   -1.26726459  -0.34182667   0.37041223
52 0   0.017   2008-09-10.7   R   Oey
2454719.985775  1.032658e+00    -2.25242814  -0.13336104   0.37076547   -1.26755588  -0.34248590   0.37076385
2454719.987249  9.953057e-01    -2.25243017  -0.13337944   0.37076211   -1.26755307  -0.34247958   0.37076048
2454719.992762  1.019428e+00    -2.25243779  -0.13344826   0.37074951   -1.26754253  -0.34245598   0.37074788
2454719.994239  1.029809e+00    -2.25243983  -0.13346670   0.37074613   -1.26753971  -0.34244966   0.37074451
2454719.999613  9.762398e-01    -2.25244725  -0.13353378   0.37073385   -1.26752946  -0.34242665   0.37073223
2454720.001081  9.690731e-01    -2.25244928  -0.13355210   0.37073050   -1.26752666  -0.34242037   0.37072887
2454720.006439  9.980597e-01    -2.25245668  -0.13361899   0.37071825   -1.26751644  -0.34239742   0.37071663
2454720.007909  9.971408e-01    -2.25245871  -0.13363734   0.37071489   -1.26751363  -0.34239113   0.37071327
2454720.024816  1.000821e+00    -2.25248204  -0.13384841   0.37067625   -1.26748143  -0.34231872   0.37067462
2454720.026284  9.879990e-01    -2.25248406  -0.13386674   0.37067289   -1.26747864  -0.34231243   0.37067127
2454720.039053  1.013810e+00    -2.25250167  -0.13402614   0.37064371   -1.26745437  -0.34225773   0.37064208
2454720.040523  1.042213e+00    -2.25250370  -0.13404449   0.37064035   -1.26745158  -0.34225143   0.37063872
2454720.053070  1.006367e+00    -2.25252099  -0.13420112   0.37061167   -1.26742777  -0.34219767   0.37061004
2454720.054536  9.825542e-01    -2.25252301  -0.13421942   0.37060832   -1.26742499  -0.34219139   0.37060669
2454720.066999  9.916457e-01    -2.25254018  -0.13437500   0.37057983   -1.26740139  -0.34213797   0.37057820
2454720.068464  9.744432e-01    -2.25254220  -0.13439329   0.37057648   -1.26739861  -0.34213170   0.37057485
2454720.081038  9.934740e-01    -2.25255951  -0.13455026   0.37054773   -1.26737484  -0.34207779   0.37054610
2454720.082504  9.708598e-01    -2.25256153  -0.13456856   0.37054438   -1.26737207  -0.34207151   0.37054275
2454720.095255  9.699659e-01    -2.25257908  -0.13472774   0.37051523   -1.26734799  -0.34201684   0.37051360
2454720.096724  1.003590e+00    -2.25258110  -0.13474607   0.37051187   -1.26734523  -0.34201054   0.37051024
2454720.109485  1.011944e+00    -2.25259865  -0.13490537   0.37048270   -1.26732118  -0.34195582   0.37048107
2454720.110951  9.879990e-01    -2.25260066  -0.13492367   0.37047934   -1.26731842  -0.34194953   0.37047771
2454720.123831  9.708598e-01    -2.25261836  -0.13508446   0.37044989   -1.26729419  -0.34189428   0.37044826
2454720.125300  9.708598e-01    -2.25262038  -0.13510280   0.37044654   -1.26729143  -0.34188798   0.37044490
2454720.139590  1.006367e+00    -2.25264001  -0.13528119   0.37041386   -1.26726459  -0.34182667   0.37041223
2454720.179741  9.798430e-01    -2.25269510  -0.13578240   0.37032204   -1.26718945  -0.34165435   0.37032041
2454720.181207  9.962228e-01    -2.25269711  -0.13580070   0.37031869   -1.26718671  -0.34164806   0.37031705
2454720.186583  9.870895e-01    -2.25270448  -0.13586781   0.37030639   -1.26717668  -0.34162497   0.37030476
2454720.188049  9.989794e-01    -2.25270649  -0.13588611   0.37030304   -1.26717395  -0.34161868   0.37030141
2454720.193433  9.998999e-01    -2.25271387  -0.13595332   0.37029073   -1.26716391  -0.34159556   0.37028909
2454720.194899  9.619588e-01    -2.25271588  -0.13597162   0.37028737   -1.26716118  -0.34158926   0.37028574
2454720.200269  1.006367e+00    -2.25272323  -0.13603865   0.37027509   -1.26715118  -0.34156621   0.37027346
2454720.201736  9.962228e-01    -2.25272524  -0.13605696   0.37027174   -1.26714845  -0.34155991   0.37027010
2454720.207426  1.016615e+00    -2.25273303  -0.13612799   0.37025872   -1.26713786  -0.34153547   0.37025709
2454720.208895  9.753410e-01    -2.25273504  -0.13614633   0.37025536   -1.26713512  -0.34152916   0.37025373
2454720.214380  1.025077e+00    -2.25274255  -0.13621480   0.37024282   -1.26712492  -0.34150560   0.37024118
2454720.215847  9.916457e-01    -2.25274456  -0.13623311   0.37023946   -1.26712220  -0.34149930   0.37023782
2454720.221239  1.022249e+00    -2.25275194  -0.13630042   0.37022713   -1.26711218  -0.34147614   0.37022549
2454720.222708  1.002666e+00    -2.25275395  -0.13631876   0.37022377   -1.26710945  -0.34146983   0.37022213
2454720.229552  9.762398e-01    -2.25276332  -0.13640419   0.37020811   -1.26709675  -0.34144042   0.37020647
2454720.234937  1.018489e+00    -2.25277069  -0.13647141   0.37019579   -1.26708676  -0.34141728   0.37019415
2454720.236410  9.879990e-01    -2.25277270  -0.13648980   0.37019242   -1.26708403  -0.34141096   0.37019079
2454720.241796  1.034562e+00    -2.25278007  -0.13655704   0.37018010   -1.26707405  -0.34138781   0.37017846
2454720.243267  1.001743e+00    -2.25278208  -0.13657540   0.37017674   -1.26707132  -0.34138149   0.37017510
2454720.248637  1.010082e+00    -2.25278942  -0.13664242   0.37016445   -1.26706138  -0.34135842   0.37016282
2454720.250110  1.021307e+00    -2.25279143  -0.13666081   0.37016108   -1.26705865  -0.34135209   0.37015945
2454720.255486  1.044135e+00    -2.25279878  -0.13672792   0.37014878   -1.26704871  -0.34132898   0.37014715
2454720.256952  1.016615e+00    -2.25280079  -0.13674622   0.37014543   -1.26704600  -0.34132268   0.37014379
2454720.262631  9.762398e-01    -2.25280855  -0.13681711   0.37013244   -1.26703550  -0.34129827   0.37013080
2454720.264100  1.012877e+00    -2.25281055  -0.13683545   0.37012908   -1.26703278  -0.34129196   0.37012744
2454720.269995  1.020367e+00    -2.25281861  -0.13690904   0.37011559   -1.26702190  -0.34126661   0.37011395
2454720.271466  1.015679e+00    -2.25282061  -0.13692740   0.37011222   -1.26701918  -0.34126029   0.37011059
52 0   0.014   2008-09-11.6   R   Oey
2454720.982562  9.499876e-01    -2.25377776  -0.14580300   0.36848302   -1.26576494  -0.33818774   0.36848134
2454720.984057  9.649790e-01    -2.25377974  -0.14582166   0.36847959   -1.26576242  -0.33818125   0.36847791
2454720.990614  9.552519e-01    -2.25378844  -0.14590349   0.36846455   -1.26575140  -0.33815277   0.36846287
2454720.992104  9.667583e-01    -2.25379041  -0.14592209   0.36846113   -1.26574890  -0.33814630   0.36845945
2454720.998111  9.947590e-01    -2.25379838  -0.14599706   0.36844735   -1.26573881  -0.33812021   0.36844566
2454720.999596  9.712207e-01    -2.25380034  -0.14601559   0.36844394   -1.26573632  -0.33811376   0.36844226
2454721.005299  9.965932e-01    -2.25380790  -0.14608677   0.36843085   -1.26572676  -0.33808899   0.36842917
2454721.006781  9.811105e-01    -2.25380986  -0.14610526   0.36842745   -1.26572427  -0.33808255   0.36842577
2454721.022623  1.003039e+00    -2.25383085  -0.14630298   0.36839110   -1.26569775  -0.33801373   0.36838942
2454721.024108  9.929283e-01    -2.25383281  -0.14632151   0.36838769   -1.26569526  -0.33800728   0.36838601
2454721.037765  9.838250e-01    -2.25385089  -0.14649194   0.36835635   -1.26567245  -0.33794794   0.36835467
2454721.039250  1.000271e+00    -2.25385285  -0.14651048   0.36835294   -1.26566997  -0.33794148   0.36835126
2454721.052176  1.002116e+00    -2.25386995  -0.14667180   0.36832328   -1.26564842  -0.33788530   0.36832160
2454721.053666  9.965932e-01    -2.25387192  -0.14669039   0.36831986   -1.26564594  -0.33787883   0.36831818
2454721.066498  9.856390e-01    -2.25388888  -0.14685054   0.36829041   -1.26562459  -0.33782305   0.36828872
2454721.067968  1.010457e+00    -2.25389082  -0.14686889   0.36828704   -1.26562214  -0.33781665   0.36828535
2454721.081542  1.010457e+00    -2.25390876  -0.14703828   0.36825588   -1.26559960  -0.33775764   0.36825420
2454721.083011  9.874564e-01    -2.25391070  -0.14705661   0.36825251   -1.26559717  -0.33775125   0.36825082
2454721.095543  1.003039e+00    -2.25392724  -0.14721302   0.36822374   -1.26557640  -0.33769675   0.36822206
2454721.097013  9.838250e-01    -2.25392918  -0.14723136   0.36822037   -1.26557397  -0.33769036   0.36821868
2454721.109622  1.020747e+00    -2.25394582  -0.14738872   0.36819143   -1.26555311  -0.33763552   0.36818974
2454721.111091  9.920142e-01    -2.25394776  -0.14740706   0.36818805   -1.26555069  -0.33762913   0.36818637
2454721.123773  9.820144e-01    -2.25396448  -0.14756533   0.36815894   -1.26552975  -0.33757395   0.36815725
2454721.125249  1.021687e+00    -2.25396643  -0.14758375   0.36815555   -1.26552732  -0.33756753   0.36815386
2454721.138312  1.004889e+00    -2.25398364  -0.14774676   0.36812557   -1.26550580  -0.33751070   0.36812388
2454721.139781  1.015121e+00    -2.25398558  -0.14776510   0.36812219   -1.26550338  -0.33750430   0.36812050
2454721.172566  1.024514e+00    -2.25402874  -0.14817425   0.36804692   -1.26544956  -0.33736160   0.36804523
2454721.174042  9.847317e-01    -2.25403068  -0.14819267   0.36804353   -1.26544714  -0.33735517   0.36804184
2454721.179520  1.000271e+00    -2.25403789  -0.14826103   0.36803095   -1.26543818  -0.33733132   0.36802926
2454721.180990  1.015121e+00    -2.25403982  -0.14827938   0.36802758   -1.26543577  -0.33732492   0.36802588
2454721.186439  1.005815e+00    -2.25404699  -0.14834737   0.36801507   -1.26542686  -0.33730120   0.36801337
2454721.187912  1.024514e+00    -2.25404892  -0.14836575   0.36801168   -1.26542445  -0.33729479   0.36800999
2454721.193367  1.002116e+00    -2.25405610  -0.14843383   0.36799916   -1.26541554  -0.33727103   0.36799746
2454721.194837  9.811105e-01    -2.25405803  -0.14845218   0.36799578   -1.26541314  -0.33726463   0.36799409
2454721.200247  1.016057e+00    -2.25406514  -0.14851969   0.36798336   -1.26540431  -0.33724107   0.36798167
2454721.201719  1.008598e+00    -2.25406707  -0.14853806   0.36797998   -1.26540191  -0.33723466   0.36797829
2454721.207134  9.748054e-01    -2.25407419  -0.14860564   0.36796754   -1.26539308  -0.33721107   0.36796585
2454721.208604  9.938434e-01    -2.25407612  -0.14862398   0.36796417   -1.26539069  -0.33720467   0.36796247
2454721.214020  9.757035e-01    -2.25408323  -0.14869157   0.36795173   -1.26538186  -0.33718108   0.36795004
2454721.215491  9.856390e-01    -2.25408516  -0.14870993   0.36794835   -1.26537947  -0.33717467   0.36794666
2454721.221197  9.901886e-01    -2.25409266  -0.14878114   0.36793525   -1.26537018  -0.33714981   0.36793355
2454721.222674  1.008598e+00    -2.25409460  -0.14879957   0.36793186   -1.26536778  -0.33714338   0.36793016
2454721.228396  1.019807e+00    -2.25410211  -0.14887098   0.36791871   -1.26535848  -0.33711845   0.36791702
2454721.229866  9.929283e-01    -2.25410404  -0.14888933   0.36791534   -1.26535609  -0.33711204   0.36791364
2454721.235340  1.061006e+00    -2.25411122  -0.14895764   0.36790277   -1.26534720  -0.33708819   0.36790107
2454721.236812  1.021687e+00    -2.25411315  -0.14897601   0.36789939   -1.26534481  -0.33708178   0.36789769
2454721.256783  1.048378e+00    -2.25413934  -0.14922523   0.36785352   -1.26531244  -0.33699475   0.36785182
2454721.258254  1.016993e+00    -2.25414127  -0.14924359   0.36785014   -1.26531006  -0.33698834   0.36784844
2454721.263904  1.054187e+00    -2.25414868  -0.14931410   0.36783716   -1.26530093  -0.33696371   0.36783547
2454721.265376  9.947590e-01    -2.25415061  -0.14933247   0.36783378   -1.26529855  -0.33695729   0.36783208
2454721.271054  1.013253e+00    -2.25415805  -0.14940332   0.36782074   -1.26528937  -0.33693254   0.36781904
2454721.272529  1.008598e+00    -2.25415998  -0.14942173   0.36781735   -1.26528699  -0.33692611   0.36781565
51 0   0.018   2008-09-12.6   R   Oey
2454721.956992  1.012274e+00    -2.25504367  -0.15796237   0.36624304   -1.26423609  -0.33392922   0.36624130
2454721.958462  9.801621e-01    -2.25504554  -0.15798071   0.36623965   -1.26423395  -0.33392275   0.36623791
2454721.964120  9.747604e-01    -2.25505274  -0.15805129   0.36622662   -1.26422572  -0.33389787   0.36622488
2454721.965591  9.720708e-01    -2.25505461  -0.15806964   0.36622323   -1.26422358  -0.33389140   0.36622150
2454721.979834  9.649347e-01    -2.25507271  -0.15824735   0.36619043   -1.26420290  -0.33382876   0.36618869
2454721.986667  1.002993e+00    -2.25508139  -0.15833260   0.36617469   -1.26419299  -0.33379870   0.36617295
2454721.993479  9.774576e-01    -2.25509005  -0.15841759   0.36615900   -1.26418312  -0.33376873   0.36615726
2454721.998813  1.016946e+00    -2.25509682  -0.15848414   0.36614671   -1.26417540  -0.33374526   0.36614497
2454722.000282  9.947132e-01    -2.25509869  -0.15850247   0.36614333   -1.26417328  -0.33373880   0.36614159
2454722.005631  9.865018e-01    -2.25510548  -0.15856921   0.36613100   -1.26416555  -0.33371526   0.36612926
2454722.006928  1.009480e+00    -2.25510712  -0.15858539   0.36612802   -1.26416368  -0.33370956   0.36612628
2454722.019170  9.819692e-01    -2.25512266  -0.15873812   0.36609982   -1.26414601  -0.33365569   0.36609808
2454722.020634  1.030144e+00    -2.25512451  -0.15875638   0.36609644   -1.26414390  -0.33364924   0.36609470
2454722.049866  9.937974e-01    -2.25516157  -0.15912109   0.36602910   -1.26410187  -0.33352057   0.36602735
2454722.062609  1.009480e+00    -2.25517771  -0.15928008   0.36599973   -1.26408361  -0.33346446   0.36599799
2454722.064079  9.983846e-01    -2.25517957  -0.15929842   0.36599635   -1.26408151  -0.33345799   0.36599460
2454722.076588  9.605012e-01    -2.25519540  -0.15945447   0.36596753   -1.26406362  -0.33340291   0.36596578
2454722.078057  9.810653e-01    -2.25519726  -0.15947280   0.36596414   -1.26406153  -0.33339644   0.36596240
2454722.090641  9.473226e-01    -2.25521318  -0.15962980   0.36593514   -1.26404358  -0.33334101   0.36593340
2454722.092110  9.874108e-01    -2.25521504  -0.15964813   0.36593176   -1.26404148  -0.33333454   0.36593001
2454722.104658  1.023524e+00    -2.25523090  -0.15980468   0.36590284   -1.26402363  -0.33327926   0.36590110
2454722.106130  1.030144e+00    -2.25523276  -0.15982304   0.36589945   -1.26402153  -0.33327278   0.36589770
2454722.118657  1.022581e+00    -2.25524859  -0.15997933   0.36587058   -1.26400375  -0.33321758   0.36586883
2454722.120127  9.792597e-01    -2.25525045  -0.15999767   0.36586719   -1.26400166  -0.33321110   0.36586545
2454722.132928  9.801621e-01    -2.25526661  -0.16015737   0.36583769   -1.26398353  -0.33315470   0.36583594
2454722.167598  9.937974e-01    -2.25531034  -0.16058991   0.36575778   -1.26393460  -0.33300187   0.36575603
2454722.169069  1.016946e+00    -2.25531219  -0.16060826   0.36575439   -1.26393253  -0.33299538   0.36575264
2454722.174730  1.017883e+00    -2.25531933  -0.16067889   0.36574134   -1.26392457  -0.33297042   0.36573959
2454722.176201  9.910553e-01    -2.25532118  -0.16069724   0.36573795   -1.26392251  -0.33296393   0.36573620
2454722.181598  1.012274e+00    -2.25532798  -0.16076457   0.36572551   -1.26391493  -0.33294013   0.36572376
2454722.183072  9.937974e-01    -2.25532984  -0.16078296   0.36572211   -1.26391286  -0.33293363   0.36572036
2454722.188474  1.030144e+00    -2.25533664  -0.16085034   0.36570966   -1.26390528  -0.33290982   0.36570791
2454722.189943  1.026356e+00    -2.25533849  -0.16086867   0.36570627   -1.26390322  -0.33290334   0.36570452
2454722.195619  9.828741e-01    -2.25534563  -0.16093948   0.36569319   -1.26389527  -0.33287830   0.36569144
2454722.197092  1.002070e+00    -2.25534749  -0.16095786   0.36568979   -1.26389321  -0.33287181   0.36568804
2454722.224611  9.720708e-01    -2.25538211  -0.16130118   0.36562635   -1.26385476  -0.33275041   0.36562459
2454722.226077  1.003917e+00    -2.25538395  -0.16131947   0.36562297   -1.26385272  -0.33274394   0.36562121
2454722.231560  1.010411e+00    -2.25539084  -0.16138787   0.36561032   -1.26384508  -0.33271975   0.36560857
2454722.233035  9.693885e-01    -2.25539269  -0.16140627   0.36560692   -1.26384303  -0.33271324   0.36560517
2454722.238449  1.004842e+00    -2.25539950  -0.16147382   0.36559444   -1.26383549  -0.33268935   0.36559269
2454722.239920  9.883207e-01    -2.25540135  -0.16149217   0.36559105   -1.26383345  -0.33268286   0.36558930
2454722.245561  1.015074e+00    -2.25540843  -0.16156253   0.36557804   -1.26382561  -0.33265797   0.36557629
2454722.247036  9.919685e-01    -2.25541028  -0.16158093   0.36557464   -1.26382356  -0.33265146   0.36557289
2454722.252666  1.028248e+00    -2.25541735  -0.16165117   0.36556166   -1.26381575  -0.33262661   0.36555991
2454722.259761  1.038719e+00    -2.25542626  -0.16173968   0.36554530   -1.26380591  -0.33259529   0.36554355
2454722.261236  9.937974e-01    -2.25542811  -0.16175809   0.36554190   -1.26380387  -0.33258878   0.36554015
2454722.266877  1.044475e+00    -2.25543519  -0.16182846   0.36552889   -1.26379606  -0.33256388   0.36552714
2454722.268350  9.855936e-01    -2.25543704  -0.16184684   0.36552549   -1.26379402  -0.33255738   0.36552374
2454722.273981  1.036807e+00    -2.25544411  -0.16191709   0.36551251   -1.26378623  -0.33253252   0.36551075
2454722.275452  1.008551e+00    -2.25544595  -0.16193544   0.36550912   -1.26378420  -0.33252603   0.36550736
2454722.281106  1.022581e+00    -2.25545304  -0.16200597   0.36549608   -1.26377639  -0.33250106   0.36549432
16 0   0.022   2008-09-13.5   R   Oey
2454722.966287  9.888062e-01    -2.25629926  -0.17055281   0.36391389   -1.26288499  -0.32946362   0.36391210
2454722.967753  1.015573e+00    -2.25630104  -0.17057109   0.36391050   -1.26288320  -0.32945710   0.36390871
2454722.973108  1.027806e+00    -2.25630755  -0.17063789   0.36389812   -1.26287667  -0.32943326   0.36389632
2454722.974573  1.010907e+00    -2.25630933  -0.17065616   0.36389473   -1.26287488  -0.32942674   0.36389294
2454722.979931  9.888062e-01    -2.25631584  -0.17072299   0.36388234   -1.26286835  -0.32940289   0.36388055
2454722.981395  9.797408e-01    -2.25631762  -0.17074125   0.36387896   -1.26286657  -0.32939638   0.36387716
2454722.986754  1.038272e+00    -2.25632413  -0.17080809   0.36386656   -1.26286005  -0.32937252   0.36386477
2454722.988217  1.031600e+00    -2.25632591  -0.17082633   0.36386318   -1.26285827  -0.32936601   0.36386138
2454722.993555  9.806436e-01    -2.25633239  -0.17089291   0.36385084   -1.26285178  -0.32934224   0.36384904
2454722.995025  9.806436e-01    -2.25633418  -0.17091125   0.36384744   -1.26285000  -0.32933570   0.36384564
2454723.000396  1.011839e+00    -2.25634070  -0.17097824   0.36383502   -1.26284348  -0.32931178   0.36383322
2454723.001860  9.842632e-01    -2.25634248  -0.17099650   0.36383163   -1.26284170  -0.32930527   0.36382983
2454723.016440  9.942858e-01    -2.25636017  -0.17117834   0.36379791   -1.26282404  -0.32924034   0.36379611
2454723.017911  9.770375e-01    -2.25636196  -0.17119668   0.36379451   -1.26282226  -0.32923380   0.36379271
2454723.030606  9.779378e-01    -2.25637735  -0.17135502   0.36376515   -1.26280693  -0.32917726   0.36376335
2454723.032062  1.011839e+00    -2.25637912  -0.17137318   0.36376178   -1.26280518  -0.32917077   0.36375999
35 0   0.016   2008-09-14.5   R   Oey
2454723.990594  1.001887e+00    -2.25751574  -0.18332615   0.36154078   -1.26175668  -0.32487917   0.36153893
2454723.995463  1.017697e+00    -2.25752138  -0.18338686   0.36152948   -1.26175190  -0.32485726   0.36152762
2454723.997621  1.011157e+00    -2.25752388  -0.18341376   0.36152447   -1.26174979  -0.32484755   0.36152262
2454723.999782  9.854141e-01    -2.25752639  -0.18344071   0.36151945   -1.26174767  -0.32483783   0.36151760
2454724.001942  9.790813e-01    -2.25752889  -0.18346764   0.36151444   -1.26174555  -0.32482810   0.36151258
2454724.004103  1.052007e+00    -2.25753139  -0.18349458   0.36150942   -1.26174344  -0.32481838   0.36150757
2454724.006261  9.585587e-01    -2.25753389  -0.18352149   0.36150441   -1.26174133  -0.32480867   0.36150256
2454724.008417  1.009296e+00    -2.25753639  -0.18354837   0.36149941   -1.26173922  -0.32479896   0.36149755
2454724.010577  1.016761e+00    -2.25753889  -0.18357530   0.36149439   -1.26173711  -0.32478924   0.36149254
2454724.012736  1.021454e+00    -2.25754139  -0.18360222   0.36148938   -1.26173500  -0.32477952   0.36148752
2454724.014896  1.047174e+00    -2.25754390  -0.18362915   0.36148436   -1.26173289  -0.32476980   0.36148251
2454724.017056  1.022395e+00    -2.25754640  -0.18365608   0.36147935   -1.26173078  -0.32476008   0.36147750
2454724.019215  1.039486e+00    -2.25754890  -0.18368300   0.36147434   -1.26172868  -0.32475036   0.36147248
2454724.021374  1.013955e+00    -2.25755140  -0.18370992   0.36146932   -1.26172657  -0.32474064   0.36146747
2454724.023534  9.890512e-01    -2.25755390  -0.18373685   0.36146431   -1.26172447  -0.32473092   0.36146246
2454724.025692  9.709990e-01    -2.25755639  -0.18376376   0.36145930   -1.26172237  -0.32472121   0.36145744
2454724.027849  9.826950e-01    -2.25755889  -0.18379065   0.36145429   -1.26172027  -0.32471150   0.36145244
2454724.030005  9.972836e-01    -2.25756138  -0.18381753   0.36144929   -1.26171817  -0.32470179   0.36144743
2454724.032160  1.015824e+00    -2.25756388  -0.18384440   0.36144428   -1.26171607  -0.32469209   0.36144243
2454724.034320  1.004659e+00    -2.25756638  -0.18387133   0.36143927   -1.26171398  -0.32468237   0.36143741
2454724.036484  1.032806e+00    -2.25756888  -0.18389831   0.36143424   -1.26171187  -0.32467262   0.36143239
2454724.038989  1.029956e+00    -2.25757178  -0.18392953   0.36142843   -1.26170944  -0.32466135   0.36142657
2454724.041322  1.009296e+00    -2.25757447  -0.18395862   0.36142301   -1.26170718  -0.32465085   0.36142116
2454724.043512  9.674280e-01    -2.25757701  -0.18398592   0.36141793   -1.26170506  -0.32464099   0.36141607
2454724.045707  9.754806e-01    -2.25757954  -0.18401329   0.36141283   -1.26170293  -0.32463110   0.36141098
2454724.047886  1.045246e+00    -2.25758206  -0.18404046   0.36140777   -1.26170082  -0.32462129   0.36140592
2454724.050067  1.023337e+00    -2.25758458  -0.18406765   0.36140271   -1.26169871  -0.32461147   0.36140085
2454724.052252  9.972836e-01    -2.25758711  -0.18409489   0.36139763   -1.26169659  -0.32460163   0.36139578
2454724.054435  1.025224e+00    -2.25758963  -0.18412211   0.36139257   -1.26169448  -0.32459181   0.36139071
2454724.056620  9.550338e-01    -2.25759216  -0.18414935   0.36138749   -1.26169237  -0.32458197   0.36138564
2454724.058807  9.585587e-01    -2.25759469  -0.18417662   0.36138241   -1.26169026  -0.32457212   0.36138056
2454724.060992  9.629831e-01    -2.25759721  -0.18420386   0.36137734   -1.26168815  -0.32456228   0.36137548
2454724.063177  9.629831e-01    -2.25759973  -0.18423110   0.36137227   -1.26168604  -0.32455244   0.36137041
2454724.065363  9.790813e-01    -2.25760226  -0.18425836   0.36136719   -1.26168393  -0.32454260   0.36136533
2454724.067547  9.384663e-01    -2.25760478  -0.18428559   0.36136212   -1.26168182  -0.32453276   0.36136026
75 0   0.016   2008-09-19.6   R   Oey
2454728.948075  1.007455e+00    -2.26258424  -0.24507474   0.34992534   -1.25978470  -0.30209580   0.34992322
2454728.950237  9.665533e-01    -2.26258616  -0.24510164   0.34992023   -1.25978511  -0.30208571   0.34991810
2454728.952407  9.899786e-01    -2.26258808  -0.24512864   0.34991510   -1.25978553  -0.30207558   0.34991297
2454728.954571  9.683354e-01    -2.26259000  -0.24515557   0.34990998   -1.25978594  -0.30206547   0.34990786
2454728.956733  9.809024e-01    -2.26259191  -0.24518247   0.34990487   -1.25978635  -0.30205538   0.34990274
2454728.958895  9.954645e-01    -2.26259383  -0.24520937   0.34989976   -1.25978677  -0.30204528   0.34989763
2454728.961057  9.710146e-01    -2.26259574  -0.24523627   0.34989465   -1.25978718  -0.30203519   0.34989252
2454728.963210  9.890672e-01    -2.26259765  -0.24526306   0.34988956   -1.25978760  -0.30202514   0.34988743
2454728.965367  9.982190e-01    -2.26259955  -0.24528990   0.34988446   -1.25978802  -0.30201506   0.34988233
2454728.967522  9.872469e-01    -2.26260146  -0.24531671   0.34987936   -1.25978843  -0.30200500   0.34987723
2454728.969681  9.836165e-01    -2.26260337  -0.24534357   0.34987425   -1.25978885  -0.30199492   0.34987213
2454728.971836  1.027131e+00    -2.26260528  -0.24537039   0.34986916   -1.25978927  -0.30198486   0.34986703
2454728.973988  1.010243e+00    -2.26260718  -0.24539716   0.34986407   -1.25978970  -0.30197481   0.34986194
2454728.976138  1.009313e+00    -2.26260908  -0.24542391   0.34985899   -1.25979012  -0.30196477   0.34985686
2454728.978288  9.799993e-01    -2.26261099  -0.24545066   0.34985390   -1.25979054  -0.30195473   0.34985177
2454728.980448  9.728050e-01    -2.26261290  -0.24547754   0.34984879   -1.25979097  -0.30194464   0.34984667
2454728.982601  9.701207e-01    -2.26261480  -0.24550433   0.34984370   -1.25979139  -0.30193459   0.34984157
2454728.984754  9.683354e-01    -2.26261670  -0.24553111   0.34983861   -1.25979182  -0.30192454   0.34983648
2454728.986908  9.612266e-01    -2.26261861  -0.24555791   0.34983352   -1.25979224  -0.30191448   0.34983139
2454728.989062  1.000981e+00    -2.26262051  -0.24558471   0.34982842   -1.25979267  -0.30190442   0.34982630
2454728.991214  9.918039e-01    -2.26262241  -0.24561149   0.34982334   -1.25979310  -0.30189437   0.34982121
2454728.993370  1.007455e+00    -2.26262432  -0.24563831   0.34981824   -1.25979353  -0.30188430   0.34981611
2454728.995526  1.036635e+00    -2.26262622  -0.24566514   0.34981314   -1.25979397  -0.30187423   0.34981101
2454729.001995  1.035681e+00    -2.26263193  -0.24574563   0.34979784   -1.25979527  -0.30184402   0.34979571
2454729.007410  1.036635e+00    -2.26263672  -0.24581300   0.34978503   -1.25979637  -0.30181873   0.34978290
2454729.009569  1.037590e+00    -2.26263862  -0.24583986   0.34977993   -1.25979681  -0.30180865   0.34977780
2454729.011722  1.027131e+00    -2.26264052  -0.24586665   0.34977484   -1.25979725  -0.30179859   0.34977271
2454729.013878  1.006528e+00    -2.26264242  -0.24589348   0.34976974   -1.25979769  -0.30178852   0.34976761
2454729.016032  1.004676e+00    -2.26264432  -0.24592028   0.34976464   -1.25979814  -0.30177846   0.34976251
2454729.018185  1.038546e+00    -2.26264622  -0.24594706   0.34975955   -1.25979858  -0.30176841   0.34975742
2454729.042979  9.683354e-01    -2.26266808  -0.24625554   0.34970091   -1.25980377  -0.30165261   0.34969878
2454729.045157  9.872469e-01    -2.26267000  -0.24628263   0.34969576   -1.25980423  -0.30164243   0.34969363
2454729.049499  1.020530e+00    -2.26267382  -0.24633666   0.34968549   -1.25980516  -0.30162215   0.34968336
2454729.051666  9.585743e-01    -2.26267573  -0.24636362   0.34968037   -1.25980562  -0.30161203   0.34967823
2454729.053841  9.754967e-01    -2.26267764  -0.24639068   0.34967522   -1.25980609  -0.30160187   0.34967309
2454729.056018  1.021471e+00    -2.26267956  -0.24641776   0.34967007   -1.25980656  -0.30159170   0.34966794
2454729.058196  1.003751e+00    -2.26268147  -0.24644486   0.34966492   -1.25980703  -0.30158152   0.34966279
2454729.060369  1.001903e+00    -2.26268339  -0.24647190   0.34965978   -1.25980749  -0.30157137   0.34965765
2454729.062539  1.000060e+00    -2.26268529  -0.24649890   0.34965465   -1.25980796  -0.30156124   0.34965252
2454729.064712  9.982190e-01    -2.26268721  -0.24652593   0.34964951   -1.25980844  -0.30155109   0.34964738
2454729.066880  9.954645e-01    -2.26268911  -0.24655291   0.34964438   -1.25980891  -0.30154096   0.34964225
2454729.069051  1.004676e+00    -2.26269102  -0.24657992   0.34963925   -1.25980938  -0.30153082   0.34963711
2454729.075574  1.013972e+00    -2.26269676  -0.24666107   0.34962382   -1.25981081  -0.30150034   0.34962168
2454729.077746  9.763956e-01    -2.26269867  -0.24668810   0.34961868   -1.25981129  -0.30149019   0.34961654
2454729.136099  9.908908e-01    -2.26274986  -0.24741409   0.34948063   -1.25982456  -0.30121754   0.34947849
2454729.144761  1.002827e+00    -2.26275744  -0.24752186   0.34946013   -1.25982660  -0.30117706   0.34945800
2454729.146923  9.963819e-01    -2.26275933  -0.24754875   0.34945502   -1.25982711  -0.30116696   0.34945288
2454729.149084  9.890672e-01    -2.26276122  -0.24757564   0.34944990   -1.25982762  -0.30115686   0.34944777
2454729.151246  9.982190e-01    -2.26276311  -0.24760254   0.34944479   -1.25982814  -0.30114676   0.34944265
2454729.153406  9.972999e-01    -2.26276500  -0.24762941   0.34943968   -1.25982865  -0.30113666   0.34943754
2454729.155571  1.024297e+00    -2.26276690  -0.24765633   0.34943456   -1.25982917  -0.30112655   0.34943242
2454729.157730  1.032823e+00    -2.26276878  -0.24768319   0.34942945   -1.25982969  -0.30111646   0.34942731
2454729.159888  1.008384e+00    -2.26277067  -0.24771004   0.34942434   -1.25983020  -0.30110637   0.34942220
2454729.162047  1.030922e+00    -2.26277256  -0.24773690   0.34941923   -1.25983072  -0.30109628   0.34941710
2454729.183689  9.927178e-01    -2.26279147  -0.24800615   0.34936802   -1.25983598  -0.30099513   0.34936588
2454729.185851  9.683354e-01    -2.26279335  -0.24803305   0.34936291   -1.25983652  -0.30098503   0.34936077
2454729.188012  1.017714e+00    -2.26279524  -0.24805993   0.34935779   -1.25983705  -0.30097493   0.34935565
2454729.190178  1.018652e+00    -2.26279713  -0.24808688   0.34935267   -1.25983758  -0.30096480   0.34935053
2454729.192341  1.003751e+00    -2.26279902  -0.24811379   0.34934755   -1.25983812  -0.30095469   0.34934541
2454729.194502  1.004676e+00    -2.26280090  -0.24814067   0.34934243   -1.25983865  -0.30094459   0.34934029
2454729.196666  1.000981e+00    -2.26280279  -0.24816760   0.34933731   -1.25983919  -0.30093447   0.34933517
2454729.198824  1.009313e+00    -2.26280467  -0.24819444   0.34933221   -1.25983973  -0.30092439   0.34933007
2454729.200984  9.982190e-01    -2.26280656  -0.24822132   0.34932709   -1.25984027  -0.30091429   0.34932495
2454729.203145  9.836165e-01    -2.26280844  -0.24824820   0.34932198   -1.25984081  -0.30090419   0.34931984
2454729.205306  9.954645e-01    -2.26281033  -0.24827508   0.34931687   -1.25984135  -0.30089409   0.34931473
2454729.207465  1.012106e+00    -2.26281221  -0.24830194   0.34931176   -1.25984189  -0.30088399   0.34930962
2454729.209626  1.025241e+00    -2.26281409  -0.24832883   0.34930664   -1.25984244  -0.30087389   0.34930450
2454729.211788  9.772952e-01    -2.26281598  -0.24835573   0.34930153   -1.25984298  -0.30086379   0.34929938
2454729.213948  1.005601e+00    -2.26281786  -0.24838260   0.34929641   -1.25984353  -0.30085369   0.34929427
2454729.216113  1.022412e+00    -2.26281974  -0.24840953   0.34929129   -1.25984408  -0.30084357   0.34928915
2454729.218277  9.991387e-01    -2.26282163  -0.24843645   0.34928617   -1.25984462  -0.30083345   0.34928403
2454729.220440  9.936326e-01    -2.26282351  -0.24846336   0.34928105   -1.25984517  -0.30082334   0.34927891
2454729.222598  9.918039e-01    -2.26282539  -0.24849021   0.34927594   -1.25984572  -0.30081325   0.34927380
2454729.224760  1.014906e+00    -2.26282728  -0.24851711   0.34927082   -1.25984628  -0.30080314   0.34926868
2454729.226920  1.006528e+00    -2.26282916  -0.24854398   0.34926571   -1.25984683  -0.30079305   0.34926357
117 0   0.008   2008-09-20.6   R   Oey
2454729.934056  9.678050e-01    -2.26343114  -0.25733964   0.34758998   -1.26008741  -0.29748215   0.34758780
2454729.946065  9.921741e-01    -2.26344112  -0.25748899   0.34756149   -1.26009252  -0.29742584   0.34755931
2454729.948228  9.812687e-01    -2.26344292  -0.25751589   0.34755635   -1.26009345  -0.29741569   0.34755417
2454729.950389  9.821729e-01    -2.26344472  -0.25754276   0.34755123   -1.26009437  -0.29740556   0.34754905
2454729.952547  1.005976e+00    -2.26344651  -0.25756960   0.34754611   -1.26009530  -0.29739544   0.34754393
2454729.954707  9.767600e-01    -2.26344830  -0.25759646   0.34754098   -1.26009623  -0.29738531   0.34753880
2454729.956869  9.921741e-01    -2.26345010  -0.25762335   0.34753585   -1.26009715  -0.29737517   0.34753367
2454729.959036  9.976724e-01    -2.26345190  -0.25765030   0.34753071   -1.26009809  -0.29736501   0.34752853
2454729.961197  1.015285e+00    -2.26345370  -0.25767717   0.34752558   -1.26009902  -0.29735488   0.34752340
2454729.966765  1.000433e+00    -2.26345832  -0.25774642   0.34751237   -1.26010142  -0.29732877   0.34751019
2454729.968930  1.007831e+00    -2.26346012  -0.25777334   0.34750723   -1.26010236  -0.29731861   0.34750505
2454729.971095  1.011551e+00    -2.26346191  -0.25780027   0.34750209   -1.26010329  -0.29730846   0.34749991
2454729.973259  1.008760e+00    -2.26346371  -0.25782718   0.34749696   -1.26010423  -0.29729831   0.34749478
2454729.975419  9.958361e-01    -2.26346550  -0.25785404   0.34749183   -1.26010517  -0.29728818   0.34748965
2454729.977576  1.002277e+00    -2.26346729  -0.25788087   0.34748671   -1.26010611  -0.29727807   0.34748453
2454729.979742  1.017157e+00    -2.26346909  -0.25790780   0.34748157   -1.26010705  -0.29726791   0.34747939
2454729.981901  1.015285e+00    -2.26347088  -0.25793465   0.34747645   -1.26010799  -0.29725779   0.34747427
2454729.984065  9.812687e-01    -2.26347267  -0.25796156   0.34747131   -1.26010894  -0.29724764   0.34746913
2454729.986231  9.885253e-01    -2.26347447  -0.25798850   0.34746617   -1.26010988  -0.29723748   0.34746399
2454729.988394  1.013416e+00    -2.26347626  -0.25801540   0.34746104   -1.26011083  -0.29722733   0.34745886
2454729.990559  1.009690e+00    -2.26347806  -0.25804232   0.34745590   -1.26011177  -0.29721718   0.34745372
2454729.992723  9.949191e-01    -2.26347985  -0.25806923   0.34745077   -1.26011272  -0.29720703   0.34744858
2454729.994885  1.008760e+00    -2.26348164  -0.25809612   0.34744564   -1.26011367  -0.29719689   0.34744345
2454729.997052  1.024679e+00    -2.26348344  -0.25812307   0.34744049   -1.26011462  -0.29718673   0.34743831
2454729.999215  9.995119e-01    -2.26348523  -0.25814997   0.34743536   -1.26011557  -0.29717658   0.34743318
2454730.001373  9.967536e-01    -2.26348701  -0.25817681   0.34743024   -1.26011652  -0.29716646   0.34742805
2454730.003538  1.019032e+00    -2.26348881  -0.25820373   0.34742510   -1.26011748  -0.29715631   0.34742292
2454730.005695  1.009690e+00    -2.26349059  -0.25823055   0.34741998   -1.26011843  -0.29714619   0.34741780
2454730.007858  1.018094e+00    -2.26349238  -0.25825745   0.34741485   -1.26011939  -0.29713605   0.34741266
2454730.010024  1.001355e+00    -2.26349418  -0.25828439   0.34740971   -1.26012034  -0.29712589   0.34740752
2454730.012188  1.037022e+00    -2.26349597  -0.25831130   0.34740457   -1.26012130  -0.29711574   0.34740239
2454730.014352  1.029409e+00    -2.26349776  -0.25833821   0.34739943   -1.26012226  -0.29710559   0.34739725
2454730.016518  1.012483e+00    -2.26349955  -0.25836515   0.34739429   -1.26012322  -0.29709543   0.34739211
2454730.018681  1.030357e+00    -2.26350134  -0.25839205   0.34738916   -1.26012419  -0.29708528   0.34738698
2454730.020845  1.020911e+00    -2.26350313  -0.25841896   0.34738402   -1.26012515  -0.29707513   0.34738184
2454730.023005  1.009690e+00    -2.26350492  -0.25844582   0.34737890   -1.26012611  -0.29706500   0.34737671
2454730.025166  1.019971e+00    -2.26350671  -0.25847269   0.34737377   -1.26012707  -0.29705487   0.34737158
2454730.027336  1.010620e+00    -2.26350850  -0.25849968   0.34736862   -1.26012804  -0.29704469   0.34736643
2454730.029504  1.022793e+00    -2.26351029  -0.25852664   0.34736347   -1.26012901  -0.29703452   0.34736129
2454730.031661  1.007831e+00    -2.26351208  -0.25855346   0.34735835   -1.26012998  -0.29702440   0.34735617
2454730.033823  9.940035e-01    -2.26351386  -0.25858035   0.34735322   -1.26013095  -0.29701426   0.34735103
2454730.035984  9.903483e-01    -2.26351565  -0.25860722   0.34734809   -1.26013191  -0.29700412   0.34734591
2454730.038148  1.017157e+00    -2.26351744  -0.25863413   0.34734295   -1.26013289  -0.29699397   0.34734077
2454730.040314  1.010620e+00    -2.26351923  -0.25866107   0.34733781   -1.26013386  -0.29698381   0.34733563
2454730.042481  1.013416e+00    -2.26352102  -0.25868802   0.34733267   -1.26013484  -0.29697365   0.34733048
2454730.044646  1.003201e+00    -2.26352280  -0.25871494   0.34732753   -1.26013581  -0.29696349   0.34732534
2454730.046813  1.025623e+00    -2.26352459  -0.25874189   0.34732239   -1.26013679  -0.29695333   0.34732020
2454730.048974  1.010620e+00    -2.26352638  -0.25876876   0.34731726   -1.26013777  -0.29694319   0.34731507
2454730.051136  1.002277e+00    -2.26352816  -0.25879565   0.34731212   -1.26013874  -0.29693305   0.34730994
2454730.053294  1.014350e+00    -2.26352994  -0.25882248   0.34730700   -1.26013972  -0.29692292   0.34730482
2454730.087946  9.930883e-01    -2.26355851  -0.25925338   0.34722474   -1.26015556  -0.29676037   0.34722256
2454730.092277  9.921741e-01    -2.26356208  -0.25930724   0.34721446   -1.26015756  -0.29674005   0.34721227
2454730.094445  9.958361e-01    -2.26356386  -0.25933420   0.34720932   -1.26015856  -0.29672987   0.34720713
2454730.096609  9.949191e-01    -2.26356564  -0.25936111   0.34720418   -1.26015956  -0.29671972   0.34720199
2454730.098776  9.967536e-01    -2.26356743  -0.25938806   0.34719903   -1.26016057  -0.29670955   0.34719684
2454730.100939  9.885253e-01    -2.26356921  -0.25941496   0.34719390   -1.26016157  -0.29669941   0.34719171
2454730.103103  9.885253e-01    -2.26357099  -0.25944187   0.34718876   -1.26016257  -0.29668925   0.34718657
2454730.105269  9.821729e-01    -2.26357277  -0.25946880   0.34718362   -1.26016358  -0.29667909   0.34718143
2454730.107434  9.903483e-01    -2.26357455  -0.25949572   0.34717848   -1.26016459  -0.29666893   0.34717629
2454730.109597  1.004125e+00    -2.26357633  -0.25952262   0.34717334   -1.26016560  -0.29665878   0.34717115
2454730.111765  9.767600e-01    -2.26357811  -0.25954958   0.34716819   -1.26016661  -0.29664861   0.34716601
2454730.113925  9.794626e-01    -2.26357989  -0.25957644   0.34716307   -1.26016762  -0.29663848   0.34716088
2454730.116090  9.758608e-01    -2.26358167  -0.25960336   0.34715793   -1.26016863  -0.29662832   0.34715574
2454730.118260  9.731682e-01    -2.26358345  -0.25963035   0.34715277   -1.26016965  -0.29661814   0.34715058
2454730.120424  9.885253e-01    -2.26358523  -0.25965726   0.34714764   -1.26017066  -0.29660798   0.34714545
2454730.140547  1.003201e+00    -2.26360175  -0.25990749   0.34709986   -1.26018015  -0.29651356   0.34709767
2454730.142148  9.758608e-01    -2.26360307  -0.25992740   0.34709605   -1.26018091  -0.29650605   0.34709386
2454730.147887  9.812687e-01    -2.26360778  -0.25999876   0.34708243   -1.26018363  -0.29647912   0.34708024
2454730.150054  1.002277e+00    -2.26360955  -0.26002571   0.34707728   -1.26018466  -0.29646895   0.34707509
2454730.152222  1.009690e+00    -2.26361133  -0.26005267   0.34707213   -1.26018569  -0.29645877   0.34706994
2454730.154387  9.967536e-01    -2.26361311  -0.26007959   0.34706699   -1.26018673  -0.29644861   0.34706480
2454730.156554  9.633583e-01    -2.26361488  -0.26010654   0.34706185   -1.26018776  -0.29643844   0.34705966
2454730.158718  9.830776e-01    -2.26361666  -0.26013345   0.34705671   -1.26018879  -0.29642829   0.34705452
2454730.160884  9.894363e-01    -2.26361843  -0.26016038   0.34705156   -1.26018983  -0.29641812   0.34704937
2454730.163053  9.940035e-01    -2.26362021  -0.26018735   0.34704641   -1.26019087  -0.29640795   0.34704422
2454730.165221  9.967536e-01    -2.26362199  -0.26021431   0.34704127   -1.26019191  -0.29639777   0.34703907
2454730.167385  9.794626e-01    -2.26362376  -0.26024122   0.34703613   -1.26019295  -0.29638762   0.34703394
2454730.169552  1.005050e+00    -2.26362553  -0.26026817   0.34703098   -1.26019399  -0.29637745   0.34702879
2454730.171717  9.704829e-01    -2.26362731  -0.26029509   0.34702584   -1.26019503  -0.29636729   0.34702365
2454730.173881  9.958361e-01    -2.26362908  -0.26032200   0.34702070   -1.26019607  -0.29635713   0.34701851
2454730.176050  9.848901e-01    -2.26363085  -0.26034897   0.34701555   -1.26019712  -0.29634695   0.34701336
2454730.178215  1.001355e+00    -2.26363263  -0.26037589   0.34701041   -1.26019816  -0.29633679   0.34700822
2454730.180378  9.958361e-01    -2.26363440  -0.26040279   0.34700527   -1.26019921  -0.29632664   0.34700308
2454730.182544  9.985917e-01    -2.26363617  -0.26042972   0.34700013   -1.26020025  -0.29631647   0.34699794
2454730.184714  9.857980e-01    -2.26363795  -0.26045670   0.34699497   -1.26020130  -0.29630629   0.34699278
2454730.186877  9.821729e-01    -2.26363972  -0.26048360   0.34698984   -1.26020235  -0.29629614   0.34698764
2454730.189043  1.000433e+00    -2.26364149  -0.26051053   0.34698469   -1.26020340  -0.29628597   0.34698250
2454730.191206  9.976724e-01    -2.26364326  -0.26053743   0.34697956   -1.26020445  -0.29627582   0.34697736
2454730.193368  1.000433e+00    -2.26364502  -0.26056431   0.34697442   -1.26020550  -0.29626567   0.34697223
2454730.195537  9.857980e-01    -2.26364680  -0.26059128   0.34696927   -1.26020656  -0.29625549   0.34696708
2454730.197702  9.830776e-01    -2.26364857  -0.26061821   0.34696413   -1.26020761  -0.29624533   0.34696194
2454730.199868  9.776601e-01    -2.26365034  -0.26064514   0.34695899   -1.26020867  -0.29623517   0.34695679
2454730.202032  9.830776e-01    -2.26365211  -0.26067205   0.34695385   -1.26020973  -0.29622501   0.34695165
2454730.204197  1.000433e+00    -2.26365388  -0.26069897   0.34694870   -1.26021078  -0.29621485   0.34694651
2454730.206362  9.894363e-01    -2.26365565  -0.26072589   0.34694356   -1.26021184  -0.29620469   0.34694137
2454730.208529  9.921741e-01    -2.26365742  -0.26075284   0.34693842   -1.26021290  -0.29619451   0.34693622
2454730.210693  9.949191e-01    -2.26365918  -0.26077973   0.34693328   -1.26021396  -0.29618436   0.34693108
2454730.212860  1.016220e+00    -2.26366095  -0.26080668   0.34692813   -1.26021503  -0.29617419   0.34692594
2454730.215027  9.876156e-01    -2.26366272  -0.26083362   0.34692298   -1.26021609  -0.29616402   0.34692079
2454730.217192  1.008760e+00    -2.26366449  -0.26086054   0.34691784   -1.26021716  -0.29615386   0.34691565
2454730.219357  1.036067e+00    -2.26366626  -0.26088746   0.34691270   -1.26021822  -0.29614369   0.34691051
2454730.221525  1.019032e+00    -2.26366803  -0.26091442   0.34690755   -1.26021929  -0.29613352   0.34690536
2454730.223689  1.019032e+00    -2.26366979  -0.26094133   0.34690241   -1.26022036  -0.29612336   0.34690022
2454730.225854  1.005050e+00    -2.26367156  -0.26096825   0.34689727   -1.26022143  -0.29611320   0.34689507
2454730.228020  1.019032e+00    -2.26367333  -0.26099519   0.34689212   -1.26022250  -0.29610303   0.34688993
2454730.230186  1.020911e+00    -2.26367509  -0.26102212   0.34688698   -1.26022357  -0.29609286   0.34688478
2454730.232350  1.018094e+00    -2.26367686  -0.26104903   0.34688184   -1.26022464  -0.29608271   0.34687964
2454730.234520  1.008760e+00    -2.26367863  -0.26107601   0.34687668   -1.26022572  -0.29607252   0.34687449
2454730.236682  1.018094e+00    -2.26368039  -0.26110289   0.34687155   -1.26022679  -0.29606237   0.34686935
2454730.238863  1.024679e+00    -2.26368217  -0.26113001   0.34686637   -1.26022788  -0.29605213   0.34686417
2454730.241027  9.976724e-01    -2.26368393  -0.26115692   0.34686123   -1.26022895  -0.29604198   0.34685903
2454730.243195  1.003201e+00    -2.26368570  -0.26118388   0.34685608   -1.26023003  -0.29603180   0.34685388
2454730.245372  9.876156e-01    -2.26368748  -0.26121095   0.34685091   -1.26023112  -0.29602158   0.34684871
2454730.247541  9.821729e-01    -2.26368924  -0.26123792   0.34684576   -1.26023220  -0.29601140   0.34684356
2454730.249704  9.912607e-01    -2.26369101  -0.26126481   0.34684062   -1.26023328  -0.29600124   0.34683842
2454730.251867  9.839836e-01    -2.26369277  -0.26129171   0.34683548   -1.26023436  -0.29599109   0.34683328
2454730.254031  1.013416e+00    -2.26369453  -0.26131862   0.34683034   -1.26023544  -0.29598093   0.34682814
19 0   0.015   2008-09-21.5   R   Oey
2454730.928555  1.005066e+00    -2.26423143  -0.26970437   0.34522617   -1.26062756  -0.29281096   0.34522393
2454730.932962  9.749773e-01    -2.26423486  -0.26975915   0.34521567   -1.26063048  -0.29279023   0.34521344
2454730.935148  1.043745e+00    -2.26423656  -0.26978632   0.34521047   -1.26063193  -0.29277995   0.34520823
2454730.937351  9.876306e-01    -2.26423827  -0.26981371   0.34520522   -1.26063339  -0.29276958   0.34520299
2454730.948152  9.903634e-01    -2.26424666  -0.26994796   0.34517950   -1.26064058  -0.29271877   0.34517727
2454730.951717  1.041824e+00    -2.26424943  -0.26999227   0.34517101   -1.26064296  -0.29270200   0.34516878
2454730.981118  1.027530e+00    -2.26427222  -0.27035772   0.34510100   -1.26066268  -0.29256367   0.34509876
2454730.984680  9.642608e-01    -2.26427498  -0.27040199   0.34509252   -1.26066509  -0.29254691   0.34509028
2454730.988249  1.013432e+00    -2.26427775  -0.27044636   0.34508402   -1.26066750  -0.29253012   0.34508178
2454730.991812  9.876306e-01    -2.26428051  -0.27049064   0.34507553   -1.26066991  -0.29251335   0.34507330
2454730.995378  9.986068e-01    -2.26428327  -0.27053497   0.34506704   -1.26067232  -0.29249657   0.34506480
2454731.032041  1.006919e+00    -2.26431160  -0.27099065   0.34497972   -1.26069733  -0.29232406   0.34497748
2454731.035601  1.010636e+00    -2.26431435  -0.27103490   0.34497124   -1.26069978  -0.29230730   0.34496900
2454731.039158  1.005992e+00    -2.26431709  -0.27107911   0.34496276   -1.26070223  -0.29229057   0.34496053
2454731.042730  1.005992e+00    -2.26431985  -0.27112351   0.34495426   -1.26070469  -0.29227376   0.34495202
2454731.046287  1.005066e+00    -2.26432259  -0.27116772   0.34494578   -1.26070714  -0.29225702   0.34494355
2454731.053416  9.785760e-01    -2.26432809  -0.27125633   0.34492880   -1.26071207  -0.29222347   0.34492656
2454731.056976  9.767750e-01    -2.26433083  -0.27130058   0.34492032   -1.26071453  -0.29220672   0.34491808
2454731.060545  9.749773e-01    -2.26433358  -0.27134494   0.34491182   -1.26071700  -0.29218992   0.34490958
22 0   0.012   2008-09-24.6   R   Oey
2454733.932433  9.975351e-01    -2.26632124  -0.30701171   0.33803659   -1.26369514  -0.27864210   0.33803420
2454733.960538  9.920377e-01    -2.26633848  -0.30736046   0.33796897   -1.26373404  -0.27850939   0.33796658
2454733.962700  1.013277e+00    -2.26633980  -0.30738729   0.33796377   -1.26373704  -0.27849918   0.33796138
2454733.972255  9.911244e-01    -2.26634565  -0.30750586   0.33794078   -1.26375032  -0.27845406   0.33793839
2454733.986188  1.014211e+00    -2.26635417  -0.30767875   0.33790726   -1.26376971  -0.27838826   0.33790487
2454734.010933  1.017954e+00    -2.26636928  -0.30798579   0.33784772   -1.26380428  -0.27827142   0.33784532
2454734.023333  1.029267e+00    -2.26637683  -0.30813966   0.33781788   -1.26382165  -0.27821286   0.33781548
2454734.035676  1.022653e+00    -2.26638435  -0.30829281   0.33778817   -1.26383898  -0.27815458   0.33778578
2454734.060390  1.028320e+00    -2.26639937  -0.30859947   0.33772869   -1.26387380  -0.27803788   0.33772630
2454734.072728  1.016081e+00    -2.26640685  -0.30875256   0.33769900   -1.26389123  -0.27797962   0.33769661
2454734.097522  9.911244e-01    -2.26642187  -0.30906021   0.33763932   -1.26392638  -0.27786254   0.33763693
2454734.125549  9.993743e-01    -2.26643881  -0.30940796   0.33757186   -1.26396628  -0.27773020   0.33756946
2454734.133290  9.784265e-01    -2.26644348  -0.30950401   0.33755322   -1.26397734  -0.27769364   0.33755082
2454734.135451  9.993743e-01    -2.26644478  -0.30953082   0.33754802   -1.26398043  -0.27768344   0.33754562
2454734.142900  9.984543e-01    -2.26644928  -0.30962324   0.33753009   -1.26399108  -0.27764827   0.33752769
2454734.145068  9.975351e-01    -2.26645058  -0.30965014   0.33752487   -1.26399419  -0.27763803   0.33752247
2454734.152550  9.893004e-01    -2.26645509  -0.30974298   0.33750686   -1.26400491  -0.27760270   0.33750446
2454734.154718  9.984543e-01    -2.26645639  -0.30976988   0.33750164   -1.26400802  -0.27759246   0.33749924
2454734.162523  9.775256e-01    -2.26646109  -0.30986672   0.33748284   -1.26401922  -0.27755561   0.33748045
2454734.164691  9.766258e-01    -2.26646239  -0.30989361   0.33747763   -1.26402233  -0.27754537   0.33747523
2454734.172161  9.811337e-01    -2.26646689  -0.30998630   0.33745964   -1.26403307  -0.27751010   0.33745724
2454734.173771  9.902120e-01    -2.26646785  -0.31000627   0.33745576   -1.26403539  -0.27750250   0.33745337
32 0   0.015   2008-09-25.6   R   Oey
2454734.945890  9.731377e-01    -2.26691569  -0.31958397   0.33559436   -1.26521775  -0.27385766   0.33559193
2454734.965197  9.615554e-01    -2.26692648  -0.31982340   0.33554776   -1.26524915  -0.27376655   0.33554532
2454734.995927  9.704525e-01    -2.26694360  -0.32020449   0.33547357   -1.26529931  -0.27362155   0.33547113
2454735.020785  9.651044e-01    -2.26695741  -0.32051276   0.33541356   -1.26534004  -0.27350426   0.33541111
2454735.033189  9.606701e-01    -2.26696429  -0.32066658   0.33538361   -1.26536043  -0.27344573   0.33538116
2454735.045631  9.518627e-01    -2.26697119  -0.32082087   0.33535356   -1.26538091  -0.27338703   0.33535112
2454735.070548  9.803345e-01    -2.26698497  -0.32112986   0.33529339   -1.26542204  -0.27326947   0.33529095
2454735.082987  1.017124e+00    -2.26699183  -0.32128411   0.33526335   -1.26544263  -0.27321078   0.33526091
2454735.095401  9.803345e-01    -2.26699868  -0.32143805   0.33523337   -1.26546322  -0.27315221   0.33523093
2454735.119982  9.544965e-01    -2.26701220  -0.32174286   0.33517401   -1.26550409  -0.27303624   0.33517156
2454735.122153  9.713461e-01    -2.26701340  -0.32176978   0.33516876   -1.26550771  -0.27302600   0.33516632
2454735.129639  9.767290e-01    -2.26701751  -0.32186260   0.33515068   -1.26552019  -0.27299068   0.33514824
2454735.131875  9.903171e-01    -2.26701874  -0.32189033   0.33514528   -1.26552392  -0.27298014   0.33514284
2454735.139443  1.011519e+00    -2.26702289  -0.32198417   0.33512700   -1.26553655  -0.27294443   0.33512456
2454735.141608  9.994799e-01    -2.26702408  -0.32201102   0.33512177   -1.26554017  -0.27293422   0.33511933
2454735.149050  1.006872e+00    -2.26702816  -0.32210330   0.33510380   -1.26555261  -0.27289911   0.33510135
2454735.151213  9.794317e-01    -2.26702934  -0.32213012   0.33509857   -1.26555623  -0.27288891   0.33509612
2454735.160828  9.830463e-01    -2.26703461  -0.32224935   0.33507535   -1.26557232  -0.27284355   0.33507290
2454735.168284  1.006872e+00    -2.26703869  -0.32234180   0.33505734   -1.26558482  -0.27280838   0.33505489
2454735.170451  9.930571e-01    -2.26703988  -0.32236867   0.33505210   -1.26558846  -0.27279815   0.33504965
2454735.177897  1.037944e+00    -2.26704395  -0.32246100   0.33503411   -1.26560096  -0.27276303   0.33503166
2454735.180056  1.002246e+00    -2.26704513  -0.32248777   0.33502890   -1.26560458  -0.27275284   0.33502645
2454735.187505  1.041776e+00    -2.26704919  -0.32258013   0.33501090   -1.26561711  -0.27271770   0.33500845
2454735.189662  1.023703e+00    -2.26705037  -0.32260688   0.33500569   -1.26562073  -0.27270753   0.33500324
2454735.197132  1.050447e+00    -2.26705445  -0.32269951   0.33498765   -1.26563331  -0.27267229   0.33498520
2454735.199300  1.036989e+00    -2.26705563  -0.32272639   0.33498241   -1.26563696  -0.27266206   0.33497996
2454735.206760  1.051415e+00    -2.26705970  -0.32281889   0.33496439   -1.26564953  -0.27262687   0.33496194
2454735.208928  1.019000e+00    -2.26706088  -0.32284577   0.33495915   -1.26565319  -0.27261665   0.33495670
2454735.216628  1.041776e+00    -2.26706507  -0.32294125   0.33494054   -1.26566619  -0.27258033   0.33493809
2454735.218787  1.010588e+00    -2.26706625  -0.32296802   0.33493533   -1.26566983  -0.27257014   0.33493288
2454735.226463  1.013384e+00    -2.26707042  -0.32306319   0.33491678   -1.26568281  -0.27253393   0.33491433
2454735.228625  1.036989e+00    -2.26707160  -0.32309000   0.33491156   -1.26568646  -0.27252374   0.33490911
31 0   0.006   2008-09-26.5   R   Oey
2454735.932382  9.766695e-01    -2.26744089  -0.33181418   0.33320921   -1.26693638  -0.26920618   0.33320673
2454735.935948  9.975796e-01    -2.26744269  -0.33185838   0.33320058   -1.26694301  -0.26918938   0.33319809
2454735.939503  1.003108e+00    -2.26744449  -0.33190244   0.33319197   -1.26694963  -0.26917263   0.33318948
2454735.943068  1.001262e+00    -2.26744629  -0.33194662   0.33318333   -1.26695627  -0.26915584   0.33318085
2454735.946693  1.002184e+00    -2.26744812  -0.33199155   0.33317456   -1.26696303  -0.26913876   0.33317207
2454735.951994  9.920822e-01    -2.26745080  -0.33205725   0.33316172   -1.26697291  -0.26911379   0.33315923
2454735.956770  9.820816e-01    -2.26745321  -0.33211644   0.33315015   -1.26698182  -0.26909129   0.33314766
2454735.960325  1.003108e+00    -2.26745500  -0.33216050   0.33314154   -1.26698846  -0.26907455   0.33313905
2454735.963874  1.001262e+00    -2.26745679  -0.33220449   0.33313294   -1.26699508  -0.26905783   0.33313046
2454735.967424  1.010526e+00    -2.26745858  -0.33224848   0.33312435   -1.26700172  -0.26904111   0.33312186
2454735.974528  1.032161e+00    -2.26746216  -0.33233653   0.33310714   -1.26701500  -0.26900765   0.33310465
2454735.982246  1.002184e+00    -2.26746604  -0.33243218   0.33308845   -1.26702944  -0.26897129   0.33308596
2454735.985799  9.939113e-01    -2.26746783  -0.33247621   0.33307984   -1.26703610  -0.26895456   0.33307735
2454735.989346  9.820816e-01    -2.26746961  -0.33252017   0.33307125   -1.26704274  -0.26893785   0.33306876
2454735.996454  9.893446e-01    -2.26747318  -0.33260826   0.33305403   -1.26705607  -0.26890437   0.33305154
2454736.000010  9.957438e-01    -2.26747497  -0.33265233   0.33304542   -1.26706274  -0.26888762   0.33304293
2454736.003561  1.000340e+00    -2.26747675  -0.33269634   0.33303682   -1.26706941  -0.26887089   0.33303433
2454736.007115  1.001262e+00    -2.26747853  -0.33274039   0.33302821   -1.26707608  -0.26885416   0.33302572
2454736.010671  1.008666e+00    -2.26748032  -0.33278446   0.33301959   -1.26708276  -0.26883741   0.33301710
2454736.014226  1.000340e+00    -2.26748210  -0.33282852   0.33301098   -1.26708944  -0.26882066   0.33300849
2454736.017793  1.013322e+00    -2.26748389  -0.33287272   0.33300234   -1.26709615  -0.26880386   0.33299985
2454736.021351  1.023641e+00    -2.26748567  -0.33291682   0.33299372   -1.26710285  -0.26878711   0.33299123
2454736.024906  1.013322e+00    -2.26748745  -0.33296088   0.33298511   -1.26710954  -0.26877036   0.33298262
2454736.028462  9.920822e-01    -2.26748923  -0.33300494   0.33297650   -1.26711623  -0.26875361   0.33297401
2454736.032018  9.802743e-01    -2.26749101  -0.33304901   0.33296788   -1.26712293  -0.26873685   0.33296539
2454736.045323  1.014256e+00    -2.26749766  -0.33321390   0.33293565   -1.26714803  -0.26867414   0.33293316
2454736.048881  1.015191e+00    -2.26749944  -0.33325799   0.33292703   -1.26715475  -0.26865737   0.33292454
2454736.061361  9.966613e-01    -2.26750567  -0.33341265   0.33289680   -1.26717833  -0.26859855   0.33289430
2454736.064916  9.939113e-01    -2.26750744  -0.33345670   0.33288818   -1.26718506  -0.26858180   0.33288569
2454736.068472  9.948271e-01    -2.26750921  -0.33350077   0.33287957   -1.26719179  -0.26856504   0.33287708
2454736.072025  9.866148e-01    -2.26751098  -0.33354480   0.33287096   -1.26719852  -0.26854830   0.33286847
39 0   0.005   2008-09-27.5   R   Oey
2454736.945638  9.968434e-01    -2.26792560  -0.34436786   0.33075138   -1.26894480  -0.26443594   0.33074884
2454736.963393  9.904371e-01    -2.26793360  -0.34458776   0.33070824   -1.26898219  -0.26435247   0.33070570
2454736.966950  9.996015e-01    -2.26793520  -0.34463182   0.33069959   -1.26898969  -0.26433575   0.33069706
2454736.970514  9.813567e-01    -2.26793680  -0.34467596   0.33069093   -1.26899721  -0.26431899   0.33068840
2454736.974073  9.804533e-01    -2.26793840  -0.34472004   0.33068229   -1.26900472  -0.26430226   0.33067975
2454736.977629  9.904371e-01    -2.26794000  -0.34476408   0.33067364   -1.26901222  -0.26428555   0.33067111
2454736.981185  9.804533e-01    -2.26794160  -0.34480812   0.33066500   -1.26901973  -0.26426883   0.33066247
2454736.985109  1.000522e+00    -2.26794336  -0.34485672   0.33065547   -1.26902802  -0.26425039   0.33065293
2454736.988676  9.986812e-01    -2.26794496  -0.34490089   0.33064680   -1.26903556  -0.26423362   0.33064426
2454736.992238  1.003291e+00    -2.26794656  -0.34494501   0.33063815   -1.26904309  -0.26421688   0.33063561
2454736.995799  9.904371e-01    -2.26794815  -0.34498911   0.33062949   -1.26905062  -0.26420014   0.33062695
2454736.999362  9.940927e-01    -2.26794975  -0.34503324   0.33062083   -1.26905816  -0.26418339   0.33061829
2454737.002927  9.996015e-01    -2.26795135  -0.34507739   0.33061217   -1.26906571  -0.26416663   0.33060963
2454737.006496  9.886143e-01    -2.26795295  -0.34512159   0.33060350   -1.26907327  -0.26414986   0.33060096
2454737.010065  9.968434e-01    -2.26795454  -0.34516579   0.33059482   -1.26908083  -0.26413308   0.33059228
2454737.013630  1.004215e+00    -2.26795614  -0.34520995   0.33058616   -1.26908839  -0.26411633   0.33058362
2454737.017207  9.931775e-01    -2.26795774  -0.34525425   0.33057747   -1.26909597  -0.26409951   0.33057493
2454737.020770  9.986812e-01    -2.26795933  -0.34529837   0.33056881   -1.26910353  -0.26408277   0.33056627
2454737.024340  1.004215e+00    -2.26796093  -0.34534259   0.33056013   -1.26911111  -0.26406599   0.33055759
2454737.027907  9.986812e-01    -2.26796252  -0.34538676   0.33055146   -1.26911868  -0.26404922   0.33054892
2454737.031479  1.005141e+00    -2.26796411  -0.34543100   0.33054278   -1.26912627  -0.26403244   0.33054024
2454737.035054  9.904371e-01    -2.26796571  -0.34547527   0.33053409   -1.26913386  -0.26401563   0.33053155
2454737.038625  9.986812e-01    -2.26796730  -0.34551950   0.33052541   -1.26914145  -0.26399885   0.33052287
2454737.042195  9.950088e-01    -2.26796890  -0.34556371   0.33051674   -1.26914904  -0.26398207   0.33051420
2454737.045755  1.005141e+00    -2.26797048  -0.34560780   0.33050809   -1.26915662  -0.26396534   0.33050555
2454737.049320  1.005141e+00    -2.26797207  -0.34565195   0.33049942   -1.26916420  -0.26394859   0.33049688
2454737.052895  9.986812e-01    -2.26797366  -0.34569623   0.33049073   -1.26917181  -0.26393179   0.33048819
2454737.056461  1.006994e+00    -2.26797525  -0.34574039   0.33048206   -1.26917941  -0.26391503   0.33047952
2454737.060032  1.015376e+00    -2.26797684  -0.34578461   0.33047339   -1.26918702  -0.26389825   0.33047084
2454737.063594  1.000522e+00    -2.26797842  -0.34582873   0.33046473   -1.26919461  -0.26388151   0.33046219
2454737.067158  1.005141e+00    -2.26798001  -0.34587286   0.33045607   -1.26920221  -0.26386476   0.33045352
2454737.070727  1.026660e+00    -2.26798159  -0.34591706   0.33044739   -1.26920982  -0.26384799   0.33044485
2454737.074288  1.009780e+00    -2.26798318  -0.34596117   0.33043873   -1.26921743  -0.26383125   0.33043619
2454737.077853  1.006994e+00    -2.26798476  -0.34600532   0.33043007   -1.26922504  -0.26381450   0.33042752
2454737.081418  1.017248e+00    -2.26798634  -0.34604947   0.33042140   -1.26923265  -0.26379774   0.33041886
2454737.084984  1.004215e+00    -2.26798792  -0.34609364   0.33041273   -1.26924027  -0.26378099   0.33041019
2454737.088547  1.006994e+00    -2.26798950  -0.34613776   0.33040407   -1.26924789  -0.26376425   0.33040153
2454737.092113  1.006994e+00    -2.26799108  -0.34618192   0.33039540   -1.26925551  -0.26374749   0.33039286
2454737.095678  1.004215e+00    -2.26799266  -0.34622607   0.33038674   -1.26926314  -0.26373074   0.33038420
20 0 0.08 2004.12-2008.12 V 689_USNO
2453354.938583 1.859637e+01 1.702160e+00 -3.242062e+00 -9.582796e-01 1.809525e+00 -2.263740e+00 -9.582710e-01
2453357.929738 1.596435e+01 1.724103e+00 -3.234816e+00 -9.606935e-01 1.779352e+00 -2.252432e+00 -9.606849e-01
2453442.652931 2.047069e+01 2.308004e+00 -2.967485e+00 -1.009824e+00 1.322326e+00 -2.839390e+00 -1.009822e+00
2453767.927303 2.215149e+01 3.668126e+00 -1.103452e+00 -8.726067e-01 3.004540e+00 -3.749849e-01 -8.726011e-01
2453768.924385 1.846409e+01 3.669707e+00 -1.096340e+00 -8.714447e-01 2.993263e+00 -3.796009e-01 -8.714392e-01
2454171.956741 1.010183e+01 2.649867e+00 1.784935e+00 -1.069803e-01 1.667452e+00 1.933698e+00 -1.069784e-01
2454177.939983 1.397898e+01 2.607059e+00 1.819164e+00 -9.247165e-02 1.612879e+00 1.865144e+00 -9.247021e-02
2454179.934759 1.425642e+01 2.592596e+00 1.830444e+00 -8.762773e-02 1.596866e+00 1.841992e+00 -8.762645e-02
2454205.855649 1.441141e+01 2.396044e+00 1.970579e+00 -2.446291e-02 1.486161e+00 1.548104e+00 -2.446367e-02
2454207.849492 1.669777e+01 2.380259e+00 1.980840e+00 -1.959169e-02 1.484791e+00 1.527375e+00 -1.959260e-02
2454208.846353 1.609830e+01 2.372332e+00 1.985942e+00 -1.715589e-02 1.484462e+00 1.517178e+00 -1.715687e-02
2454701.940762 1.479925e+01 -2.218340e+00 9.213634e-02 4.104324e-01 -1.337891e+00 -4.050489e-01 4.104296e-01
2454713.905541 1.330454e+01 -2.242995e+00 -5.741403e-02 3.844871e-01 -1.283377e+00 -3.671725e-01 3.844844e-01
2454714.902363 1.533822e+01 -2.244684e+00 -6.987150e-02 3.822614e-01 -1.280214e+00 -3.633304e-01 3.822587e-01
2454722.877739 1.630432e+01 -2.256193e+00 -1.694526e-01 3.641183e-01 -1.262996e+00 -3.298635e-01 3.641157e-01
2454723.873981 1.919591e+01 -2.257382e+00 -1.818762e-01 3.618112e-01 -1.261874e+00 -3.254089e-01 3.618086e-01
2454724.870876 1.466410e+01 -2.258516e+00 -1.943034e-01 3.594937e-01 -1.260985e+00 -3.209055e-01 3.594911e-01
2454725.867693 1.649856e+01 -2.259595e+00 -2.067250e-01 3.571677e-01 -1.260329e+00 -3.163612e-01 3.571651e-01
2454755.765697 1.485083e+01 -2.267013e+00 -5.757228e-01 2.837168e-01 -1.350430e+00 -1.839951e-01 2.837152e-01
2454822.573516 1.479721e+01 -2.124870e+00 -1.350316e+00 1.016794e-01 -2.132752e+00 -3.666927e-01 1.016808e-01
28 0 0.12 1999.12-2005.2 R 703_CATALINA
2451519.880128 2.597495e+01 2.657464e+00 -2.723867e+00 -1.022602e+00 2.915556e+00 -1.773071e+00 -1.022584e+00
2451519.892438 2.847841e+01 2.657535e+00 -2.723810e+00 -1.022603e+00 2.915419e+00 -1.772960e+00 -1.022585e+00
2451519.904839 5.949445e+01 2.657606e+00 -2.723753e+00 -1.022604e+00 2.915281e+00 -1.772847e+00 -1.022586e+00
2451519.917190 4.512710e+01 2.657677e+00 -2.723696e+00 -1.022605e+00 2.915143e+00 -1.772736e+00 -1.022587e+00
2451613.820892 2.497378e+01 3.136749e+00 -2.236032e+00 -1.008545e+00 2.158428e+00 -2.064393e+00 -1.008541e+00
2451613.832652 2.497531e+01 3.136801e+00 -2.235965e+00 -1.008541e+00 2.158442e+00 -2.064526e+00 -1.008537e+00
2451613.844441 2.277916e+01 3.136854e+00 -2.235897e+00 -1.008537e+00 2.158456e+00 -2.064659e+00 -1.008532e+00
2451613.856331 2.497840e+01 3.136906e+00 -2.235829e+00 -1.008532e+00 2.158470e+00 -2.064793e+00 -1.008528e+00
2453350.908158 3.424178e+01 1.672461e+00 -3.251576e+00 -9.549528e-01 1.849554e+00 -2.283019e+00 -9.549443e-01
2453350.919638 3.423965e+01 1.672546e+00 -3.251549e+00 -9.549624e-01 1.849441e+00 -2.282957e+00 -9.549539e-01
2453350.931059 3.122501e+01 1.672630e+00 -3.251522e+00 -9.549720e-01 1.849329e+00 -2.282896e+00 -9.549635e-01
2453350.941659 3.423557e+01 1.672709e+00 -3.251498e+00 -9.549808e-01 1.849225e+00 -2.282840e+00 -9.549723e-01
2453377.890217 4.483181e+01 1.868346e+00 -3.182471e+00 -9.756066e-01 1.578907e+00 -2.242684e+00 -9.755983e-01
2453377.897947 4.483130e+01 1.868401e+00 -3.182449e+00 -9.756120e-01 1.578833e+00 -2.242702e+00 -9.756037e-01
2453377.905558 3.728863e+01 1.868455e+00 -3.182428e+00 -9.756173e-01 1.578760e+00 -2.242719e+00 -9.756090e-01
2453377.913138 4.483029e+01 1.868510e+00 -3.182407e+00 -9.756225e-01 1.578688e+00 -2.242737e+00 -9.756142e-01
2453379.750128 1.231788e+01 1.881589e+00 -3.177246e+00 -9.768908e-01 1.561210e+00 -2.247500e+00 -9.768825e-01
2453379.758199 2.573547e+01 1.881646e+00 -3.177223e+00 -9.768963e-01 1.561133e+00 -2.247523e+00 -9.768880e-01
2453379.769319 3.392554e+01 1.881725e+00 -3.177191e+00 -9.769039e-01 1.561028e+00 -2.247555e+00 -9.768957e-01
2453379.777429 2.140537e+01 1.881783e+00 -3.177168e+00 -9.769095e-01 1.560952e+00 -2.247578e+00 -9.769012e-01
2453385.816010 4.458195e+01 1.924536e+00 -3.159800e+00 -9.809540e-01 1.505816e+00 -2.269692e+00 -9.809461e-01
2453385.823790 4.888317e+01 1.924591e+00 -3.159777e+00 -9.809591e-01 1.505747e+00 -2.269727e+00 -9.809512e-01
2453385.831440 5.877053e+01 1.924645e+00 -3.159755e+00 -9.809641e-01 1.505680e+00 -2.269761e+00 -9.809562e-01
2453385.839040 5.359939e+01 1.924699e+00 -3.159733e+00 -9.809691e-01 1.505613e+00 -2.269795e+00 -9.809611e-01
2453429.747707 4.464805e+01 2.224058e+00 -3.015578e+00 -1.004719e+00 1.295052e+00 -2.671542e+00 -1.004715e+00
2453429.757406 3.713934e+01 2.224122e+00 -3.015543e+00 -1.004723e+00 1.295055e+00 -2.671664e+00 -1.004719e+00
2453429.767145 3.714208e+01 2.224186e+00 -3.015507e+00 -1.004727e+00 1.295059e+00 -2.671787e+00 -1.004724e+00
2453429.776975 2.817725e+01 2.224250e+00 -3.015472e+00 -1.004731e+00 1.295062e+00 -2.671910e+00 -1.004728e+00
81 0 0.12 2004.1-2009.12 V 703_CATALINA
2453032.577966 1.494632e+01 -9.251093e-01 -2.891011e+00 -4.222246e-01 -1.523450e+00 -2.108900e+00 -4.222160e-01
2453032.590415 1.639124e+01 -9.250100e-01 -2.891076e+00 -4.222554e-01 -1.523525e+00 -2.109097e+00 -4.222467e-01
2453032.602954 1.495169e+01 -9.249100e-01 -2.891142e+00 -4.222864e-01 -1.523600e+00 -2.109294e+00 -4.222778e-01
2453032.615463 1.639714e+01 -9.248102e-01 -2.891207e+00 -4.223173e-01 -1.523674e+00 -2.109491e+00 -4.223087e-01
2453709.937439 2.271639e+01 3.546152e+00 -1.506809e+00 -9.327961e-01 3.829114e+00 -5.628988e-01 -9.327895e-01
2453709.944360 2.271513e+01 3.546170e+00 -1.506762e+00 -9.327898e-01 3.829016e+00 -5.628182e-01 -9.327832e-01
2453709.951360 2.071529e+01 3.546188e+00 -1.506714e+00 -9.327834e-01 3.828917e+00 -5.627367e-01 -9.327769e-01
2453709.958351 2.271259e+01 3.546206e+00 -1.506667e+00 -9.327770e-01 3.828818e+00 -5.626554e-01 -9.327705e-01
2453709.991444 2.489726e+01 3.546292e+00 -1.506443e+00 -9.327469e-01 3.828349e+00 -5.622705e-01 -9.327403e-01
2453763.937657 2.501329e+01 3.661622e+00 -1.131853e+00 -8.772138e-01 3.051487e+00 -3.587380e-01 -8.772079e-01
2453763.945387 2.501182e+01 3.661635e+00 -1.131798e+00 -8.772049e-01 3.051393e+00 -3.587659e-01 -8.771991e-01
2453763.952968 2.501039e+01 3.661648e+00 -1.131745e+00 -8.771962e-01 3.051301e+00 -3.587933e-01 -8.771904e-01
2453763.960598 2.500895e+01 3.661661e+00 -1.131690e+00 -8.771875e-01 3.051209e+00 -3.588210e-01 -8.771816e-01
2453787.910742 2.601116e+01 3.696387e+00 -9.599460e-01 -8.485153e-01 2.818765e+00 -5.039279e-01 -8.485110e-01
2453787.919022 2.601026e+01 3.696397e+00 -9.598861e-01 -8.485050e-01 2.818708e+00 -5.039950e-01 -8.485006e-01
2453787.927312 2.851869e+01 3.696408e+00 -9.598262e-01 -8.484946e-01 2.818650e+00 -5.040621e-01 -8.484903e-01
2453787.949123 3.126728e+01 3.696434e+00 -9.596685e-01 -8.484674e-01 2.818498e+00 -5.042389e-01 -8.484631e-01
2453794.893735 2.782631e+01 3.704550e+00 -9.093401e-01 -8.397006e-01 2.776251e+00 -5.635031e-01 -8.396968e-01
2453794.901306 3.051029e+01 3.704558e+00 -9.092851e-01 -8.396910e-01 2.776212e+00 -5.635706e-01 -8.396872e-01
2453794.908846 3.050963e+01 3.704566e+00 -9.092303e-01 -8.396813e-01 2.776173e+00 -5.636379e-01 -8.396775e-01
2453794.916406 3.050897e+01 3.704575e+00 -9.091754e-01 -8.396717e-01 2.776133e+00 -5.637054e-01 -8.396679e-01
2453803.737627 2.998264e+01 3.713598e+00 -8.449310e-01 -8.282445e-01 2.740932e+00 -6.457803e-01 -8.282415e-01
2453819.698167 2.514297e+01 3.726243e+00 -7.278700e-01 -8.067513e-01 2.731853e+00 -8.029206e-01 -8.067497e-01
2453819.704757 2.293097e+01 3.726247e+00 -7.278215e-01 -8.067422e-01 2.731864e+00 -8.029855e-01 -8.067406e-01
2453819.711307 2.514365e+01 3.726251e+00 -7.277733e-01 -8.067332e-01 2.731875e+00 -8.030500e-01 -8.067316e-01
2453819.717897 2.514399e+01 3.726256e+00 -7.277247e-01 -8.067241e-01 2.731886e+00 -8.031150e-01 -8.067225e-01
2453844.694425 2.106764e+01 3.736362e+00 -5.427061e-01 -7.710054e-01 2.857209e+00 -1.028247e+00 -7.710063e-01
2453844.702494 2.106858e+01 3.736364e+00 -5.426460e-01 -7.709934e-01 2.857275e+00 -1.028309e+00 -7.709943e-01
2453844.710554 2.106952e+01 3.736365e+00 -5.425860e-01 -7.709815e-01 2.857341e+00 -1.028371e+00 -7.709824e-01
2453844.718613 2.107046e+01 3.736366e+00 -5.425260e-01 -7.709696e-01 2.857407e+00 -1.028433e+00 -7.709705e-01
2453885.642745 2.082576e+01 3.726708e+00 -2.358433e-01 -7.070907e-01 3.355504e+00 -1.179104e+00 -7.070949e-01
2453885.651974 1.899448e+01 3.726702e+00 -2.357738e-01 -7.070755e-01 3.355643e+00 -1.179093e+00 -7.070798e-01
2453885.661174 1.899563e+01 3.726696e+00 -2.357046e-01 -7.070604e-01 3.355782e+00 -1.179083e+00 -7.070647e-01
2453885.670393 1.732527e+01 3.726690e+00 -2.356351e-01 -7.070453e-01 3.355921e+00 -1.179072e+00 -7.070496e-01
2454108.983885 1.773230e+01 3.048248e+00 1.393347e+00 -2.568159e-01 2.749161e+00 2.330106e+00 -2.568113e-01
2454108.989946 1.944185e+01 3.048214e+00 1.393387e+00 -2.568018e-01 2.749026e+00 2.330114e+00 -2.567972e-01
2454108.996017 1.944062e+01 3.048180e+00 1.393427e+00 -2.567876e-01 2.748891e+00 2.330122e+00 -2.567831e-01
2454109.002077 1.943938e+01 3.048146e+00 1.393467e+00 -2.567736e-01 2.748756e+00 2.330130e+00 -2.567690e-01
2454227.806879 3.175796e+01 2.217102e+00 2.079075e+00 2.917177e-02 1.519708e+00 1.349926e+00 2.916945e-02
2454227.816049 3.175684e+01 2.217025e+00 2.079119e+00 2.919417e-02 1.519742e+00 1.349859e+00 2.919185e-02
2454227.825219 2.896156e+01 2.216948e+00 2.079162e+00 2.921656e-02 1.519777e+00 1.349793e+00 2.921424e-02
2454227.834419 3.175460e+01 2.216871e+00 2.079205e+00 2.923902e-02 1.519811e+00 1.349726e+00 2.923670e-02
2454241.773848 2.345625e+01 2.097371e+00 2.142692e+00 6.323777e-02 1.587587e+00 1.268429e+00 6.323461e-02
2454241.784048 2.345624e+01 2.097282e+00 2.142737e+00 6.326261e-02 1.587647e+00 1.268384e+00 6.325945e-02
2454241.794258 2.571925e+01 2.097192e+00 2.142782e+00 6.328748e-02 1.587706e+00 1.268340e+00 6.328431e-02
2454241.804458 2.571924e+01 2.097103e+00 2.142826e+00 6.331232e-02 1.587766e+00 1.268296e+00 6.330915e-02
2454740.788483 2.679361e+01 -2.269264e+00 -3.919033e-01 3.213569e-01 -1.278798e+00 -2.465380e-01 3.213548e-01
2454740.798143 2.443697e+01 -2.269266e+00 -3.920226e-01 3.213332e-01 -1.278828e+00 -2.464935e-01 3.213310e-01
2454740.807922 2.443789e+01 -2.269268e+00 -3.921434e-01 3.213091e-01 -1.278857e+00 -2.464485e-01 3.213069e-01
2454740.817722 2.443882e+01 -2.269271e+00 -3.922645e-01 3.212850e-01 -1.278887e+00 -2.464033e-01 3.212829e-01
2454747.807597 2.779442e+01 -2.269673e+00 -4.783617e-01 3.039124e-01 -1.305866e+00 -2.153164e-01 3.039104e-01
2454747.814947 2.535003e+01 -2.269672e+00 -4.784520e-01 3.038939e-01 -1.305901e+00 -2.152851e-01 3.038920e-01
2454747.822207 2.535125e+01 -2.269671e+00 -4.785411e-01 3.038757e-01 -1.305935e+00 -2.152542e-01 3.038737e-01
2454747.829437 2.535245e+01 -2.269670e+00 -4.786299e-01 3.038575e-01 -1.305969e+00 -2.152235e-01 3.038556e-01
2454768.736233 1.978532e+01 -2.255753e+00 -7.325870e-01 2.499468e-01 -1.452759e+00 -1.480593e-01 2.499457e-01
2454768.744033 1.978736e+01 -2.255744e+00 -7.326806e-01 2.499262e-01 -1.452831e+00 -1.480448e-01 2.499251e-01
2454768.751822 1.978941e+01 -2.255734e+00 -7.327740e-01 2.499057e-01 -1.452903e+00 -1.480305e-01 2.499045e-01
2454768.759672 2.170092e+01 -2.255725e+00 -7.328682e-01 2.498849e-01 -1.452976e+00 -1.480160e-01 2.498838e-01
2454776.649360 1.840239e+01 -2.244795e+00 -8.269986e-01 2.288834e-01 -1.531479e+00 -1.387919e-01 2.288827e-01
2454776.656630 2.018000e+01 -2.244783e+00 -8.270849e-01 2.288639e-01 -1.531556e+00 -1.387886e-01 2.288632e-01
2454776.663959 2.018220e+01 -2.244772e+00 -8.271718e-01 2.288443e-01 -1.531634e+00 -1.387853e-01 2.288435e-01
2454776.671189 2.018438e+01 -2.244760e+00 -8.272576e-01 2.288249e-01 -1.531711e+00 -1.387820e-01 2.288241e-01
2454866.585561 1.569448e+01 -1.931908e+00 -1.803087e+00 -2.412942e-02 -2.632141e+00 -1.109229e+00 -2.412659e-02
2454866.589871 1.569535e+01 -1.931886e+00 -1.803129e+00 -2.414177e-02 -2.632172e+00 -1.109324e+00 -2.413894e-02
2454866.598340 1.305624e+01 -1.931842e+00 -1.803211e+00 -2.416603e-02 -2.632234e+00 -1.109510e+00 -2.416321e-02
2454876.596555 1.477990e+01 -1.879066e+00 -1.898487e+00 -5.278918e-02 -2.691910e+00 -1.337683e+00 -5.278625e-02
2454876.601974 1.478086e+01 -1.879037e+00 -1.898538e+00 -5.280468e-02 -2.691935e+00 -1.337811e+00 -5.280175e-02
2454876.607484 1.478184e+01 -1.879007e+00 -1.898589e+00 -5.282043e-02 -2.691961e+00 -1.337941e+00 -5.281750e-02
2454876.612993 1.478281e+01 -1.878977e+00 -1.898641e+00 -5.283618e-02 -2.691986e+00 -1.338072e+00 -5.283325e-02
2455151.818196 1.728062e+01 2.188119e-01 -3.353461e+00 -7.179969e-01 8.008550e-01 -2.553972e+00 -7.180006e-01
2455151.826806 1.727984e+01 2.188844e-01 -3.353474e+00 -7.180123e-01 8.008054e-01 -2.553899e+00 -7.180160e-01
2455151.835417 1.727907e+01 2.189570e-01 -3.353486e+00 -7.180277e-01 8.007558e-01 -2.553825e+00 -7.180314e-01
2455151.844077 1.727829e+01 2.190300e-01 -3.353499e+00 -7.180432e-01 8.007058e-01 -2.553750e+00 -7.180469e-01
2455162.759830 1.801268e+01 3.109236e-01 -3.368161e+00 -7.372374e-01 7.280211e-01 -2.473892e+00 -7.372408e-01
2455162.768910 1.801204e+01 3.109999e-01 -3.368172e+00 -7.372531e-01 7.279533e-01 -2.473838e+00 -7.372566e-01
2455162.778111 1.974909e+01 3.110773e-01 -3.368183e+00 -7.372690e-01 7.278846e-01 -2.473783e+00 -7.372725e-01
2455162.787311 1.974838e+01 3.111546e-01 -3.368195e+00 -7.372849e-01 7.278159e-01 -2.473728e+00 -7.372884e-01
2455185.811479 2.991987e+01 5.040194e-01 -3.389781e+00 -7.757082e-01 5.314190e-01 -2.406323e+00 -7.757108e-01
2455185.820239 2.269662e+01 5.040925e-01 -3.389786e+00 -7.757222e-01 5.313389e-01 -2.406326e+00 -7.757249e-01
2455185.829029 2.269669e+01 5.041658e-01 -3.389792e+00 -7.757364e-01 5.312586e-01 -2.406328e+00 -7.757390e-01
2455185.838619 2.069969e+01 5.042458e-01 -3.389799e+00 -7.757518e-01 5.311710e-01 -2.406330e+00 -7.757544e-01
1 1
2 1
3 1
4 1
5 1
6 1
7 1
8 1
9 1
10 1
11 1
12 1
13 1
14 1
15 1
16 1
17 0.3
18 0.15
19 0.15
