2	0.5	1000	 1	period_start period_step period_end fixed/free
0.0				initial epoch
0.0				initial rotation angle      
0.1				convexity weight      
3 3				degree and order of spherical harmonics      
6				number of rows        
0.5	1			scattering parameters
0.1	1
-0.5	1     
0.1	0			LS coeff                 
50				iteration stop condidion
10				minimum number of iterations (only if the above value < 1)
5				Alamda multiplicative factor
0.1				Alamda initial value
1
130 0 0.12 2005.9-2010.11 V 703_CATALINA
2453636.867301 5.993005e+00 -3.102527e+00 -1.223838e+00 -1.090397e-01 -2.099200e+00 -1.217653e+00 -1.090403e-01
2453636.874801 4.984474e+00 -3.102494e+00 -1.223893e+00 -1.090425e-01 -2.099169e+00 -1.217580e+00 -1.090431e-01
2453636.882281 6.570434e+00 -3.102461e+00 -1.223948e+00 -1.090453e-01 -2.099139e+00 -1.217507e+00 -1.090459e-01
2453636.889782 5.991958e+00 -3.102427e+00 -1.224003e+00 -1.090481e-01 -2.099108e+00 -1.217433e+00 -1.090487e-01
2453646.811619 5.599847e+00 -3.057031e+00 -1.296461e+00 -1.127038e-01 -2.072065e+00 -1.120743e+00 -1.127031e-01
2453646.818870 5.599611e+00 -3.056997e+00 -1.296514e+00 -1.127064e-01 -2.072055e+00 -1.120674e+00 -1.127057e-01
2453646.826130 5.599376e+00 -3.056963e+00 -1.296567e+00 -1.127090e-01 -2.072045e+00 -1.120604e+00 -1.127084e-01
2453646.833390 6.139336e+00 -3.056929e+00 -1.296619e+00 -1.127117e-01 -2.072035e+00 -1.120534e+00 -1.127110e-01
2453665.739788 6.907733e+00 -2.963699e+00 -1.431779e+00 -1.194260e-01 -2.092076e+00 -9.515964e-01 -1.194231e-01
2453665.748338 6.299869e+00 -2.963655e+00 -1.431839e+00 -1.194290e-01 -2.092105e+00 -9.515283e-01 -1.194260e-01
2453665.756848 6.299810e+00 -2.963611e+00 -1.431899e+00 -1.194319e-01 -2.092134e+00 -9.514605e-01 -1.194290e-01
2453665.765358 6.299752e+00 -2.963567e+00 -1.431959e+00 -1.194349e-01 -2.092163e+00 -9.513928e-01 -1.194319e-01
2453672.761662 5.232861e+00 -2.926836e+00 -1.480925e+00 -1.218313e-01 -2.121782e+00 -8.991931e-01 -1.218276e-01
2453672.767572 5.232883e+00 -2.926805e+00 -1.480966e+00 -1.218333e-01 -2.121812e+00 -8.991522e-01 -1.218295e-01
2453672.773502 5.737766e+00 -2.926773e+00 -1.481007e+00 -1.218353e-01 -2.121842e+00 -8.991111e-01 -1.218316e-01
2453672.779442 5.737790e+00 -2.926741e+00 -1.481048e+00 -1.218373e-01 -2.121872e+00 -8.990700e-01 -1.218336e-01
2453699.640939 3.640964e+00 -2.774602e+00 -1.663173e+00 -1.305608e-01 -2.324627e+00 -7.846103e-01 -1.305548e-01
2453699.649439 3.992443e+00 -2.774551e+00 -1.663229e+00 -1.305634e-01 -2.324708e+00 -7.846003e-01 -1.305574e-01
2453699.657958 3.992648e+00 -2.774500e+00 -1.663285e+00 -1.305661e-01 -2.324790e+00 -7.845902e-01 -1.305600e-01
2453699.666488 3.641525e+00 -2.774449e+00 -1.663341e+00 -1.305687e-01 -2.324872e+00 -7.845802e-01 -1.305627e-01
2453756.584911 3.484800e+00 -2.394774e+00 -2.012641e+00 -1.462244e-01 -2.898728e+00 -1.167376e+00 -1.462182e-01
2453756.591320 3.178313e+00 -2.394727e+00 -2.012677e+00 -1.462259e-01 -2.898778e+00 -1.167469e+00 -1.462197e-01
2453756.597910 2.898786e+00 -2.394679e+00 -2.012714e+00 -1.462275e-01 -2.898828e+00 -1.167565e+00 -1.462213e-01
2453756.604329 3.178593e+00 -2.394632e+00 -2.012750e+00 -1.462290e-01 -2.898878e+00 -1.167658e+00 -1.462228e-01
2453773.558093 2.678650e+00 -2.266902e+00 -2.105377e+00 -1.500497e-01 -3.000311e+00 -1.445969e+00 -1.500443e-01
2453773.562233 2.443016e+00 -2.266870e+00 -2.105399e+00 -1.500505e-01 -3.000328e+00 -1.446044e+00 -1.500452e-01
2453773.566413 5.596756e+00 -2.266838e+00 -2.105421e+00 -1.500514e-01 -3.000345e+00 -1.446120e+00 -1.500461e-01
2453773.570563 5.596886e+00 -2.266806e+00 -2.105443e+00 -1.500523e-01 -3.000362e+00 -1.446196e+00 -1.500470e-01
2453790.570867 3.502062e+00 -2.132206e+00 -2.192269e+00 -1.534518e-01 -3.030716e+00 -1.777511e+00 -1.534476e-01
2453790.575647 3.502133e+00 -2.132167e+00 -2.192293e+00 -1.534527e-01 -3.030713e+00 -1.777610e+00 -1.534485e-01
2453790.580477 2.913006e+00 -2.132128e+00 -2.192316e+00 -1.534536e-01 -3.030710e+00 -1.777709e+00 -1.534494e-01
2453790.585256 3.194113e+00 -2.132089e+00 -2.192340e+00 -1.534545e-01 -3.030707e+00 -1.777808e+00 -1.534503e-01
2454009.946121 2.143566e+00 5.904491e-02 -2.542851e+00 -1.470192e-01 1.050396e+00 -2.403013e+00 -1.470198e-01
2454009.954732 2.350112e+00 5.914009e-02 -2.542829e+00 -1.470168e-01 1.050468e+00 -2.402845e+00 -1.470174e-01
2454009.963382 2.349850e+00 5.923571e-02 -2.542806e+00 -1.470143e-01 1.050540e+00 -2.402675e+00 -1.470149e-01
2454009.971993 2.576272e+00 5.933089e-02 -2.542784e+00 -1.470118e-01 1.050612e+00 -2.402507e+00 -1.470124e-01
2454036.917451 3.689170e+00 3.560971e-01 -2.456316e+00 -1.383562e-01 1.172434e+00 -1.889961e+00 -1.383546e-01
2454036.923952 3.068219e+00 3.561683e-01 -2.456291e+00 -1.383539e-01 1.172440e+00 -1.889844e+00 -1.383522e-01
2454054.888563 3.350944e+00 5.515163e-01 -2.379633e+00 -1.315096e-01 1.149894e+00 -1.592016e+00 -1.315066e-01
2454054.901594 2.541419e+00 5.516569e-01 -2.379572e+00 -1.315043e-01 1.149852e+00 -1.591820e+00 -1.315013e-01
2454054.908145 2.317558e+00 5.517275e-01 -2.379541e+00 -1.315016e-01 1.149831e+00 -1.591722e+00 -1.314987e-01
2454108.793887 3.823971e+00 1.110002e+00 -2.056235e+00 -1.058845e-01 8.140845e-01 -1.118474e+00 -1.058799e-01
2454108.800327 3.823730e+00 1.110065e+00 -2.056188e+00 -1.058810e-01 8.140402e-01 -1.118461e+00 -1.058764e-01
2454108.806778 3.823489e+00 1.110128e+00 -2.056141e+00 -1.058775e-01 8.139958e-01 -1.118448e+00 -1.058729e-01
2454108.813238 3.486842e+00 1.110192e+00 -2.056094e+00 -1.058739e-01 8.139513e-01 -1.118435e+00 -1.058694e-01
2454117.771585 7.421576e+00 1.196950e+00 -1.988814e+00 -1.009030e-01 7.555479e-01 -1.109649e+00 -1.008985e-01
2454117.778535 7.421239e+00 1.197017e+00 -1.988760e+00 -1.008990e-01 7.555055e-01 -1.109649e+00 -1.008945e-01
2454117.785475 5.629329e+00 1.197083e+00 -1.988706e+00 -1.008951e-01 7.554632e-01 -1.109650e+00 -1.008906e-01
2454124.784095 6.529047e+00 1.263292e+00 -1.933519e+00 -9.687821e-02 7.157511e-01 -1.115507e+00 -9.687386e-02
2454124.790085 6.528902e+00 1.263348e+00 -1.933471e+00 -9.687472e-02 7.157198e-01 -1.115517e+00 -9.687037e-02
2454124.796005 6.528758e+00 1.263403e+00 -1.933423e+00 -9.687127e-02 7.156889e-01 -1.115526e+00 -9.686693e-02
2454124.801935 6.528615e+00 1.263459e+00 -1.933375e+00 -9.686782e-02 7.156580e-01 -1.115536e+00 -9.686348e-02
2454138.700228 4.069568e+00 1.390438e+00 -1.817081e+00 -8.855664e-02 6.583970e-01 -1.156218e+00 -8.855277e-02
2454138.706768 4.069618e+00 1.390496e+00 -1.817025e+00 -8.855263e-02 6.583780e-01 -1.156246e+00 -8.854876e-02
2454138.713298 4.069668e+00 1.390554e+00 -1.816968e+00 -8.854862e-02 6.583591e-01 -1.156273e+00 -8.854475e-02
2454138.719848 4.069718e+00 1.390613e+00 -1.816911e+00 -8.854461e-02 6.583401e-01 -1.156300e+00 -8.854073e-02
2454138.734408 4.462480e+00 1.390742e+00 -1.816785e+00 -8.853567e-02 6.582979e-01 -1.156360e+00 -8.853180e-02
2454138.742718 4.462550e+00 1.390816e+00 -1.816713e+00 -8.853057e-02 6.582739e-01 -1.156395e+00 -8.852670e-02
2454138.753758 4.893192e+00 1.390915e+00 -1.816617e+00 -8.852380e-02 6.582419e-01 -1.156441e+00 -8.851993e-02
2454138.760248 4.893252e+00 1.390972e+00 -1.816560e+00 -8.851982e-02 6.582232e-01 -1.156468e+00 -8.851594e-02
2454147.705212 3.185297e+00 1.469226e+00 -1.737094e+00 -8.294482e-02 6.404116e-01 -1.199564e+00 -8.294137e-02
2454147.712471 3.185412e+00 1.469288e+00 -1.737029e+00 -8.294022e-02 6.404039e-01 -1.199603e+00 -8.293678e-02
2454147.719571 3.492859e+00 1.469349e+00 -1.736964e+00 -8.293573e-02 6.403965e-01 -1.199642e+00 -8.293229e-02
2454147.726821 3.185640e+00 1.469411e+00 -1.736898e+00 -8.293114e-02 6.403889e-01 -1.199681e+00 -8.292770e-02
2454201.615163 2.316762e+00 1.871477e+00 -1.188922e+00 -4.617073e-02 9.344811e-01 -1.543896e+00 -4.617116e-02
2454201.624352 2.316994e+00 1.871534e+00 -1.188819e+00 -4.616408e-02 9.345916e-01 -1.543942e+00 -4.616451e-02
2454201.633522 2.317227e+00 1.871591e+00 -1.188717e+00 -4.615744e-02 9.347019e-01 -1.543988e+00 -4.615787e-02
2454201.642741 2.541044e+00 1.871648e+00 -1.188614e+00 -4.615076e-02 9.348129e-01 -1.544034e+00 -4.615120e-02
2454231.650205 2.889550e+00 2.034160e+00 -8.406381e-01 -2.394297e-02 1.384924e+00 -1.614158e+00 -2.394553e-02
2454231.656614 2.635465e+00 2.034190e+00 -8.405612e-01 -2.393814e-02 1.385036e+00 -1.614152e+00 -2.394071e-02
2454231.663054 2.889913e+00 2.034219e+00 -8.404840e-01 -2.393329e-02 1.385149e+00 -1.614147e+00 -2.393586e-02
2454231.669474 3.168925e+00 2.034249e+00 -8.404070e-01 -2.392846e-02 1.385261e+00 -1.614141e+00 -2.393102e-02
2454241.635640 2.643268e+00 2.077200e+00 -7.197768e-01 -1.639363e-02 1.565403e+00 -1.592831e+00 -1.639678e-02
2454241.644310 2.643481e+00 2.077235e+00 -7.196710e-01 -1.638705e-02 1.565564e+00 -1.592801e+00 -1.639021e-02
2454241.652989 2.411078e+00 2.077270e+00 -7.195650e-01 -1.638046e-02 1.565725e+00 -1.592771e+00 -1.638362e-02
2455069.786712 7.163892e+00 -3.227305e+00 1.413362e+00 4.196438e-02 -2.326516e+00 9.553542e-01 4.196261e-02
2455069.794832 5.958657e+00 -3.227335e+00 1.413303e+00 4.196062e-02 -2.326484e+00 9.554200e-01 4.195885e-02
2455069.803112 7.163869e+00 -3.227365e+00 1.413244e+00 4.195679e-02 -2.326452e+00 9.554871e-01 4.195502e-02
2455069.811442 7.163858e+00 -3.227395e+00 1.413184e+00 4.195293e-02 -2.326420e+00 9.555545e-01 4.195116e-02
2455073.770701 9.454083e+00 -3.241514e+00 1.384712e+00 4.011793e-02 -2.312847e+00 9.885437e-01 4.011596e-02
2455073.780981 9.454155e+00 -3.241551e+00 1.384638e+00 4.011316e-02 -2.312816e+00 9.886316e-01 4.011119e-02
2455073.791481 8.622361e+00 -3.241588e+00 1.384562e+00 4.010829e-02 -2.312785e+00 9.887214e-01 4.010632e-02
2455073.801821 8.622427e+00 -3.241624e+00 1.384487e+00 4.010349e-02 -2.312755e+00 9.888098e-01 4.010152e-02
2455084.744397 5.561664e+00 -3.278849e+00 1.305065e+00 3.501154e-02 -2.295650e+00 1.087703e+00 3.500904e-02
2455084.749317 4.626064e+00 -3.278866e+00 1.305029e+00 3.500925e-02 -2.295650e+00 1.087749e+00 3.500675e-02
2455084.754097 5.561839e+00 -3.278881e+00 1.304994e+00 3.500702e-02 -2.295649e+00 1.087794e+00 3.500452e-02
2455084.758936 6.098532e+00 -3.278897e+00 1.304959e+00 3.500476e-02 -2.295648e+00 1.087840e+00 3.500226e-02
2455084.764636 5.562031e+00 -3.278916e+00 1.304917e+00 3.500210e-02 -2.295647e+00 1.087893e+00 3.499960e-02
2455084.770436 5.562136e+00 -3.278935e+00 1.304875e+00 3.499939e-02 -2.295647e+00 1.087948e+00 3.499689e-02
2455084.776156 6.098875e+00 -3.278954e+00 1.304833e+00 3.499672e-02 -2.295646e+00 1.088002e+00 3.499422e-02
2455084.781906 6.687409e+00 -3.278973e+00 1.304791e+00 3.499404e-02 -2.295645e+00 1.088056e+00 3.499154e-02
2455095.681063 5.322706e+00 -3.313418e+00 1.224645e+00 2.989440e-02 -2.309918e+00 1.193009e+00 2.989145e-02
2455095.687653 4.854541e+00 -3.313438e+00 1.224597e+00 2.989131e-02 -2.309936e+00 1.193074e+00 2.988835e-02
2455095.694243 4.854717e+00 -3.313458e+00 1.224548e+00 2.988821e-02 -2.309954e+00 1.193138e+00 2.988526e-02
2455180.573009 2.488859e+00 -3.490011e+00 5.722797e-01 -1.031923e-02 -3.371304e+00 1.549382e+00 -1.032210e-02
2455180.579209 2.269974e+00 -3.490018e+00 5.722307e-01 -1.032217e-02 -3.371418e+00 1.549345e+00 -1.032504e-02
2455180.585428 2.992550e+00 -3.490025e+00 5.721815e-01 -1.032512e-02 -3.371533e+00 1.549308e+00 -1.032799e-02
2455180.591708 4.325756e+00 -3.490032e+00 5.721318e-01 -1.032810e-02 -3.371649e+00 1.549271e+00 -1.033097e-02
2455469.881579 5.427468e+00 -2.802927e+00 -1.648035e+00 -1.310131e-01 -1.808824e+00 -1.526682e+00 -1.310174e-01
2455469.888460 5.950732e+00 -2.802887e+00 -1.648080e+00 -1.310152e-01 -1.808799e+00 -1.526610e+00 -1.310195e-01
2455469.895360 4.513812e+00 -2.802846e+00 -1.648126e+00 -1.310174e-01 -1.808775e+00 -1.526538e+00 -1.310216e-01
2455469.902300 5.426457e+00 -2.802805e+00 -1.648172e+00 -1.310195e-01 -1.808751e+00 -1.526466e+00 -1.310238e-01
2455477.859577 5.570391e+00 -2.755105e+00 -1.700135e+00 -1.334464e-01 -1.789131e+00 -1.444613e+00 -1.334512e-01
2455477.866567 5.570098e+00 -2.755062e+00 -1.700181e+00 -1.334485e-01 -1.789121e+00 -1.444543e+00 -1.334533e-01
2455477.873538 5.569806e+00 -2.755020e+00 -1.700226e+00 -1.334506e-01 -1.789111e+00 -1.444472e+00 -1.334554e-01
2455477.880548 5.569513e+00 -2.754977e+00 -1.700271e+00 -1.334527e-01 -1.789101e+00 -1.444401e+00 -1.334575e-01
2455482.749358 4.477199e+00 -2.725043e+00 -1.731601e+00 -1.349011e-01 -1.785350e+00 -1.396068e+00 -1.349063e-01
2455482.755058 4.477034e+00 -2.725008e+00 -1.731638e+00 -1.349028e-01 -1.785349e+00 -1.396013e+00 -1.349079e-01
2455482.760798 4.908788e+00 -2.724972e+00 -1.731674e+00 -1.349045e-01 -1.785349e+00 -1.395957e+00 -1.349096e-01
2455482.766518 4.908606e+00 -2.724936e+00 -1.731711e+00 -1.349062e-01 -1.785348e+00 -1.395901e+00 -1.349113e-01
2455497.741686 6.038141e+00 -2.629325e+00 -1.825766e+00 -1.391821e-01 -1.810954e+00 -1.262214e+00 -1.391882e-01
2455497.749186 6.620561e+00 -2.629276e+00 -1.825812e+00 -1.391842e-01 -1.810980e+00 -1.262154e+00 -1.391902e-01
2455497.756656 6.620429e+00 -2.629227e+00 -1.825858e+00 -1.391862e-01 -1.811006e+00 -1.262095e+00 -1.391923e-01
2455497.764256 6.620295e+00 -2.629177e+00 -1.825905e+00 -1.391883e-01 -1.811032e+00 -1.262034e+00 -1.391944e-01
2455501.751640 6.564306e+00 -2.602813e+00 -1.850345e+00 -1.402805e-01 -1.826644e+00 -1.231644e+00 -1.402867e-01
2455501.760060 5.986635e+00 -2.602757e+00 -1.850396e+00 -1.402827e-01 -1.826680e+00 -1.231582e+00 -1.402890e-01
2455501.768510 6.564130e+00 -2.602700e+00 -1.850447e+00 -1.402850e-01 -1.826717e+00 -1.231521e+00 -1.402913e-01
2455501.776940 6.564042e+00 -2.602644e+00 -1.850499e+00 -1.402873e-01 -1.826754e+00 -1.231459e+00 -1.402936e-01
2455503.682592 7.871787e+00 -2.589912e+00 -1.862084e+00 -1.408020e-01 -1.835424e+00 -1.217884e+00 -1.408084e-01
2455503.687162 7.179122e+00 -2.589881e+00 -1.862111e+00 -1.408032e-01 -1.835445e+00 -1.217852e+00 -1.408096e-01
2455503.691742 7.179087e+00 -2.589850e+00 -1.862139e+00 -1.408045e-01 -1.835467e+00 -1.217820e+00 -1.408108e-01
2455503.696302 7.179052e+00 -2.589820e+00 -1.862167e+00 -1.408057e-01 -1.835489e+00 -1.217788e+00 -1.408121e-01
2455509.618637 4.522269e+00 -2.549704e+00 -1.897771e+00 -1.423752e-01 -1.867100e+00 -1.179866e+00 -1.423818e-01
2455509.623757 4.522281e+00 -2.549669e+00 -1.897801e+00 -1.423765e-01 -1.867130e+00 -1.179836e+00 -1.423831e-01
2455509.628937 4.958596e+00 -2.549634e+00 -1.897832e+00 -1.423779e-01 -1.867161e+00 -1.179806e+00 -1.423845e-01
2455509.634137 4.522305e+00 -2.549598e+00 -1.897863e+00 -1.423792e-01 -1.867192e+00 -1.179776e+00 -1.423859e-01
2455516.604060 3.798006e+00 -2.501338e+00 -1.938973e+00 -1.441670e-01 -1.912632e+00 -1.144246e+00 -1.441738e-01
2455516.609210 4.566260e+00 -2.501301e+00 -1.939003e+00 -1.441682e-01 -1.912668e+00 -1.144224e+00 -1.441751e-01
2455516.614370 4.566312e+00 -2.501265e+00 -1.939033e+00 -1.441696e-01 -1.912705e+00 -1.144201e+00 -1.441764e-01
2455516.619500 4.566365e+00 -2.501229e+00 -1.939063e+00 -1.441708e-01 -1.912741e+00 -1.144179e+00 -1.441777e-01
1 0.5
