2	0.5	1000	 1	period_start period_step period_end fixed/free
0.0				initial epoch
0.0				initial rotation angle      
0.1				convexity weight      
3 3				degree and order of spherical harmonics      
6				number of rows        
0.5	1			scattering parameters
0.1	1
-0.5	1     
0.1	0			LS coeff                 
50				iteration stop condidion
10				minimum number of iterations (only if the above value < 1)
5				Alamda multiplicative factor
0.1				Alamda initial value
1
117 0 0.12 2005.9-2010.1 V 703_CATALINA
2453636.926380 1.674022e+00 -2.243608e+00 -6.915355e-01 -2.619512e-01 -1.240304e+00 -6.843386e-01 -2.619518e-01
2453636.934560 1.835411e+00 -2.243582e+00 -6.916263e-01 -2.619311e-01 -1.240281e+00 -6.842891e-01 -2.619317e-01
2453636.942841 1.835292e+00 -2.243557e+00 -6.917181e-01 -2.619108e-01 -1.240259e+00 -6.842391e-01 -2.619114e-01
2453636.951001 1.835174e+00 -2.243531e+00 -6.918087e-01 -2.618908e-01 -1.240237e+00 -6.841897e-01 -2.618914e-01
2453644.828678 1.909108e+00 -2.217382e+00 -7.787023e-01 -2.423982e-01 -1.226442e+00 -6.365385e-01 -2.423978e-01
2453644.837868 1.741040e+00 -2.217350e+00 -7.788031e-01 -2.423753e-01 -1.226435e+00 -6.364833e-01 -2.423749e-01
2453644.847058 1.740953e+00 -2.217318e+00 -7.789038e-01 -2.423523e-01 -1.226428e+00 -6.364282e-01 -2.423519e-01
2453644.856238 1.740866e+00 -2.217285e+00 -7.790045e-01 -2.423294e-01 -1.226421e+00 -6.363731e-01 -2.423290e-01
2453651.773307 2.032837e+00 -2.191769e+00 -8.544099e-01 -2.249333e-01 -1.226751e+00 -5.957129e-01 -2.249321e-01
2453651.780307 2.228915e+00 -2.191742e+00 -8.544858e-01 -2.249156e-01 -1.226757e+00 -5.956729e-01 -2.249143e-01
2453651.787338 1.853893e+00 -2.191715e+00 -8.545620e-01 -2.248978e-01 -1.226763e+00 -5.956327e-01 -2.248965e-01
2453651.794348 2.032711e+00 -2.191688e+00 -8.546379e-01 -2.248800e-01 -1.226769e+00 -5.955926e-01 -2.248788e-01
2453665.744056 2.436339e+00 -2.133095e+00 -1.003836e+00 -1.890811e-01 -1.261509e+00 -5.235898e-01 -1.890781e-01
2453665.752616 2.222015e+00 -2.133057e+00 -1.003926e+00 -1.890589e-01 -1.261544e+00 -5.235516e-01 -1.890559e-01
2453665.761126 2.222063e+00 -2.133018e+00 -1.004016e+00 -1.890367e-01 -1.261578e+00 -5.235137e-01 -1.890338e-01
2453665.769616 2.222112e+00 -2.132979e+00 -1.004106e+00 -1.890147e-01 -1.261613e+00 -5.234758e-01 -1.890117e-01
2453671.690102 2.271418e+00 -2.105282e+00 -1.066140e+00 -1.735624e-01 -1.289270e+00 -4.993833e-01 -1.735588e-01
2453671.694902 2.271470e+00 -2.105258e+00 -1.066190e+00 -1.735499e-01 -1.289295e+00 -4.993657e-01 -1.735462e-01
2453671.699732 2.490676e+00 -2.105235e+00 -1.066240e+00 -1.735372e-01 -1.289321e+00 -4.993481e-01 -1.735336e-01
2453671.704532 2.071703e+00 -2.105212e+00 -1.066290e+00 -1.735246e-01 -1.289346e+00 -4.993305e-01 -1.735210e-01
2453699.646020 1.537589e+00 -1.952681e+00 -1.347020e+00 -9.897228e-02 -1.502784e+00 -4.684177e-01 -9.896626e-02
2453699.654520 1.279045e+00 -1.952629e+00 -1.347102e+00 -9.894928e-02 -1.502865e+00 -4.684337e-01 -9.894325e-02
2453699.663039 1.279179e+00 -1.952577e+00 -1.347184e+00 -9.892622e-02 -1.502946e+00 -4.684497e-01 -9.892019e-02
2453699.671569 1.402739e+00 -1.952525e+00 -1.347267e+00 -9.890313e-02 -1.503028e+00 -4.684658e-01 -9.889711e-02
2453706.747679 1.400133e+00 -1.908415e+00 -1.414845e+00 -7.969901e-02 -1.572464e+00 -4.879668e-01 -7.969262e-02
2453706.756419 1.400293e+00 -1.908359e+00 -1.414927e+00 -7.967524e-02 -1.572552e+00 -4.879986e-01 -7.966884e-02
2453706.765178 1.400455e+00 -1.908303e+00 -1.415010e+00 -7.965140e-02 -1.572640e+00 -4.880306e-01 -7.964500e-02
2453706.773918 1.277377e+00 -1.908248e+00 -1.415093e+00 -7.962763e-02 -1.572728e+00 -4.880624e-01 -7.962123e-02
2453725.633058 1.143288e+00 -1.780544e+00 -1.587382e+00 -2.807348e-02 -1.768037e+00 -6.036997e-01 -2.806654e-02
2453725.640547 9.510441e-01 -1.780491e+00 -1.587448e+00 -2.805294e-02 -1.768114e+00 -6.037646e-01 -2.804600e-02
2453725.648087 1.143526e+00 -1.780437e+00 -1.587514e+00 -2.803226e-02 -1.768192e+00 -6.038300e-01 -2.802532e-02
2453725.655596 1.374963e+00 -1.780383e+00 -1.587581e+00 -2.801166e-02 -1.768270e+00 -6.038951e-01 -2.800472e-02
2453732.602254 1.046804e+00 -1.729799e+00 -1.647998e+00 -8.945840e-03 -1.838921e+00 -6.706571e-01 -8.938900e-03
2453732.608134 9.547733e-01 -1.729755e+00 -1.648048e+00 -8.929690e-03 -1.838979e+00 -6.707191e-01 -8.922760e-03
2453732.613973 1.046972e+00 -1.729712e+00 -1.648098e+00 -8.913660e-03 -1.839037e+00 -6.707807e-01 -8.906720e-03
2453732.619823 9.549262e-01 -1.729669e+00 -1.648148e+00 -8.897600e-03 -1.839096e+00 -6.708424e-01 -8.890660e-03
2453744.678883 7.085084e-01 -1.637585e+00 -1.748894e+00 2.421058e-02 -1.952521e+00 -8.172948e-01 2.421724e-02
2453744.683673 7.769129e-01 -1.637547e+00 -1.748933e+00 2.422372e-02 -1.952563e+00 -8.173605e-01 2.423038e-02
2453744.688453 1.623303e+00 -1.637510e+00 -1.748972e+00 2.423683e-02 -1.952605e+00 -8.174260e-01 2.424350e-02
2453744.693232 8.519748e-01 -1.637472e+00 -1.749011e+00 2.424995e-02 -1.952646e+00 -8.174915e-01 2.425661e-02
2453757.612300 1.100908e+00 -1.533139e+00 -1.850862e+00 5.963342e-02 -2.052479e+00 -1.014853e+00 5.963954e-02
2453757.620150 1.101014e+00 -1.533074e+00 -1.850922e+00 5.965487e-02 -2.052531e+00 -1.014984e+00 5.966099e-02
2453757.628019 1.101121e+00 -1.533009e+00 -1.850982e+00 5.967637e-02 -2.052583e+00 -1.015116e+00 5.968249e-02
2453757.635889 1.101227e+00 -1.532944e+00 -1.851042e+00 5.969787e-02 -2.052635e+00 -1.015248e+00 5.970399e-02
2453786.573780 1.666429e+00 -1.280133e+00 -2.054900e+00 1.380023e-01 -2.146536e+00 -1.578512e+00 1.380068e-01
2453786.577549 1.386127e+00 -1.280098e+00 -2.054924e+00 1.380124e-01 -2.146534e+00 -1.578593e+00 1.380168e-01
2453786.581329 1.386180e+00 -1.280064e+00 -2.054948e+00 1.380225e-01 -2.146532e+00 -1.578675e+00 1.380269e-01
2453786.585099 1.386232e+00 -1.280029e+00 -2.054973e+00 1.380325e-01 -2.146530e+00 -1.578756e+00 1.380370e-01
2454057.917922 6.834550e-01 1.487451e+00 -2.179537e+00 6.304087e-01 2.042659e+00 -1.361707e+00 6.304118e-01
2454057.924393 1.083142e+00 1.487509e+00 -2.179505e+00 6.304130e-01 2.042624e+00 -1.361613e+00 6.304162e-01
2454057.930893 9.008670e-01 1.487568e+00 -2.179473e+00 6.304174e-01 2.042588e+00 -1.361518e+00 6.304205e-01
2454057.937434 9.008154e-01 1.487627e+00 -2.179440e+00 6.304218e-01 2.042552e+00 -1.361422e+00 6.304249e-01
2454070.948838 1.392229e+00 1.602923e+00 -2.111894e+00 6.383405e-01 1.956220e+00 -1.191304e+00 6.383443e-01
2454070.956619 9.631181e-01 1.602991e+00 -2.111852e+00 6.383448e-01 1.956161e+00 -1.191215e+00 6.383486e-01
2454070.964480 1.269545e+00 1.603060e+00 -2.111810e+00 6.383491e-01 1.956101e+00 -1.191125e+00 6.383529e-01
2454070.971930 1.269458e+00 1.603125e+00 -2.111770e+00 6.383532e-01 1.956044e+00 -1.191039e+00 6.383570e-01
2454084.931409 1.223078e+00 1.722414e+00 -2.033495e+00 6.450936e-01 1.838871e+00 -1.056166e+00 6.450979e-01
2454084.937990 1.938330e+00 1.722469e+00 -2.033457e+00 6.450964e-01 1.838811e+00 -1.056115e+00 6.451007e-01
2454084.944540 1.470285e+00 1.722524e+00 -2.033419e+00 6.450991e-01 1.838753e+00 -1.056064e+00 6.451034e-01
2454084.951090 1.767565e+00 1.722579e+00 -2.033381e+00 6.451018e-01 1.838694e+00 -1.056013e+00 6.451062e-01
2454128.847670 1.884824e+00 2.065176e+00 -1.751659e+00 6.546040e-01 1.459851e+00 -9.748575e-01 6.546082e-01
2454128.854910 1.884786e+00 2.065228e+00 -1.751608e+00 6.546041e-01 1.459803e+00 -9.748839e-01 6.546083e-01
2454128.862160 1.884747e+00 2.065281e+00 -1.751558e+00 6.546042e-01 1.459755e+00 -9.749105e-01 6.546084e-01
2454128.869420 1.567633e+00 2.065333e+00 -1.751507e+00 6.546043e-01 1.459707e+00 -9.749370e-01 6.546085e-01
2454154.700734 1.605084e+00 2.241899e+00 -1.563481e+00 6.520842e-01 1.352013e+00 -1.131152e+00 6.520872e-01
2454154.709364 1.760010e+00 2.241955e+00 -1.563416e+00 6.520824e-01 1.352001e+00 -1.131220e+00 6.520854e-01
2454154.717994 1.335158e+00 2.242010e+00 -1.563351e+00 6.520805e-01 1.351990e+00 -1.131289e+00 6.520836e-01
2454171.669507 1.640839e+00 2.347095e+00 -1.432265e+00 6.472595e-01 1.365512e+00 -1.278599e+00 6.472614e-01
2454171.676007 1.640930e+00 2.347134e+00 -1.432214e+00 6.472572e-01 1.365532e+00 -1.278659e+00 6.472591e-01
2454171.682526 1.641021e+00 2.347172e+00 -1.432162e+00 6.472549e-01 1.365551e+00 -1.278719e+00 6.472568e-01
2454171.689036 1.973051e+00 2.347211e+00 -1.432111e+00 6.472525e-01 1.365571e+00 -1.278778e+00 6.472544e-01
2454212.658532 1.603640e+00 2.564171e+00 -1.094114e+00 6.256363e-01 1.707720e+00 -1.620089e+00 6.256350e-01
2454212.668811 1.334007e+00 2.564219e+00 -1.094026e+00 6.256292e-01 1.707857e+00 -1.620152e+00 6.256279e-01
2454213.628607 1.230030e+00 2.568657e+00 -1.085797e+00 6.249591e-01 1.720785e+00 -1.625983e+00 6.249578e-01
2454556.885093 1.618195e+00 2.189342e+00 1.904112e+00 4.270360e-02 1.208300e+00 1.714796e+00 4.270526e-02
2454556.892303 1.345857e+00 2.189296e+00 1.904161e+00 4.268727e-02 1.208275e+00 1.714722e+00 4.268893e-02
2454556.899534 1.774053e+00 2.189249e+00 1.904210e+00 4.267089e-02 1.208250e+00 1.714648e+00 4.267255e-02
2454556.908974 1.345626e+00 2.189188e+00 1.904273e+00 4.264950e-02 1.208217e+00 1.714552e+00 4.265117e-02
2454573.819797 1.157731e+00 2.076115e+00 2.014712e+00 4.292320e-03 1.186058e+00 1.550218e+00 4.293320e-03
2454573.825267 1.526126e+00 2.076077e+00 2.014746e+00 4.279900e-03 1.186062e+00 1.550169e+00 4.280900e-03
2454573.830698 1.391789e+00 2.076040e+00 2.014781e+00 4.267580e-03 1.186066e+00 1.550120e+00 4.268580e-03
2454573.836148 1.526007e+00 2.076002e+00 2.014815e+00 4.255200e-03 1.186071e+00 1.550071e+00 4.256200e-03
2454624.690983 1.383607e+00 1.693666e+00 2.302730e+00 -1.106332e-01 1.460061e+00 1.315031e+00 -1.106343e-01
2454624.700982 1.383698e+00 1.693585e+00 2.302780e+00 -1.106555e-01 1.460145e+00 1.315040e+00 -1.106566e-01
2454624.710962 1.262031e+00 1.693505e+00 2.302829e+00 -1.106778e-01 1.460228e+00 1.315049e+00 -1.106789e-01
2454624.720932 1.151061e+00 1.693424e+00 2.302879e+00 -1.107001e-01 1.460312e+00 1.315059e+00 -1.107012e-01
2455043.802389 1.622290e+00 -2.053158e+00 1.187224e+00 -5.542640e-01 -1.426904e+00 3.883850e-01 -5.542643e-01
2455043.810140 1.778665e+00 -2.053198e+00 1.187145e+00 -5.542571e-01 -1.426841e+00 3.883877e-01 -5.542574e-01
2455043.817840 1.622034e+00 -2.053238e+00 1.187067e+00 -5.542502e-01 -1.426779e+00 3.883905e-01 -5.542506e-01
2455059.857196 1.865742e+00 -2.130553e+00 1.020582e+00 -5.385261e-01 -1.316742e+00 4.180885e-01 -5.385274e-01
2455059.864537 1.865653e+00 -2.130586e+00 1.020505e+00 -5.385182e-01 -1.316702e+00 4.181120e-01 -5.385195e-01
2455059.871787 1.865565e+00 -2.130618e+00 1.020428e+00 -5.385105e-01 -1.316662e+00 4.181352e-01 -5.385117e-01
2455059.879037 1.865477e+00 -2.130650e+00 1.020352e+00 -5.385027e-01 -1.316623e+00 4.181585e-01 -5.385040e-01
2455069.758911 1.775360e+00 -2.172631e+00 9.150173e-01 -5.273769e-01 -1.272051e+00 4.565853e-01 -5.273787e-01
2455069.766921 1.946589e+00 -2.172663e+00 9.149312e-01 -5.273674e-01 -1.272023e+00 4.566214e-01 -5.273692e-01
2455069.774911 2.134334e+00 -2.172696e+00 9.148452e-01 -5.273580e-01 -1.271995e+00 4.566575e-01 -5.273598e-01
2455069.782841 1.946482e+00 -2.172728e+00 9.147599e-01 -5.273486e-01 -1.271967e+00 4.566933e-01 -5.273504e-01
2455085.737295 1.753756e+00 -2.231053e+00 7.408123e-01 -5.071031e-01 -1.244584e+00 5.400956e-01 -5.071056e-01
2455085.745225 1.753783e+00 -2.231079e+00 7.407248e-01 -5.070923e-01 -1.244585e+00 5.401413e-01 -5.070948e-01
2455085.753255 1.923014e+00 -2.231105e+00 7.406361e-01 -5.070814e-01 -1.244587e+00 5.401875e-01 -5.070840e-01
2455085.761224 1.923043e+00 -2.231131e+00 7.405482e-01 -5.070706e-01 -1.244588e+00 5.402334e-01 -5.070732e-01
2455094.769626 1.808095e+00 -2.258748e+00 6.405057e-01 -4.944186e-01 -1.255609e+00 5.932595e-01 -4.944215e-01
2455094.777506 1.808163e+00 -2.258770e+00 6.404177e-01 -4.944072e-01 -1.255627e+00 5.933064e-01 -4.944101e-01
2455094.785326 1.982684e+00 -2.258792e+00 6.403303e-01 -4.943958e-01 -1.255645e+00 5.933529e-01 -4.943987e-01
2455094.793216 1.808298e+00 -2.258815e+00 6.402422e-01 -4.943843e-01 -1.255663e+00 5.933999e-01 -4.943873e-01
2455144.614278 1.519694e+00 -2.338974e+00 7.154437e-02 -4.094129e-01 -1.659597e+00 7.924151e-01 -4.094167e-01
2455144.622087 1.386103e+00 -2.338977e+00 7.145411e-02 -4.093977e-01 -1.659700e+00 7.924165e-01 -4.094015e-01
2455144.629997 1.264257e+00 -2.338980e+00 7.136270e-02 -4.093823e-01 -1.659803e+00 7.924179e-01 -4.093861e-01
2455144.637846 1.264373e+00 -2.338983e+00 7.127198e-02 -4.093670e-01 -1.659907e+00 7.924192e-01 -4.093708e-01
2455183.549682 1.121810e+00 -2.313049e+00 -3.770873e-01 -3.272312e-01 -2.246151e+00 6.046517e-01 -3.272339e-01
2455183.555132 1.348787e+00 -2.313040e+00 -3.771496e-01 -3.272188e-01 -2.246237e+00 6.045955e-01 -3.272215e-01
2455183.560601 1.121935e+00 -2.313031e+00 -3.772121e-01 -3.272064e-01 -2.246323e+00 6.045390e-01 -3.272092e-01
2455183.566051 1.348938e+00 -2.313022e+00 -3.772743e-01 -3.271941e-01 -2.246409e+00 6.044827e-01 -3.271968e-01
2455202.557550 1.345906e+00 -2.271927e+00 -5.923866e-01 -2.829196e-01 -2.534158e+00 3.553309e-01 -2.829213e-01
2455202.562949 1.618213e+00 -2.271913e+00 -5.924472e-01 -2.829067e-01 -2.534235e+00 3.552452e-01 -2.829084e-01
2455202.568439 1.618293e+00 -2.271898e+00 -5.925087e-01 -2.828935e-01 -2.534313e+00 3.551581e-01 -2.828952e-01
2455202.573879 1.346103e+00 -2.271884e+00 -5.925698e-01 -2.828805e-01 -2.534390e+00 3.550717e-01 -2.828822e-01
1 0.5
