2	0.5	1000	 1	period_start period_step period_end fixed/free
0.0				initial epoch
0.0				initial rotation angle      
0.1				convexity weight      
3 3				degree and order of spherical harmonics      
6				number of rows        
0.5	1			scattering parameters
0.1	1
-0.5	1     
0.1	0			LS coeff                 
50				iteration stop condidion
10				minimum number of iterations (only if the above value < 1)
5				Alamda multiplicative factor
0.1				Alamda initial value
2
20 0 0.12 2005.3-2005.5 R 703_CATALINA
2453433.844367 1.140576e+00 2.552322e+00 1.535016e-01 -1.169815e-01 1.600084e+00 4.303591e-01 -1.169786e-01
2453433.853407 7.890086e-01 2.552308e+00 1.535909e-01 -1.169690e-01 1.600023e+00 4.302983e-01 -1.169661e-01
2453433.862398 7.889318e-01 2.552293e+00 1.536796e-01 -1.169566e-01 1.599963e+00 4.302380e-01 -1.169537e-01
2453433.871468 8.649618e-01 2.552278e+00 1.537691e-01 -1.169441e-01 1.599903e+00 4.301770e-01 -1.169411e-01
2453439.789027 1.866304e+00 2.541935e+00 2.121225e-01 -1.087386e-01 1.564626e+00 3.890849e-01 -1.087365e-01
2453439.800108 1.866110e+00 2.541915e+00 2.122317e-01 -1.087232e-01 1.564568e+00 3.890057e-01 -1.087210e-01
2453439.811048 1.865918e+00 2.541894e+00 2.123395e-01 -1.087079e-01 1.564511e+00 3.889276e-01 -1.087058e-01
2453439.822009 2.243098e+00 2.541873e+00 2.124474e-01 -1.086927e-01 1.564454e+00 3.888493e-01 -1.086905e-01
2453464.791824 2.584497e+00 2.480712e+00 4.567697e-01 -7.337755e-02 1.512552e+00 2.056238e-01 -7.337896e-02
2453464.799884 2.584476e+00 2.480688e+00 4.568478e-01 -7.336599e-02 1.512560e+00 2.055672e-01 -7.336740e-02
2453464.808084 2.357050e+00 2.480663e+00 4.569274e-01 -7.335423e-02 1.512569e+00 2.055097e-01 -7.335565e-02
2453464.816124 2.584434e+00 2.480639e+00 4.570053e-01 -7.334271e-02 1.512577e+00 2.054533e-01 -7.334412e-02
2453478.648873 1.663157e+00 2.434508e+00 5.902805e-01 -5.339292e-02 1.549053e+00 1.167231e-01 -5.339613e-02
2453478.655262 1.663197e+00 2.434485e+00 5.903416e-01 -5.338365e-02 1.549080e+00 1.166868e-01 -5.338686e-02
2453478.661632 1.516889e+00 2.434461e+00 5.904025e-01 -5.337442e-02 1.549107e+00 1.166507e-01 -5.337763e-02
2453478.668032 1.999697e+00 2.434438e+00 5.904638e-01 -5.336514e-02 1.549134e+00 1.166144e-01 -5.336835e-02
2453501.741989 1.761848e+00 2.337977e+00 8.077809e-01 -1.969420e-02 1.696509e+00 2.759036e-02 -1.969998e-02
2453501.750259 1.931964e+00 2.337938e+00 8.078575e-01 -1.968208e-02 1.696577e+00 2.757600e-02 -1.968785e-02
2453501.758529 1.607052e+00 2.337899e+00 8.079340e-01 -1.966995e-02 1.696646e+00 2.756167e-02 -1.967573e-02
2453501.766818 1.762223e+00 2.337860e+00 8.080107e-01 -1.965780e-02 1.696715e+00 2.754731e-02 -1.966358e-02
78 0 0.12 2005.5-2008.5 V 703_CATALINA
2453494.763160 7.970059e-01 2.369723e+00 7.428237e-01 -2.991507e-02 1.642166e+00 4.461433e-02 -2.992014e-02
2453494.784129 9.583634e-01 2.369630e+00 7.430199e-01 -2.988440e-02 1.642318e+00 4.454899e-02 -2.988947e-02
2453494.792489 8.740931e-01 2.369594e+00 7.430982e-01 -2.987217e-02 1.642378e+00 4.452296e-02 -2.987724e-02
2453494.800809 7.972324e-01 2.369557e+00 7.431761e-01 -2.986000e-02 1.642438e+00 4.449708e-02 -2.986507e-02
2453551.648114 8.459202e-01 2.046585e+00 1.245525e+00 5.334365e-02 2.194851e+00 2.397371e-01 5.333577e-02
2453551.654503 4.868027e-01 2.046541e+00 1.245578e+00 5.335290e-02 2.194913e+00 2.398050e-01 5.334502e-02
2453551.660923 5.337978e-01 2.046496e+00 1.245630e+00 5.336220e-02 2.194976e+00 2.398734e-01 5.335432e-02
2453551.667322 8.460585e-01 2.046452e+00 1.245683e+00 5.337146e-02 2.195038e+00 2.399415e-01 5.336359e-02
2453996.799659 1.115881e+00 -1.971319e+00 -2.026917e-01 7.930130e-02 -9.700507e-01 -2.876181e-01 7.929955e-02
2453996.806099 1.115853e+00 -1.971318e+00 -2.027747e-01 7.929038e-02 -9.700424e-01 -2.875911e-01 7.928863e-02
2453996.812539 1.115825e+00 -1.971317e+00 -2.028578e-01 7.927945e-02 -9.700341e-01 -2.875641e-01 7.927771e-02
2453996.818989 1.115797e+00 -1.971317e+00 -2.029409e-01 7.926851e-02 -9.700258e-01 -2.875371e-01 7.926677e-02
2454050.688643 8.995742e-01 -1.861168e+00 -8.746183e-01 -1.469258e-02 -1.205742e+00 -1.325241e-01 -1.468990e-02
2454050.698353 8.205560e-01 -1.861130e+00 -8.747334e-01 -1.470967e-02 -1.205832e+00 -1.325291e-01 -1.470700e-02
2454050.708602 8.998775e-01 -1.861090e+00 -8.748548e-01 -1.472772e-02 -1.205927e+00 -1.325345e-01 -1.472505e-02
2454050.718302 9.000249e-01 -1.861053e+00 -8.749697e-01 -1.474480e-02 -1.206018e+00 -1.325397e-01 -1.474213e-02
2454080.685669 7.364269e-01 -1.717879e+00 -1.215225e+00 -6.703501e-02 -1.528094e+00 -2.489894e-01 -6.703082e-02
2454080.692279 7.365143e-01 -1.717841e+00 -1.215297e+00 -6.704638e-02 -1.528170e+00 -2.490394e-01 -6.704219e-02
2454080.698928 7.366021e-01 -1.717804e+00 -1.215369e+00 -6.705782e-02 -1.528246e+00 -2.490897e-01 -6.705363e-02
2454080.705528 6.127514e-01 -1.717767e+00 -1.215440e+00 -6.706918e-02 -1.528323e+00 -2.491397e-01 -6.706499e-02
2454109.617285 8.326770e-01 -1.533195e+00 -1.511138e+00 -1.157412e-01 -1.842821e+00 -5.777919e-01 -1.157366e-01
2454109.634614 6.318231e-01 -1.533072e+00 -1.511304e+00 -1.157696e-01 -1.842986e+00 -5.780534e-01 -1.157650e-01
2454109.643253 6.319093e-01 -1.533011e+00 -1.511387e+00 -1.157838e-01 -1.843068e+00 -5.781839e-01 -1.157792e-01
2454116.650899 4.872327e-01 -1.482273e+00 -1.577610e+00 -1.271890e-01 -1.906046e+00 -6.898936e-01 -1.271845e-01
2454116.657508 9.284958e-01 -1.482225e+00 -1.577671e+00 -1.271997e-01 -1.906102e+00 -6.900045e-01 -1.271952e-01
2454116.664178 7.044073e-01 -1.482175e+00 -1.577733e+00 -1.272104e-01 -1.906158e+00 -6.901163e-01 -1.272059e-01
2454116.670777 9.286823e-01 -1.482126e+00 -1.577794e+00 -1.272211e-01 -1.906213e+00 -6.902270e-01 -1.272166e-01
2454128.571200 6.969366e-01 -1.391173e+00 -1.685068e+00 -1.461668e-01 -1.992661e+00 -9.053338e-01 -1.461626e-01
2454128.578659 9.188373e-01 -1.391114e+00 -1.685133e+00 -1.461785e-01 -1.992706e+00 -9.054778e-01 -1.461743e-01
2454128.586139 9.189336e-01 -1.391055e+00 -1.685198e+00 -1.461903e-01 -1.992751e+00 -9.056223e-01 -1.461860e-01
2454128.593618 8.381652e-01 -1.390996e+00 -1.685263e+00 -1.462020e-01 -1.992796e+00 -9.057667e-01 -1.461978e-01
2454147.577654 9.802428e-01 -1.234616e+00 -1.842382e+00 -1.751948e-01 -2.062198e+00 -1.303003e+00 -1.751914e-01
2454147.582464 7.436338e-01 -1.234575e+00 -1.842420e+00 -1.752019e-01 -2.062204e+00 -1.303111e+00 -1.751985e-01
2454147.587313 8.940976e-01 -1.234533e+00 -1.842458e+00 -1.752092e-01 -2.062209e+00 -1.303219e+00 -1.752057e-01
2454147.592203 5.145302e-01 -1.234491e+00 -1.842496e+00 -1.752164e-01 -2.062214e+00 -1.303328e+00 -1.752130e-01
2454417.936919 6.806676e-01 1.433118e+00 -2.151495e+00 -3.589473e-01 2.061916e+00 -1.387326e+00 -3.589473e-01
2454417.944669 5.661128e-01 1.433184e+00 -2.151457e+00 -3.589460e-01 2.061878e+00 -1.387204e+00 -3.589460e-01
2454417.952440 7.462263e-01 1.433251e+00 -2.151420e+00 -3.589447e-01 2.061839e+00 -1.387083e+00 -3.589447e-01
2454417.960211 7.461707e-01 1.433318e+00 -2.151383e+00 -3.589434e-01 2.061801e+00 -1.386961e+00 -3.589433e-01
2454440.910200 8.504380e-01 1.624506e+00 -2.031673e+00 -3.535146e-01 1.899786e+00 -1.085590e+00 -3.535133e-01
2454440.916680 4.893414e-01 1.624558e+00 -2.031637e+00 -3.535126e-01 1.899729e+00 -1.085523e+00 -3.535114e-01
2454440.923171 7.072632e-01 1.624610e+00 -2.031601e+00 -3.535106e-01 1.899672e+00 -1.085455e+00 -3.535094e-01
2454440.929651 9.322885e-01 1.624663e+00 -2.031564e+00 -3.535087e-01 1.899615e+00 -1.085388e+00 -3.535074e-01
2454476.855236 8.401992e-01 1.895340e+00 -1.809548e+00 -3.389357e-01 1.552966e+00 -8.876739e-01 -3.389333e-01
2454476.864306 8.401306e-01 1.895403e+00 -1.809487e+00 -3.389311e-01 1.552881e+00 -8.876679e-01 -3.389287e-01
2454476.873367 8.400621e-01 1.895467e+00 -1.809426e+00 -3.389265e-01 1.552796e+00 -8.876618e-01 -3.389241e-01
2454476.882437 9.210346e-01 1.895531e+00 -1.809365e+00 -3.389219e-01 1.552711e+00 -8.876557e-01 -3.389195e-01
2454496.796525 1.163078e+00 2.028963e+00 -1.669797e+00 -3.277889e-01 1.387002e+00 -9.225612e-01 -3.277862e-01
2454496.801935 1.060717e+00 2.028997e+00 -1.669758e+00 -3.277856e-01 1.386965e+00 -9.225828e-01 -3.277829e-01
2454496.807265 1.163027e+00 2.029031e+00 -1.669719e+00 -3.277823e-01 1.386928e+00 -9.226041e-01 -3.277796e-01
2454496.814595 1.162992e+00 2.029078e+00 -1.669665e+00 -3.277778e-01 1.386877e+00 -9.226334e-01 -3.277751e-01
2454502.738780 1.809222e+00 2.066327e+00 -1.626065e+00 -3.240617e-01 1.348799e+00 -9.497859e-01 -3.240590e-01
2454502.746411 1.372413e+00 2.066374e+00 -1.626008e+00 -3.240568e-01 1.348754e+00 -9.498252e-01 -3.240541e-01
2454502.754031 1.372390e+00 2.066422e+00 -1.625951e+00 -3.240519e-01 1.348709e+00 -9.498644e-01 -3.240492e-01
2454502.761641 1.649948e+00 2.066469e+00 -1.625895e+00 -3.240470e-01 1.348664e+00 -9.499036e-01 -3.240443e-01
2454509.713418 1.494539e+00 2.108701e+00 -1.573571e+00 -3.194549e-01 1.312496e+00 -9.899090e-01 -3.194521e-01
2454509.719888 1.363037e+00 2.108739e+00 -1.573522e+00 -3.194505e-01 1.312467e+00 -9.899499e-01 -3.194477e-01
2454509.726348 1.363039e+00 2.108778e+00 -1.573473e+00 -3.194461e-01 1.312438e+00 -9.899908e-01 -3.194434e-01
2454509.732808 1.363041e+00 2.108816e+00 -1.573424e+00 -3.194417e-01 1.312409e+00 -9.900317e-01 -3.194390e-01
2454523.745907 1.175268e+00 2.188986e+00 -1.464310e+00 -3.094416e-01 1.271497e+00 -1.091838e+00 -3.094390e-01
2454523.751357 1.071886e+00 2.189016e+00 -1.464267e+00 -3.094375e-01 1.271490e+00 -1.091882e+00 -3.094349e-01
2454523.756826 1.413058e+00 2.189046e+00 -1.464224e+00 -3.094334e-01 1.271483e+00 -1.091926e+00 -3.094308e-01
2454523.762276 1.175361e+00 2.189076e+00 -1.464180e+00 -3.094293e-01 1.271476e+00 -1.091970e+00 -3.094268e-01
2454528.658163 1.207606e+00 2.215486e+00 -1.424965e+00 -3.057062e-01 1.268236e+00 -1.132385e+00 -3.057037e-01
2454528.664732 1.207655e+00 2.215521e+00 -1.424912e+00 -3.057011e-01 1.268236e+00 -1.132441e+00 -3.056986e-01
2454528.671282 1.207704e+00 2.215556e+00 -1.424859e+00 -3.056960e-01 1.268236e+00 -1.132496e+00 -3.056935e-01
2454528.677812 1.207753e+00 2.215591e+00 -1.424806e+00 -3.056910e-01 1.268235e+00 -1.132551e+00 -3.056885e-01
2454535.777747 1.056576e+00 2.252385e+00 -1.366976e+00 -3.000849e-01 1.274353e+00 -1.193831e+00 -3.000826e-01
2454535.784466 1.158574e+00 2.252419e+00 -1.366920e+00 -3.000795e-01 1.274365e+00 -1.193890e+00 -3.000772e-01
2454535.791166 9.637110e-01 2.252453e+00 -1.366865e+00 -3.000741e-01 1.274377e+00 -1.193949e+00 -3.000718e-01
2454535.797936 9.637628e-01 2.252487e+00 -1.366810e+00 -3.000686e-01 1.274389e+00 -1.194009e+00 -3.000663e-01
2454581.693151 6.195900e-01 2.445602e+00 -9.686651e-01 -2.582398e-01 1.623861e+00 -1.549194e+00 -2.582391e-01
2454581.699541 9.820527e-01 2.445623e+00 -9.686071e-01 -2.582334e-01 1.623944e+00 -1.549226e+00 -2.582327e-01
2454581.705981 7.450156e-01 2.445645e+00 -9.685486e-01 -2.582269e-01 1.624027e+00 -1.549258e+00 -2.582262e-01
2454581.712410 5.154613e-01 2.445666e+00 -9.684902e-01 -2.582203e-01 1.624111e+00 -1.549291e+00 -2.582197e-01
2454592.644543 6.352772e-01 2.479745e+00 -8.683311e-01 -2.469193e-01 1.777269e+00 -1.592496e+00 -2.469191e-01
2454592.656582 8.375633e-01 2.479780e+00 -8.682198e-01 -2.469066e-01 1.777449e+00 -1.592530e+00 -2.469064e-01
2454592.662592 5.794885e-01 2.479798e+00 -8.681643e-01 -2.469002e-01 1.777539e+00 -1.592546e+00 -2.469000e-01
1 0.5
2 0.5
