17.208208 0.5 100 1 period_start period_step period_end fixed/free
0.0				initial epoch
0.0				initial rotation angle      
0.1				convexity weight      
3 3				degree and order of spherical harmonics      
6				number of rows        
0.5	1			scattering parameters
0.1	1
-0.5	1     
0.1	0			LS coeff                 
50				iteration stop condidion
10				minimum number of iterations (only if the above value < 1)
5				Alamda multiplicative factor
0.1				Alamda initial value
1
118  1
2454040.674376  3.452391e-01 -2.372440e+00 -1.445130e+00 -4.282030e-02 -1.595920e+00 -8.269000e-01 -4.283380e-02
2455881.941146  2.674730e-01 -9.485660e-01 -2.636150e+00  2.744480e-02 -3.612340e-01 -1.840520e+00  2.741840e-02
2454040.694196  3.452391e-01 -2.372340e+00 -1.445300e+00 -4.281340e-02 -1.596030e+00 -8.268100e-01 -4.282680e-02
2453086.793161  4.395821e-01  2.722970e+00 -5.709420e-03  8.472130e-02  1.726980e+00 -3.982470e-02  8.472560e-02
2455912.689247  5.341706e-01 -6.499370e-01 -2.726250e+00  3.867600e-02 -5.593700e-01 -1.746300e+00  3.864640e-02
2453082.872935  4.849757e-01  2.723390e+00 -4.666860e-02  8.560880e-02  1.728490e+00 -1.307100e-02  8.561390e-02
2451692.742786  3.614432e-01  1.405650e+00  2.281130e+00 -4.738540e-03  1.013300e+00  1.346660e+00 -4.729930e-03
2454040.694196  3.452391e-01 -2.372340e+00 -1.445300e+00 -4.281340e-02 -1.596030e+00 -8.268100e-01 -4.282680e-02
2454476.785891  3.266781e-01  1.499350e+00 -2.338160e+00  9.662340e-02  1.157820e+00 -1.415970e+00  9.660590e-02
2451692.742786  3.614432e-01  1.405650e+00  2.281130e+00 -4.738540e-03  1.013300e+00  1.346660e+00 -4.729930e-03
2455895.738549  5.322553e-01 -8.158300e-01 -2.680800e+00  3.253610e-02 -4.385360e-01 -1.769500e+00  3.250260e-02
2454942.840840  2.773576e-01  1.923530e+00  1.882440e+00  1.948020e-02  1.064330e+00  1.361110e+00  1.949600e-02
2454484.775976  2.951753e-01  1.566890e+00 -2.291910e+00  9.773280e-02  1.098030e+00 -1.427000e+00  9.771400e-02
2454024.706756  3.128672e-01 -2.451080e+00 -1.301690e+00 -4.833320e-02 -1.530820e+00 -9.182790e-01 -4.834560e-02
2454475.899567  3.703054e-01  1.491780e+00 -2.343160e+00  9.649510e-02  1.164840e+00 -1.415730e+00  9.647800e-02
2454475.899567  3.703054e-01  1.491780e+00 -2.343160e+00  9.649510e-02  1.164840e+00 -1.415730e+00  9.647800e-02
2450746.855625  3.110857e-01 -2.269400e+00 -1.612820e+00 -3.641650e-02 -1.426340e+00 -1.085660e+00 -3.641450e-02
2454981.773169  3.326596e-01  1.611450e+00  2.150420e+00  4.045030e-03  1.246190e+00  1.204730e+00  4.071890e-03
2454024.696826  5.436508e-01 -2.451130e+00 -1.301600e+00 -4.833660e-02 -1.530800e+00 -9.183450e-01 -4.834900e-02
2454942.858521  2.773320e-01  1.923400e+00  1.882570e+00  1.947330e-02  1.064350e+00  1.360980e+00  1.948910e-02
2454036.775092  3.794548e-01 -2.392430e+00 -1.410550e+00 -4.418130e-02 -1.574830e+00 -8.459220e-01 -4.419200e-02
2454476.785891  3.266781e-01  1.499350e+00 -2.338160e+00  9.662340e-02  1.157820e+00 -1.415970e+00  9.660590e-02
2453084.860931  5.314715e-01  2.723260e+00 -2.589840e-02  8.516120e-02  1.727230e+00 -2.663860e-02  8.516600e-02
2455912.689247  5.341706e-01 -6.499370e-01 -2.726250e+00  3.867600e-02 -5.593700e-01 -1.746300e+00  3.864640e-02
2454938.838922  2.566847e-01  1.953220e+00  1.852330e+00  2.104730e-02  1.061480e+00  1.391310e+00  2.106420e-02
2454029.733440  5.573911e-01 -2.427250e+00 -1.347360e+00 -4.661520e-02 -1.545070e+00 -8.859600e-01 -4.662590e-02
2455895.774140  3.358304e-01 -8.154850e-01 -2.680900e+00  3.254920e-02 -4.387670e-01 -1.769380e+00  3.251560e-02
2454036.665524  3.463538e-01 -2.392980e+00 -1.409570e+00 -4.421940e-02 -1.574280e+00 -8.464910e-01 -4.423000e-02
2454036.775092  3.794548e-01 -2.392430e+00 -1.410550e+00 -4.418130e-02 -1.574830e+00 -8.459220e-01 -4.419200e-02
2454028.749019  4.580997e-01 -2.431980e+00 -1.338460e+00 -4.695300e-02 -1.541810e+00 -8.920700e-01 -4.696400e-02
2454484.775976  2.951753e-01  1.566890e+00 -2.291910e+00  9.773280e-02  1.098030e+00 -1.427000e+00  9.771400e-02
2453084.849781  4.031995e-01  2.723260e+00 -2.601490e-02  8.516370e-02  1.727230e+00 -2.656250e-02  8.516850e-02
2454024.706756  3.128672e-01 -2.451080e+00 -1.301690e+00 -4.833320e-02 -1.530820e+00 -9.182790e-01 -4.834560e-02
2454040.694196  3.452391e-01 -2.372340e+00 -1.445300e+00 -4.281340e-02 -1.596030e+00 -8.268100e-01 -4.282680e-02
2454942.823180  2.773576e-01  1.923660e+00  1.882310e+00  1.948710e-02  1.064310e+00  1.361240e+00  1.950300e-02
2454495.762527  2.955017e-01  1.657480e+00 -2.225030e+00  9.911760e-02  1.029200e+00 -1.466430e+00  9.910660e-02
2453086.793161  4.395821e-01  2.722970e+00 -5.709420e-03  8.472130e-02  1.726980e+00 -3.982470e-02  8.472560e-02
2454981.756530  3.647204e-01  1.611590e+00  2.150320e+00  4.051670e-03  1.246070e+00  1.204730e+00  4.078520e-03
2454942.840840  2.773576e-01  1.923530e+00  1.882440e+00  1.948020e-02  1.064330e+00  1.361110e+00  1.949600e-02
2454050.612773  2.226999e-01 -2.319260e+00 -1.531870e+00 -3.931160e-02 -1.663020e+00 -7.904390e-01 -3.933000e-02
2454036.675483  3.463538e-01 -2.392930e+00 -1.409660e+00 -4.421590e-02 -1.574330e+00 -8.464400e-01 -4.422660e-02
2454057.567178  3.036127e-01 -2.280160e+00 -1.591330e+00 -3.682420e-02 -1.720070e+00 -7.766650e-01 -3.684010e-02
2454052.693041  2.574424e-01 -2.307720e+00 -1.549760e+00 -3.857020e-02 -1.679290e+00 -7.852310e-01 -3.858810e-02
2454942.858521  2.773320e-01  1.923400e+00  1.882570e+00  1.947330e-02  1.064350e+00  1.360980e+00  1.948910e-02
2454003.931861  2.714688e-01 -2.540420e+00 -1.108290e+00 -5.524750e-02 -1.538260e+00 -1.070760e+00 -5.525090e-02
2455920.670992  4.615726e-01 -5.709130e-01 -2.744010e+00  4.151700e-02 -6.197960e-01 -1.761620e+00  4.148360e-02
2455912.689247  5.341706e-01 -6.499370e-01 -2.726250e+00  3.867600e-02 -5.593700e-01 -1.746300e+00  3.864640e-02
2450746.855625  3.110857e-01 -2.269400e+00 -1.612820e+00 -3.641650e-02 -1.426340e+00 -1.085660e+00 -3.641450e-02
2454024.696826  5.436508e-01 -2.451130e+00 -1.301600e+00 -4.833660e-02 -1.530800e+00 -9.183450e-01 -4.834900e-02
2455920.685951  4.616151e-01 -5.707650e-01 -2.744040e+00  4.152230e-02 -6.199090e-01 -1.761660e+00  4.148890e-02
2453082.872935  4.849757e-01  2.723390e+00 -4.666860e-02  8.560880e-02  1.728490e+00 -1.307100e-02  8.561390e-02
2454024.706756  3.128672e-01 -2.451080e+00 -1.301690e+00 -4.833320e-02 -1.530820e+00 -9.182790e-01 -4.834560e-02
2453084.872721  4.847078e-01  2.723250e+00 -2.577520e-02  8.515850e-02  1.727220e+00 -2.671910e-02  8.516330e-02
2454475.899567  3.703054e-01  1.491780e+00 -2.343160e+00  9.649510e-02  1.164840e+00 -1.415730e+00  9.647800e-02
2454938.856623  2.566611e-01  1.953090e+00  1.852460e+00  2.104040e-02  1.061480e+00  1.391170e+00  2.105730e-02
2454484.812476  3.891168e-01  1.567190e+00 -2.291700e+00  9.773770e-02  1.097780e+00 -1.427080e+00  9.771890e-02
2453084.736441  4.261083e-01  2.723270e+00 -2.719910e-02  8.518930e-02  1.727280e+00 -2.578860e-02  8.519420e-02
2454981.773169  3.326596e-01  1.611450e+00  2.150420e+00  4.045030e-03  1.246190e+00  1.204730e+00  4.071890e-03
2455895.774140  3.358304e-01 -8.154850e-01 -2.680900e+00  3.254920e-02 -4.387670e-01 -1.769380e+00  3.251560e-02
2455920.678482  3.839547e-01 -5.708390e-01 -2.744030e+00  4.151960e-02 -6.198520e-01 -1.761640e+00  4.148620e-02
2450746.833715  4.100530e-01 -2.269530e+00 -1.612630e+00 -3.642440e-02 -1.426260e+00 -1.085800e+00 -3.642240e-02
2454507.749261  2.745112e-01  1.753170e+00 -2.147840e+00  1.004400e-01  9.777260e-01 -1.537370e+00  1.004270e-01
2454495.749447  3.895471e-01  1.657380e+00 -2.225120e+00  9.911600e-02  1.029270e+00 -1.466370e+00  9.910500e-02
2454050.612773  2.226999e-01 -2.319260e+00 -1.531870e+00 -3.931160e-02 -1.663020e+00 -7.904390e-01 -3.933000e-02
2454036.756213  3.460669e-01 -2.392520e+00 -1.410380e+00 -4.418780e-02 -1.574730e+00 -8.460200e-01 -4.419850e-02
2454028.684938  3.809255e-01 -2.432290e+00 -1.337880e+00 -4.697490e-02 -1.541610e+00 -8.924720e-01 -4.698600e-02
2453084.838531  5.828006e-01  2.723260e+00 -2.613240e-02  8.516620e-02  1.727240e+00 -2.648570e-02  8.517110e-02
2454495.749447  3.895471e-01  1.657380e+00 -2.225120e+00  9.911600e-02  1.029270e+00 -1.466370e+00  9.910500e-02
2455920.670992  4.615726e-01 -5.709130e-01 -2.744010e+00  4.151700e-02 -6.197960e-01 -1.761620e+00  4.148360e-02
2455920.685951  4.616151e-01 -5.707650e-01 -2.744040e+00  4.152230e-02 -6.199090e-01 -1.761660e+00  4.148890e-02
2454981.781469  3.033891e-01  1.611380e+00  2.150480e+00  4.041710e-03  1.246250e+00  1.204730e+00  4.068580e-03
2454059.602668  3.080350e-01 -2.268430e+00 -1.608540e+00 -3.609150e-02 -1.738130e+00 -7.746700e-01 -3.610680e-02
2455912.689247  5.341706e-01 -6.499370e-01 -2.726250e+00  3.867600e-02 -5.593700e-01 -1.746300e+00  3.864640e-02
2454507.749261  2.745112e-01  1.753170e+00 -2.147840e+00  1.004400e-01  9.777260e-01 -1.537370e+00  1.004270e-01
2454036.675483  3.463538e-01 -2.392930e+00 -1.409660e+00 -4.421590e-02 -1.574330e+00 -8.464400e-01 -4.422660e-02
2454476.785891  3.266781e-01  1.499350e+00 -2.338160e+00  9.662340e-02  1.157820e+00 -1.415970e+00  9.660590e-02
2455891.721883  2.785865e-01 -8.547020e-01 -2.668500e+00  3.106200e-02 -4.134030e-01 -1.785630e+00  3.103140e-02
2454507.749261  2.745112e-01  1.753170e+00 -2.147840e+00  1.004400e-01  9.777260e-01 -1.537370e+00  1.004270e-01
2454036.675483  3.463538e-01 -2.392930e+00 -1.409660e+00 -4.421590e-02 -1.574330e+00 -8.464400e-01 -4.422660e-02
2454495.755967  2.955017e-01  1.657430e+00 -2.225080e+00  9.911680e-02  1.029240e+00 -1.466400e+00  9.910580e-02
2453084.838531  5.828006e-01  2.723260e+00 -2.613240e-02  8.516620e-02  1.727240e+00 -2.648570e-02  8.517110e-02
2453084.838531  5.828006e-01  2.723260e+00 -2.613240e-02  8.516620e-02  1.727240e+00 -2.648570e-02  8.517110e-02
2454024.716686  3.761491e-01 -2.451040e+00 -1.301780e+00 -4.832990e-02 -1.530850e+00 -9.182120e-01 -4.834230e-02
2455881.950336  3.525657e-01 -9.484780e-01 -2.636180e+00  2.744820e-02 -3.612760e-01 -1.840460e+00  2.742180e-02
2454003.949171  2.714438e-01 -2.540350e+00 -1.108450e+00 -5.524190e-02 -1.538210e+00 -1.070630e+00 -5.524530e-02
2455920.693431  4.210367e-01 -5.706900e-01 -2.744060e+00  4.152490e-02 -6.199650e-01 -1.761680e+00  4.149150e-02
2450746.833715  4.100530e-01 -2.269530e+00 -1.612630e+00 -3.642440e-02 -1.426260e+00 -1.085800e+00 -3.642240e-02
2454036.685443  3.797345e-01 -2.392880e+00 -1.409750e+00 -4.421240e-02 -1.574380e+00 -8.463880e-01 -4.422310e-02
2454480.815157  3.892961e-01  1.533580e+00 -2.315090e+00  9.719360e-02  1.126820e+00 -1.419570e+00  9.717440e-02
2454028.684938  3.809255e-01 -2.432290e+00 -1.337880e+00 -4.697490e-02 -1.541610e+00 -8.924720e-01 -4.698600e-02
2455912.689247  5.341706e-01 -6.499370e-01 -2.726250e+00  3.867600e-02 -5.593700e-01 -1.746300e+00  3.864640e-02
2455920.678482  3.839547e-01 -5.708390e-01 -2.744030e+00  4.151960e-02 -6.198520e-01 -1.761640e+00  4.148620e-02
2453079.827162  6.179026e-01  2.723290e+00 -7.848450e-02  8.628510e-02  1.732420e+00  7.621460e-03  8.628930e-02
2454024.716686  3.761491e-01 -2.451040e+00 -1.301780e+00 -4.832990e-02 -1.530850e+00 -9.182120e-01 -4.834230e-02
2453079.813482  2.697243e-01  2.723290e+00 -7.862740e-02  8.628810e-02  1.732450e+00  7.713960e-03  8.629230e-02
2453084.883841  3.058299e-01  2.723250e+00 -2.565900e-02  8.515600e-02  1.727220e+00 -2.679500e-02  8.516080e-02
2452159.701471  4.422624e-01 -2.617390e+00  7.838730e-01 -9.817780e-02 -1.645700e+00  5.169770e-01 -9.817490e-02
2454981.781469  3.033891e-01  1.611380e+00  2.150480e+00  4.041710e-03  1.246250e+00  1.204730e+00  4.068580e-03
2454484.775976  2.951753e-01  1.566890e+00 -2.291910e+00  9.773280e-02  1.098030e+00 -1.427000e+00  9.771400e-02
2454476.785891  3.266781e-01  1.499350e+00 -2.338160e+00  9.662340e-02  1.157820e+00 -1.415970e+00  9.660590e-02
2454495.742917  5.135231e-01  1.657320e+00 -2.225160e+00  9.911520e-02  1.029310e+00 -1.466330e+00  9.910430e-02
2455881.932006  4.648149e-01 -9.486530e-01 -2.636120e+00  2.744140e-02 -3.611920e-01 -1.840580e+00  2.741500e-02
2454495.742917  5.135231e-01  1.657320e+00 -2.225160e+00  9.911520e-02  1.029310e+00 -1.466330e+00  9.910430e-02
2454059.602668  3.080350e-01 -2.268430e+00 -1.608540e+00 -3.609150e-02 -1.738130e+00 -7.746700e-01 -3.610680e-02
2454942.840840  2.773576e-01  1.923530e+00  1.882440e+00  1.948020e-02  1.064330e+00  1.361110e+00  1.949600e-02
2451692.742786  3.614432e-01  1.405650e+00  2.281130e+00 -4.738540e-03  1.013300e+00  1.346660e+00 -4.729930e-03
2455895.756350  4.037569e-01 -8.156580e-01 -2.680850e+00  3.254270e-02 -4.386520e-01 -1.769440e+00  3.250910e-02
2453084.860931  5.314715e-01  2.723260e+00 -2.589840e-02  8.516120e-02  1.727230e+00 -2.663860e-02  8.516600e-02
2455912.689247  5.341706e-01 -6.499370e-01 -2.726250e+00  3.867600e-02 -5.593700e-01 -1.746300e+00  3.864640e-02
2454003.914500  2.976871e-01 -2.540490e+00 -1.108120e+00 -5.525310e-02 -1.538310e+00 -1.070890e+00 -5.525660e-02
2454029.733440  5.573911e-01 -2.427250e+00 -1.347360e+00 -4.661520e-02 -1.545070e+00 -8.859600e-01 -4.662590e-02
2454475.893067  3.703054e-01  1.491720e+00 -2.343200e+00  9.649410e-02  1.164890e+00 -1.415730e+00  9.647700e-02
2455912.681637  3.073831e-01 -6.500120e-01 -2.726230e+00  3.867330e-02 -5.593120e-01 -1.746290e+00  3.864370e-02
2450746.877325  3.740417e-01 -2.269270e+00 -1.613000e+00 -3.640870e-02 -1.426420e+00 -1.085530e+00 -3.640670e-02
2454029.742050  6.701314e-01 -2.427200e+00 -1.347440e+00 -4.661230e-02 -1.545100e+00 -8.859070e-01 -4.662290e-02
2454028.684938  3.809255e-01 -2.432290e+00 -1.337880e+00 -4.697490e-02 -1.541610e+00 -8.924720e-01 -4.698600e-02
2455895.756350  4.037569e-01 -8.156580e-01 -2.680850e+00  3.254270e-02 -4.386520e-01 -1.769440e+00  3.250910e-02
2455891.721883  2.785865e-01 -8.547020e-01 -2.668500e+00  3.106200e-02 -4.134030e-01 -1.785630e+00  3.103140e-02
1 1